rank,ID,Model,ModelParameters,TransformationParameters,Ensemble,Runs,smape,mae,rmse,made,mage,custom,underestimate,mle,overestimate,imle,spl,containment,contour,maxe,oda,dwae,mqae,ewmae,uwmse,smoothness,mate,wasserstein,dwd,matse,smape_weighted,mae_weighted,rmse_weighted,made_weighted,mage_weighted,custom_weighted,mle_weighted,imle_weighted,spl_weighted,maxe_weighted,oda_weighted,dwae_weighted,mqae_weighted,ewmae_weighted,uwmse_weighted,smoothness_weighted,mate_weighted,wasserstein_weighted,dwd_weighted,matse_weighted,containment_weighted,contour_weighted,TotalRuntimeSeconds,Score,lowest_series_mape,lowest_series_mape_name,highest_series_mape,highest_series_mape_name
0,be3ce8c31aa7d2fb0b7203eeefcc49ec,FBProphet,"{""holiday"": false, ""regression_type"": null, ""growth"": ""linear"", ""seasonality_mode"": ""multiplicative"", ""changepoint_prior_scale"": 0.05, ""n_changepoints"": 25, ""changepoint_range"": 0.8, ""changepoint_spacing"": null, ""changepoint_distance_end"": 180, ""seasonality_prior_scale"": 20, ""yearly_seasonality_prior_scale"": null, ""yearly_seasonality_order"": null, ""weekly_seasonality_prior_scale"": null, ""holidays_prior_scale"": 10.0, ""trend_phi"": null}","{""fillna"": ""rolling_mean"", ""transformations"": {""0"": ""StandardScaler"", ""1"": ""PctChangeTransformer"", ""2"": ""HPFilter"", ""3"": ""Round""}, ""transformation_params"": {""0"": {}, ""1"": {}, ""2"": {""part"": ""trend"", ""lamb"": 6.25}, ""3"": {""decimals"": 0, ""on_transform"": true, ""on_inverse"": false}}}",0,1,173.73891340284462,6.495759193266995e+44,5.68521344470301e+45,4.354531928627433e+44,6.495759193266995e+44,0.0,0.0,40.26965448511376,7.794911031920394e+46,6.495759193266995e+44,7.993670270656636e+91,0.4,0.49166666666666664,6.074945770308826e+46,0.016666666666666666,5.2727470131759035e+45,8.438166462228231e+33,6.460403012030744e+45,9.53675947317104e+92,102.69485634472092,7.794911031920394e+46,7.183584968982671e+44,5.587406086027008e+44,9.948619645960334e+43,173.73891340284462,6.495759193266995e+44,5.68521344470301e+45,4.354531928627433e+44,6.495759193266995e+44,0.0,40.26965448511376,6.495759193266995e+44,7.993670270656636e+91,6.074945770308826e+46,0.016666666666666666,5.2727470131759035e+45,8.438166462228231e+33,6.460403012030744e+45,9.53675947317104e+92,102.69485634472092,7.794911031920394e+46,7.183584968982671e+44,5.587406086027008e+44,9.948619645960334e+43,0.4,0.49166666666666664,0.536,1.1423514062427716e+93,9.226798980448196e+45,Wh,9.226798980448196e+45,Wh
1,087922696a338b78e543ebecd5445c1f,FBProphet,"{""holiday"": false, ""regression_type"": null, ""growth"": ""linear"", ""seasonality_mode"": ""additive"", ""changepoint_prior_scale"": 50, ""n_changepoints"": 25, ""changepoint_range"": 0.8, ""changepoint_spacing"": null, ""changepoint_distance_end"": 20, ""seasonality_prior_scale"": 10.0, ""yearly_seasonality_prior_scale"": null, ""yearly_seasonality_order"": 6, ""weekly_seasonality_prior_scale"": null, ""holidays_prior_scale"": 10.0, ""trend_phi"": 0.999}","{""fillna"": ""cubic"", ""transformations"": {""0"": ""Log""}, ""transformation_params"": {""0"": {}}}",0,1,60.417847097382186,2.8529664127575605,3.0729603304195447,0.5256959514774816,2.8529664127575605,0.0,-341.7613480485968,2.8523787842433888,0.5946214823104752,1.2884153825346023,1.5944170263467733e+23,0.9833333333333333,0.48333333333333334,4.768220759383715,0.9833333333333333,1.9034815029199343,2.5831574795152723,13.287531788135471,15.821831318703513,0.28207820550084367,341.16672656628634,120.29014375671002,16.846260874415318,0.4354299856106422,60.417847097382186,2.8529664127575605,3.0729603304195447,0.5256959514774816,2.8529664127575605,0.0,2.8523787842433888,1.2884153825346023,1.5944170263467733e+23,4.768220759383715,0.9833333333333333,1.9034815029199343,2.5831574795152723,13.287531788135471,15.821831318703513,0.28207820550084367,341.16672656628634,120.29014375671002,16.846260874415318,0.4354299856106422,0.9833333333333333,0.48333333333333334,0.9368,2.2785334777575687e+24,40.52451269401979,Wh,40.52451269401979,Wh
2,c942579811915c2d8930e6ae07f3a130,FBProphet,"{""holiday"": false, ""regression_type"": null, ""growth"": ""linear"", ""seasonality_mode"": ""multiplicative"", ""changepoint_prior_scale"": 0.05, ""n_changepoints"": 25, ""changepoint_range"": 0.8, ""changepoint_spacing"": null, ""changepoint_distance_end"": null, ""seasonality_prior_scale"": 10.0, ""yearly_seasonality_prior_scale"": null, ""yearly_seasonality_order"": 2, ""weekly_seasonality_prior_scale"": null, ""holidays_prior_scale"": 10.0, ""trend_phi"": null}","{""fillna"": ""ffill"", ""transformations"": {""0"": ""bkfilter"", ""1"": ""PctChangeTransformer""}, ""transformation_params"": {""0"": {}, ""1"": {}}}",0,1,163.21553436291336,11157.26507066092,29060.64899775736,1573.3041071485911,11157.26507066092,0.0,0.0,6.142516673492499,1338871.8084793105,11157.26507066092,321261678502989.7,1.0,0.5083333333333333,145310.09199528355,0.041666666666666664,26952.276516911243,1991.4836398035782,95197.69114571529,5490997943.181341,8.03586291980128,1338871.8084793105,96865.80413188071,15790.509176423175,1708.7977428753468,163.21553436291336,11157.26507066092,29060.64899775736,1573.3041071485911,11157.26507066092,0.0,6.142516673492499,11157.26507066092,321261678502989.7,145310.09199528355,0.041666666666666664,26952.276516911243,1991.4836398035782,95197.69114571529,5490997943.181341,8.03586291980128,1338871.8084793105,96865.80413188071,15790.509176423175,1708.7977428753468,1.0,0.5083333333333333,0.8891,4591054144028302.0,158481.6168759307,Wh,158481.6168759307,Wh
3,c1cb6fadc6af8de336917f4c97f9802c,DatepartRegression,"{""regression_model"": {""model"": ""RadiusNeighbors"", ""model_params"": {""radius"": 2.0, ""weights"": ""uniform"", ""algorithm"": ""auto"", ""leaf_size"": 20, ""p"": 2, ""metric"": ""minkowski""}}, ""datepart_method"": [""dayofweek"", 365.25], ""polynomial_degree"": null, ""holiday_countries_used"": false, ""lags"": null, ""forward_lags"": null, ""regression_type"": null}","{""fillna"": ""zero"", ""transformations"": {""0"": ""LevelShiftTransformer"", ""1"": ""Discretize"", ""2"": ""Detrend"", ""3"": ""DifferencedTransformer"", ""4"": ""Slice"", ""5"": ""Detrend""}, ""transformation_params"": {""0"": {""window_size"": 30, ""alpha"": 3.5, ""grouping_forward_limit"": 4, ""max_level_shifts"": 5, ""alignment"": ""rolling_diff"", ""output"": ""univariate"", ""remove_at_shift"": false, ""shift_remove_window"": 2, ""shift_fillna"": ""linear"", ""window_method"": ""exclusive""}, ""1"": {""discretization"": ""center"", ""n_bins"": 20}, ""2"": {""model"": ""GLS"", ""phi"": 1, ""window"": null, ""transform_dict"": {""fillna"": null, ""transformations"": {""0"": ""EWMAFilter""}, ""transformation_params"": {""0"": {""span"": 7}}}}, ""3"": {""lag"": 1, ""fill"": ""bfill""}, ""4"": {""method"": 0.5}, ""5"": {""model"": ""Linear"", ""phi"": 1, ""window"": null, ""transform_dict"": null}}}",0,1,181.88151770952814,2232476.6393717276,3839532.5111453664,83706.45731958991,2232476.6393717276,0.0,0.0,11.656117007446644,267897196.7246073,2232476.6393717276,1632168.7274658896,0.1,0.48333333333333334,11677760.50259134,0.025,3560951.6572051323,1100086.7779049417,16343239.649707513,46893131815852.84,8.146972755060332,267897196.7246073,37027386.501306124,1920264.3661603546,341916.322523506,181.88151770952814,2232476.6393717276,3839532.5111453664,83706.45731958991,2232476.6393717276,0.0,11.656117007446644,2232476.6393717276,1632168.7274658896,11677760.50259134,0.025,3560951.6572051323,1100086.7779049417,16343239.649707513,46893131815852.84,8.146972755060332,267897196.7246073,37027386.501306124,1920264.3661603546,341916.322523506,0.1,0.48333333333333334,0.2902,44965448.841208965,31710863.29890494,Wh,31710863.29890494,Wh
4,63bf591c47f8124947ed511d0338b59d,FBProphet,"{""holiday"": false, ""regression_type"": null, ""growth"": ""linear"", ""seasonality_mode"": ""additive"", ""changepoint_prior_scale"": 0.05, ""n_changepoints"": 25, ""changepoint_range"": 360, ""changepoint_spacing"": null, ""changepoint_distance_end"": null, ""seasonality_prior_scale"": 10.0, ""yearly_seasonality_prior_scale"": null, ""yearly_seasonality_order"": 12, ""weekly_seasonality_prior_scale"": 0.0001, ""holidays_prior_scale"": 0.1, ""trend_phi"": null}","{""fillna"": ""rolling_mean"", ""transformations"": {""0"": ""Log"", ""1"": ""DifferencedTransformer"", ""2"": ""HPFilter""}, ""transformation_params"": {""0"": {}, ""1"": {""lag"": 1, ""fill"": ""bfill""}, ""2"": {""part"": ""trend"", ""lamb"": 6.25}}}",0,1,185.61089312362458,6.125462219871091,6.25751741245331,0.48852305674644914,6.125462219871091,0.0,-735.0554663845309,6.125462219871091,0.0,1.9387645404056733,2396312.134679176,1.0,0.5083333333333333,8.351420402526855,0.9833333333333333,2.6737198985537804,5.8575657509787495,24.11551144014063,44.52325038147445,0.007124093083228592,735.0554663845309,312.8434075037539,24.361195649317967,0.9381489055869395,185.61089312362458,6.125462219871091,6.25751741245331,0.48852305674644914,6.125462219871091,0.0,6.125462219871091,1.9387645404056733,2396312.134679176,8.351420402526855,0.9833333333333333,2.6737198985537804,5.8575657509787495,24.11551144014063,44.52325038147445,0.007124093083228592,735.0554663845309,312.8434075037539,24.361195649317967,0.9381489055869395,1.0,0.5083333333333333,0.5717,34245149.72564175,87.00816468637441,Wh,87.00816468637441,Wh
5,30c4eff5a0d7a56f923543bf61894640,ARIMA,"{""p"": 4, ""d"": 2, ""q"": 2, ""regression_type"": ""Holiday""}","{""fillna"": ""cubic"", ""transformations"": {""0"": ""FFTDecomposition"", ""1"": ""MeanPercentSplitter"", ""2"": ""CointegrationTransformer"", ""3"": ""StandardScaler""}, ""transformation_params"": {""0"": {""n_harmonics"": 10, ""detrend"": null}, ""1"": {""window"": 24, ""min_mean_threshold"": 1e-06}, ""2"": {""n_components"": 3, ""max_components"": 5, ""shrinkage"": 0.0001, ""method"": ""cca"", ""min_periods"": 20}, ""3"": {}}}",0,1,170.33977639755304,188.68956748171033,234.3901686289085,46.20697695911296,188.68956748171033,0.0,-7.187950134277344,4.823016510024453,22635.560147670963,188.64719009373871,22825.14555341351,0.0,0.525,481.7080876689747,0.025,216.98512171007388,148.1134209487543,1074.5163036274682,96535.33697758852,4.693029777955152,22628.372197536686,5877.72448478916,2421.5616463825995,28.880517978799062,170.33977639755304,188.68956748171033,234.3901686289085,46.20697695911296,188.68956748171033,0.0,4.823016510024453,188.64719009373871,22825.14555341351,481.7080876689747,0.025,216.98512171007388,148.1134209487543,1074.5163036274682,96535.33697758852,4.693029777955152,22628.372197536686,5877.72448478916,2421.5616463825995,28.880517978799062,0.0,0.525,0.5464,327860.78050654015,2680.2112841037024,Wh,2680.2112841037024,Wh
6,fa4dcb5dba95f9772d82a51c18e9fa2f,FBProphet,"{""holiday"": true, ""regression_type"": null, ""growth"": ""linear"", ""seasonality_mode"": ""multiplicative"", ""changepoint_prior_scale"": 10, ""n_changepoints"": 25, ""changepoint_range"": 0.8, ""changepoint_spacing"": null, ""changepoint_distance_end"": 60, ""seasonality_prior_scale"": 10.0, ""yearly_seasonality_prior_scale"": 15, ""yearly_seasonality_order"": 30, ""weekly_seasonality_prior_scale"": 0.0001, ""holidays_prior_scale"": 15, ""trend_phi"": 0.95}","{""fillna"": ""ffill_mean_biased"", ""transformations"": {""0"": ""StandardScaler"", ""1"": ""bkfilter"", ""2"": ""HPFilter""}, ""transformation_params"": {""0"": {}, ""1"": {}, ""2"": {""part"": ""trend"", ""lamb"": 6.25}}}",0,1,197.97470155984215,3998.607095212898,6768.4133247941345,1467.921191918539,3998.607095212898,0.0,-432.7830161065312,7.507899892208674,479400.06840944116,3996.116397611361,4419.263523762086,0.0,0.48333333333333334,19183.192033938725,0.575,6262.635381227237,2223.7210914052785,16241.572410032817,63980358.5996688,7.232707614690288,478967.28539333463,193881.21336452515,80691.79438356284,611.3043915091964,197.97470155984215,3998.607095212898,6768.4133247941345,1467.921191918539,3998.607095212898,0.0,7.507899892208674,3996.116397611361,4419.263523762086,19183.192033938725,0.575,6262.635381227237,2223.7210914052785,16241.572410032817,63980358.5996688,7.232707614690288,478967.28539333463,193881.21336452515,80691.79438356284,611.3043915091964,0.0,0.48333333333333334,5.139,102291.02913937309,56797.58558101282,Wh,56797.58558101282,Wh
7,1629dd9aa0040269825551d3f25c18cf,ARIMA,"{""p"": 4, ""d"": 1, ""q"": 12, ""regression_type"": null}","{""fillna"": ""cubic"", ""transformations"": {""0"": ""ChangepointDetrend"", ""1"": ""SeasonalDifference"", ""2"": ""MeanPercentSplitter""}, ""transformation_params"": {""0"": {""model"": ""Linear"", ""changepoint_spacing"": 60, ""changepoint_distance_end"": 90, ""datepart_method"": null}, ""1"": {""lag_1"": 12, ""method"": ""Mean""}, ""2"": {""window"": 24, ""min_mean_threshold"": 0.01}}}",0,1,189.87978669872805,6.484012285871925,6.650638855936273,1.5910000654749885,6.484012285871925,0.0,-733.2669537444741,6.194546147382467,44.81452056015675,2.278729953381974,4776.818457981367,0.0,0.4666666666666667,15.897266736394187,0.9416666666666667,3.3120280711989887,6.1210551922550716,24.52549389237744,48.221926455879,1.3055140863758317,688.4524331843174,277.0831387060998,98.47148959172412,0.8786696055977052,189.87978669872805,6.484012285871925,6.650638855936273,1.5910000654749885,6.484012285871925,0.0,6.194546147382467,2.278729953381974,4776.818457981367,15.897266736394187,0.9416666666666667,3.3120280711989887,6.1210551922550716,24.52549389237744,48.221926455879,1.3055140863758317,688.4524331843174,277.0831387060998,98.47148959172412,0.8786696055977052,0.0,0.4666666666666667,9.4157,68442.55492649451,92.10113270594822,Wh,92.10113270594822,Wh
8,8ecab55c8ce638d0a233e6bd9a4c757e,ARIMA,"{""p"": 0, ""d"": 2, ""q"": 4, ""regression_type"": null}","{""fillna"": ""rolling_mean"", ""transformations"": {""0"": ""DifferencedTransformer"", ""1"": ""bkfilter"", ""2"": ""HPFilter""}, ""transformation_params"": {""0"": {""lag"": 1, ""fill"": ""one""}, ""1"": {}, ""2"": {""part"": ""trend"", ""lamb"": 6.25}}}",0,1,183.36381941930298,824.7094185580428,1082.9119741147542,16.83469797072136,824.7094185580428,0.0,0.0,6.040582485810101,98965.13022696514,824.7094185580428,469.47404649397237,0.925,0.49166666666666664,2348.584851550192,0.016666666666666666,1003.8033623299247,609.4344987963461,4999.6402974964185,2392533.8302588016,0.26240976291088275,98965.13022696514,22563.963207272845,677.2909053700528,126.30887444502947,183.36381941930298,824.7094185580428,1082.9119741147542,16.83469797072136,824.7094185580428,0.0,6.040582485810101,824.7094185580428,469.47404649397237,2348.584851550192,0.016666666666666666,1003.8033623299247,609.4344987963461,4999.6402974964185,2392533.8302588016,0.26240976291088275,98965.13022696514,22563.963207272845,677.2909053700528,126.30887444502947,0.925,0.49166666666666664,0.1705,13796.160929776896,11714.455225194806,Wh,11714.455225194806,Wh
9,0f4f9020d56d59dc96688100077e2d65,FBProphet,"{""holiday"": false, ""regression_type"": null, ""growth"": ""linear"", ""seasonality_mode"": ""multiplicative"", ""changepoint_prior_scale"": 0.001, ""n_changepoints"": 25, ""changepoint_range"": 0.8, ""changepoint_spacing"": null, ""changepoint_distance_end"": 50, ""seasonality_prior_scale"": 10.0, ""yearly_seasonality_prior_scale"": 25, ""yearly_seasonality_order"": 12, ""weekly_seasonality_prior_scale"": 0.01, ""holidays_prior_scale"": 10.0, ""trend_phi"": 0.99}","{""fillna"": ""cubic"", ""transformations"": {""0"": ""bkfilter"", ""1"": ""AlignLastValue""}, ""transformation_params"": {""0"": {}, ""1"": {""rows"": 1, ""lag"": 7, ""method"": ""additive"", ""strength"": 1.0, ""first_value_only"": false, ""threshold"": 10, ""threshold_method"": ""mean"", ""mean_type"": ""arithmetic""}}}",0,1,189.32419655356207,366.6005989695395,580.685204166255,42.225129652832415,366.6005989695395,0.0,-299.3223618472805,6.047515901604589,43692.74951449745,364.89036037520674,333.9118833232482,0.0,0.4666666666666667,1459.5506956488002,0.4,532.8310979002699,211.95062768699648,1121.4089523267517,290053.1331028232,2.8068039166538505,43393.427152650176,22646.370833996447,2500.0980557295234,55.38289020985108,189.32419655356207,366.6005989695395,580.685204166255,42.225129652832415,366.6005989695395,0.0,6.047515901604589,364.89036037520674,333.9118833232482,1459.5506956488002,0.4,532.8310979002699,211.95062768699648,1121.4089523267517,290053.1331028232,2.8068039166538505,43393.427152650176,22646.370833996447,2500.0980557295234,55.38289020985108,0.0,0.4666666666666667,1.4125,8357.42614187515,5207.320548935892,Wh,5207.320548935892,Wh
10,57f2accae5bbf7414850b2bf639eb349,FBProphet,"{""holiday"": true, ""regression_type"": null, ""growth"": ""linear"", ""seasonality_mode"": ""multiplicative"", ""changepoint_prior_scale"": 0.001, ""n_changepoints"": 25, ""changepoint_range"": 0.8, ""changepoint_spacing"": null, ""changepoint_distance_end"": null, ""seasonality_prior_scale"": 0.1, ""yearly_seasonality_prior_scale"": 25, ""yearly_seasonality_order"": 6, ""weekly_seasonality_prior_scale"": 0.0001, ""holidays_prior_scale"": 10.0, ""trend_phi"": 0.999}","{""fillna"": ""ffill_mean_biased"", ""transformations"": {""0"": ""bkfilter"", ""1"": ""AlignLastValue"", ""2"": ""AnomalyRemoval"", ""3"": ""AlignLastValue""}, ""transformation_params"": {""0"": {}, ""1"": {""rows"": 1, ""lag"": 7, ""method"": ""additive"", ""strength"": 1.0, ""first_value_only"": false, ""threshold"": 10, ""threshold_method"": ""mean"", ""mean_type"": ""arithmetic""}, ""2"": {""method"": ""rolling_zscore"", ""method_params"": {""distribution"": ""uniform"", ""alpha"": 0.05, ""rolling_periods"": 200, ""center"": true}, ""fillna"": ""rolling_mean_24"", ""transform_dict"": {""fillna"": ""ffill"", ""transformations"": {""0"": ""cffilter"", ""1"": ""ConvolutionFilter""}, ""transformation_params"": {""0"": {}, ""1"": {""weight"": [1.0, 0.5, 0.3333333333333333]}}}, ""isolated_only"": false, ""on_inverse"": false}, ""3"": {""rows"": 1, ""lag"": 2, ""method"": ""additive"", ""strength"": 1.0, ""first_value_only"": true, ""threshold"": 1, ""threshold_method"": ""mean"", ""mean_type"": ""arithmetic""}}}",0,1,173.22781914136792,115.26009575737868,173.917525598765,5.48192468563181,115.26009575737868,0.0,-247.16081990849878,5.034463138696682,13584.050670976943,113.86886856780372,99.16373273062851,0.0,0.49166666666666664,357.30046466406395,0.375,158.7612991953144,75.34579056930804,309.2514101907263,26092.470125741456,0.5433621203067818,13336.889851068445,7004.8364983909705,335.0054391350031,17.02182922229709,173.22781914136792,115.26009575737868,173.917525598765,5.48192468563181,115.26009575737868,0.0,5.034463138696682,113.86886856780372,99.16373273062851,357.30046466406395,0.375,158.7612991953144,75.34579056930804,309.2514101907263,26092.470125741456,0.5433621203067818,13336.889851068445,7004.8364983909705,335.0054391350031,17.02182922229709,0.0,0.49166666666666664,7.3413,2593.163815915768,1637.1939020197462,Wh,1637.1939020197462,Wh
11,d4d6b56fca55ed2e365c80aa21006ef1,FBProphet,"{""holiday"": true, ""regression_type"": null, ""growth"": ""linear"", ""seasonality_mode"": ""multiplicative"", ""changepoint_prior_scale"": 30, ""n_changepoints"": 25, ""changepoint_range"": 0.9, ""changepoint_spacing"": null, ""changepoint_distance_end"": null, ""seasonality_prior_scale"": 10.0, ""yearly_seasonality_prior_scale"": null, ""yearly_seasonality_order"": null, ""weekly_seasonality_prior_scale"": null, ""holidays_prior_scale"": 10.0, ""trend_phi"": 1}","{""fillna"": ""zero"", ""transformations"": {""0"": ""Slice""}, ""transformation_params"": {""0"": {""method"": 0.5}}}",0,1,57.70356055377361,5.87508103058286,7.03961529548135,1.5086415272409945,5.87508103058286,0.0,-8.344011217657105,1.7494726611726819,696.665712452286,5.851358668728549,110.27681282869267,1.0,0.5333333333333333,15.010240154440979,0.13333333333333333,6.657276435109262,4.761030775713212,31.283087161948778,78.37804885766563,0.9528746442937804,688.3217012346289,193.00888283939486,47.34222011977904,0.8785027528347038,57.70356055377361,5.87508103058286,7.03961529548135,1.5086415272409945,5.87508103058286,0.0,1.7494726611726819,5.851358668728549,110.27681282869267,15.010240154440979,0.13333333333333333,6.657276435109262,4.761030775713212,31.283087161948778,78.37804885766563,0.9528746442937804,688.3217012346289,193.00888283939486,47.34222011977904,0.8785027528347038,1.0,0.5333333333333333,0.8276,1662.9330943327298,83.45166446320935,Wh,83.45166446320935,Wh
12,db67957280e34bc07411dcd7c5ccd4e2,ARIMA,"{""p"": 0, ""d"": 0, ""q"": 7, ""regression_type"": ""Holiday""}","{""fillna"": ""cubic"", ""transformations"": {""0"": ""CointegrationTransformer"", ""1"": ""AlignLastValue"", ""2"": ""ScipyFilter"", ""3"": ""SeasonalDifference"", ""4"": ""DifferencedTransformer"", ""5"": ""CenterSplit""}, ""transformation_params"": {""0"": {""n_components"": 3, ""max_components"": 10, ""shrinkage"": 1e-06, ""method"": ""rrr"", ""min_periods"": 30}, ""1"": {""rows"": 1, ""lag"": 7, ""method"": ""additive"", ""strength"": 1.0, ""first_value_only"": false, ""threshold"": 10, ""threshold_method"": ""mean"", ""mean_type"": ""arithmetic""}, ""2"": {""method"": ""butter"", ""method_args"": {""N"": 4, ""btype"": ""highpass"", ""analog"": false, ""output"": ""sos"", ""Wn"": 0.5}}, ""3"": {""lag_1"": 7, ""method"": 2}, ""4"": {""lag"": 1, ""fill"": ""bfill""}, ""5"": {""fillna"": ""linear"", ""center"": ""zero""}}}",0,1,16.273791609501693,1.115337551370122,1.3034248254826755,0.6769860772002645,1.115337551370122,0.0,-7.638583382407342,0.7160348728958323,126.2019227820073,1.0997474086632186,109.48075727617528,0.03333333333333333,0.55,3.3279729256834667,0.8416666666666667,1.5100200169336842,0.9118217161012596,5.131839299573886,2.085983673288923,0.7772623455555719,118.56333939959995,38.26064922000527,2.726390800008259,0.1513220051917546,16.273791609501693,1.115337551370122,1.3034248254826755,0.6769860772002645,1.115337551370122,0.0,0.7160348728958323,1.0997474086632186,109.48075727617528,3.3279729256834667,0.8416666666666667,1.5100200169336842,0.9118217161012596,5.131839299573886,2.085983673288923,0.7772623455555719,118.56333939959995,38.26064922000527,2.726390800008259,0.1513220051917546,0.03333333333333333,0.55,1.5338,1584.673711550442,15.842636827584814,Wh,15.842636827584814,Wh
13,a690ee09e72241288520bc07b07b1f01,FBProphet,"{""holiday"": true, ""regression_type"": null, ""growth"": ""linear"", ""seasonality_mode"": ""multiplicative"", ""changepoint_prior_scale"": 0.001, ""n_changepoints"": 50, ""changepoint_range"": 60, ""changepoint_spacing"": null, ""changepoint_distance_end"": null, ""seasonality_prior_scale"": 0.1, ""yearly_seasonality_prior_scale"": 15, ""yearly_seasonality_order"": 12, ""weekly_seasonality_prior_scale"": null, ""holidays_prior_scale"": 10.0, ""trend_phi"": null}","{""fillna"": ""rolling_mean_24"", ""transformations"": {""0"": ""Detrend"", ""1"": ""AlignLastValue"", ""2"": ""AlignLastValue""}, ""transformation_params"": {""0"": {""model"": ""GLS"", ""phi"": 1, ""window"": null, ""transform_dict"": {""fillna"": null, ""transformations"": {""0"": ""AnomalyRemoval""}, ""transformation_params"": {""0"": {""method"": ""zscore"", ""transform_dict"": {""transformations"": {""0"": ""DatepartRegression""}, ""transformation_params"": {""0"": {""datepart_method"": ""simple_3"", ""regression_model"": {""model"": ""ElasticNet"", ""model_params"": {}}}}}, ""method_params"": {""distribution"": ""uniform"", ""alpha"": 0.05}}}}}, ""1"": {""rows"": 1, ""lag"": 7, ""method"": ""additive"", ""strength"": 1.0, ""first_value_only"": false, ""threshold"": 1, ""threshold_method"": ""max"", ""mean_type"": ""arithmetic""}, ""2"": {""rows"": 1, ""lag"": 1, ""method"": ""additive"", ""strength"": 0.9, ""first_value_only"": true, ""threshold"": 1, ""threshold_method"": ""max"", ""mean_type"": ""arithmetic""}}}",0,1,177.56828130602344,51.36196771689294,78.3264072903164,7.564530097659733,51.36196771689294,0.0,-362.4394965478479,5.2258875882148415,5800.996629479305,49.289776239091815,43.59528604355799,0.008333333333333333,0.4666666666666667,193.88675955708814,0.48333333333333334,70.71862776768039,32.07699065547991,152.163511589174,6689.682406218147,1.4151118287714213,5438.557132931457,3036.224269628674,423.2494234441189,6.941212813949171,177.56828130602344,51.36196771689294,78.3264072903164,7.564530097659733,51.36196771689294,0.0,5.2258875882148415,49.289776239091815,43.59528604355799,193.88675955708814,0.48333333333333334,70.71862776768039,32.07699065547991,152.163511589174,6689.682406218147,1.4151118287714213,5438.557132931457,3036.224269628674,423.2494234441189,6.941212813949171,0.008333333333333333,0.4666666666666667,0.9285,1218.1975445587427,729.5629921984425,Wh,729.5629921984425,Wh
14,80bc06bc769edd07b4bc7b84976d52f3,FBProphet,"{""holiday"": true, ""regression_type"": null, ""growth"": ""linear"", ""seasonality_mode"": ""multiplicative"", ""changepoint_prior_scale"": 0.5, ""n_changepoints"": 25, ""changepoint_range"": 360, ""changepoint_spacing"": null, ""changepoint_distance_end"": null, ""seasonality_prior_scale"": 10.0, ""yearly_seasonality_prior_scale"": 0.1, ""yearly_seasonality_order"": 12, ""weekly_seasonality_prior_scale"": 0.0001, ""holidays_prior_scale"": 0.1, ""trend_phi"": 0.999}","{""fillna"": ""rolling_mean"", ""transformations"": {""0"": ""bkfilter"", ""1"": ""PositiveShift"", ""2"": ""HPFilter""}, ""transformation_params"": {""0"": {}, ""1"": {}, ""2"": {""part"": ""trend"", ""lamb"": 6.25}}}",0,1,151.96057769887375,50.58651521817687,53.88945637787279,1.805966867796096,50.58651521817687,0.0,0.0,3.8184377094409587,6070.381826181225,50.58651521817687,44.234143476320966,0.0,0.48333333333333334,84.19579164464125,0.016666666666666666,49.685677038815875,46.23997051964995,229.65989620586714,4276.826578281667,0.2990855242470457,6070.381826181225,2235.413524039206,81.18871432682582,7.7476086188951205,151.96057769887375,50.58651521817687,53.88945637787279,1.805966867796096,50.58651521817687,0.0,3.8184377094409587,50.58651521817687,44.234143476320966,84.19579164464125,0.016666666666666666,49.685677038815875,46.23997051964995,229.65989620586714,4276.826578281667,0.2990855242470457,6070.381826181225,2235.413524039206,81.18871432682582,7.7476086188951205,0.0,0.48333333333333334,0.9757,1125.943131844329,718.5481991439898,Wh,718.5481991439898,Wh
15,4c906128bbc059043cdbd8de46563f50,FBProphet,"{""holiday"": true, ""regression_type"": null, ""growth"": ""linear"", ""seasonality_mode"": ""additive"", ""changepoint_prior_scale"": 0.05, ""n_changepoints"": 25, ""changepoint_range"": 0.98, ""changepoint_spacing"": null, ""changepoint_distance_end"": null, ""seasonality_prior_scale"": 0.1, ""yearly_seasonality_prior_scale"": null, ""yearly_seasonality_order"": null, ""weekly_seasonality_prior_scale"": null, ""holidays_prior_scale"": 10.0, ""trend_phi"": null}","{""fillna"": ""ffill"", ""transformations"": {""0"": ""Slice"", ""1"": ""Log"", ""2"": ""MeanPercentSplitter"", ""3"": ""Round""}, ""transformation_params"": {""0"": {""method"": 0.2}, ""1"": {}, ""2"": {""window"": 24, ""min_mean_threshold"": 1e-10}, ""3"": {""decimals"": 0, ""on_transform"": false, ""on_inverse"": true}}}",0,1,19.472967518150746,1.1197018790199196,1.4816265677594371,0.8236054424106013,1.1197018790199196,0.0,-31.569807281640898,0.8153584930374408,102.79441820074943,0.9799207372847066,61.26591057928931,0.825,0.525,5.627669811248779,0.9833333333333333,1.405772846676172,0.8162374080912549,5.662128036541405,9.50258605952833,0.6514166738638093,71.22461091910854,28.491710130145048,24.324264333680812,0.09090373970453812,19.472967518150746,1.1197018790199196,1.4816265677594371,0.8236054424106013,1.1197018790199196,0.0,0.8153584930374408,0.9799207372847066,61.26591057928931,5.627669811248779,0.9833333333333333,1.405772846676172,0.8162374080912549,5.662128036541405,9.50258605952833,0.6514166738638093,71.22461091910854,28.491710130145048,24.324264333680812,0.09090373970453812,0.825,0.525,1.147,898.3884674437442,15.90462923326271,Wh,15.90462923326271,Wh
16,e5aa556f963e176c7305ca0ecca23e32,ARIMA,"{""p"": 4, ""d"": 0, ""q"": 0, ""regression_type"": ""Holiday""}","{""fillna"": ""cubic"", ""transformations"": {""0"": ""MeanDifference"", ""1"": ""bkfilter"", ""2"": ""AnomalyRemoval"", ""3"": ""StandardScaler""}, ""transformation_params"": {""0"": {}, ""1"": {}, ""2"": {""method"": ""rolling_zscore"", ""method_params"": {""distribution"": ""uniform"", ""alpha"": 0.05, ""rolling_periods"": 200, ""center"": true}, ""fillna"": ""rolling_mean_24"", ""transform_dict"": {""fillna"": ""ffill"", ""transformations"": {""0"": ""cffilter"", ""1"": ""ConvolutionFilter""}, ""transformation_params"": {""0"": {}, ""1"": {""weight"": [1.0, 0.5, 0.3333333333333333]}}}, ""isolated_only"": false, ""on_inverse"": false}, ""3"": {}}}",0,1,141.24972489911323,40.262037108057754,44.31774115189055,0.6713480576270623,40.262037108057754,0.0,0.0,3.555373535516762,4831.444452966931,40.262037108057754,28.23284311422512,1.0,0.5083333333333333,68.47155638724503,0.016666666666666666,40.9982356189933,35.88826376321015,200.98661814413305,2866.5801376823447,0.058931862379723365,4831.444452966931,1547.7273143115053,4.123212503509748,6.16635687133828,141.24972489911323,40.262037108057754,44.31774115189055,0.6713480576270623,40.262037108057754,0.0,3.555373535516762,40.262037108057754,28.23284311422512,68.47155638724503,0.016666666666666666,40.9982356189933,35.88826376321015,200.98661814413305,2866.5801376823447,0.058931862379723365,4831.444452966931,1547.7273143115053,4.123212503509748,6.16635687133828,1.0,0.5083333333333333,0.261,813.9285256666852,571.8957736679224,Wh,571.8957736679224,Wh
17,fa0385934807cea9a5688324038aa620,ARIMA,"{""p"": 4, ""d"": 2, ""q"": 0, ""regression_type"": ""Holiday""}","{""fillna"": ""ffill"", ""transformations"": {""0"": ""LevelShiftTransformer"", ""1"": ""Round""}, ""transformation_params"": {""0"": {""window_size"": 30, ""alpha"": 3.5, ""grouping_forward_limit"": 2, ""max_level_shifts"": 10, ""alignment"": ""rolling_diff"", ""output"": ""multivariate"", ""remove_at_shift"": false, ""shift_remove_window"": 1, ""shift_fillna"": ""linear"", ""window_method"": ""exclusive""}, ""1"": {""decimals"": 1, ""on_transform"": true, ""on_inverse"": false}}}",0,1,145.34399379835435,50.63899569468398,58.00016337307845,0.8316070291794107,50.63899569468398,0.0,0.0,3.7096256950773854,6076.679483362077,50.63899569468398,21.23033566801998,0.9916666666666667,0.5083333333333333,98.64156770418218,0.016666666666666666,53.70085330798121,43.302539286142576,266.9939075340647,5337.214637111428,0.11797693789168547,6076.679483362077,1792.8564893898301,11.713104077161448,7.755646298311394,145.34399379835435,50.63899569468398,58.00016337307845,0.8316070291794107,50.63899569468398,0.0,3.7096256950773854,50.63899569468398,21.23033566801998,98.64156770418218,0.016666666666666666,53.70085330798121,43.302539286142576,266.9939075340647,5337.214637111428,0.11797693789168547,6076.679483362077,1792.8564893898301,11.713104077161448,7.755646298311394,0.9916666666666667,0.5083333333333333,0.1616,804.2835462265044,719.2936498183792,Wh,719.2936498183792,Wh
18,700c71f7fa96ac9163497f5b93cca388,FBProphet,"{""holiday"": false, ""regression_type"": null, ""growth"": ""linear"", ""seasonality_mode"": ""multiplicative"", ""changepoint_prior_scale"": 30, ""n_changepoints"": 50, ""changepoint_range"": 0.85, ""changepoint_spacing"": null, ""changepoint_distance_end"": null, ""seasonality_prior_scale"": 25, ""yearly_seasonality_prior_scale"": null, ""yearly_seasonality_order"": null, ""weekly_seasonality_prior_scale"": null, ""holidays_prior_scale"": 10.0, ""trend_phi"": null}","{""fillna"": ""ffill_mean_biased"", ""transformations"": {""0"": ""bkfilter"", ""1"": ""AlignLastValue"", ""2"": ""AnomalyRemoval""}, ""transformation_params"": {""0"": {}, ""1"": {""rows"": 1, ""lag"": 7, ""method"": ""additive"", ""strength"": 1.0, ""first_value_only"": false, ""threshold"": 10, ""threshold_method"": ""mean"", ""mean_type"": ""arithmetic""}, ""2"": {""method"": ""rolling_zscore"", ""method_params"": {""distribution"": ""uniform"", ""alpha"": 0.05, ""rolling_periods"": 200, ""center"": true}, ""fillna"": ""rolling_mean_24"", ""transform_dict"": {""fillna"": ""ffill"", ""transformations"": {""0"": ""cffilter"", ""1"": ""ConvolutionFilter""}, ""transformation_params"": {""0"": {}, ""1"": {""weight"": [1.0, 0.5, 0.3333333333333333]}}}, ""isolated_only"": false, ""on_inverse"": false}}}",0,1,135.00287779332658,4.635296943006531,5.087457208820321,0.47887213836743425,4.635296943006531,0.0,-555.0829818897059,4.63342544647613,1.152651271077806,1.609741964393527,44.77795958592416,1.0,0.48333333333333334,7.003119945526123,0.9833333333333333,2.3048280789588413,4.299252337374849,21.654082106117873,32.76192205669244,0.1030384486133985,553.9303306186282,188.17912688305339,22.16277270063176,0.7069794827828982,135.00287779332658,4.635296943006531,5.087457208820321,0.47887213836743425,4.635296943006531,0.0,4.63342544647613,1.609741964393527,44.77795958592416,7.003119945526123,0.9833333333333333,2.3048280789588413,4.299252337374849,21.654082106117873,32.76192205669244,0.1030384486133985,553.9303306186282,188.17912688305339,22.16277270063176,0.7069794827828982,1.0,0.48333333333333334,1.0153,767.9601806620511,65.8413463850974,Wh,65.8413463850974,Wh
19,5693e0e87d71ea902229e0d9468ef016,ARIMA,"{""p"": 4, ""d"": 2, ""q"": 0, ""regression_type"": ""Holiday""}","{""fillna"": ""nearest"", ""transformations"": {""0"": ""bkfilter"", ""1"": ""AlignLastValue""}, ""transformation_params"": {""0"": {}, ""1"": {""rows"": 1, ""lag"": 7, ""method"": ""additive"", ""strength"": 1.0, ""first_value_only"": false, ""threshold"": 10, ""threshold_method"": ""mean"", ""mean_type"": ""arithmetic""}}}",0,1,139.57759517956808,44.64181358879352,51.55114914760614,0.7748563756535712,44.64181358879352,0.0,-0.5981105769863309,3.556919217388421,5356.419520078236,44.64073618433583,18.094834767565374,1.0,0.5166666666666667,88.36788141643159,0.025,47.74113257869918,37.95240341087927,237.43610445913066,4245.362895845631,0.08982157660845257,5355.82140950125,1554.2158193776454,7.9676571001726035,6.835617478714445,139.57759517956808,44.64181358879352,51.55114914760614,0.7748563756535712,44.64181358879352,0.0,3.556919217388421,44.64073618433583,18.094834767565374,88.36788141643159,0.025,47.74113257869918,37.95240341087927,237.43610445913066,4245.362895845631,0.08982157660845257,5355.82140950125,1554.2158193776454,7.9676571001726035,6.835617478714445,1.0,0.5166666666666667,0.2684,709.1839226676371,634.1076198350818,Wh,634.1076198350818,Wh
20,42c2947450a44590b0a4d0486db9d3d0,FBProphet,"{""holiday"": false, ""regression_type"": null, ""growth"": ""linear"", ""seasonality_mode"": ""multiplicative"", ""changepoint_prior_scale"": 0.1, ""n_changepoints"": 25, ""changepoint_range"": 360, ""changepoint_spacing"": null, ""changepoint_distance_end"": null, ""seasonality_prior_scale"": 1.0, ""yearly_seasonality_prior_scale"": null, ""yearly_seasonality_order"": 2, ""weekly_seasonality_prior_scale"": null, ""holidays_prior_scale"": 10.0, ""trend_phi"": null}","{""fillna"": ""akima"", ""transformations"": {""0"": ""bkfilter"", ""1"": ""DifferencedTransformer"", ""2"": ""ClipOutliers""}, ""transformation_params"": {""0"": {}, ""1"": {""lag"": 1, ""fill"": ""bfill""}, ""2"": {""method"": ""clip"", ""std_threshold"": 4, ""fillna"": null}}}",0,1,135.32089737093764,44.11624070079649,53.1728779311231,0.9465526383738252,44.11624070079649,0.0,0.0,3.475234237829852,5293.948884095578,44.11624070079649,14.740558098515733,1.0,0.49166666666666664,101.86214075288038,0.016666666666666666,49.27935800152899,35.658885314528376,246.70497042784166,5035.214298659116,0.6300037397059884,5293.948884095578,1417.6633671632171,8.679029610516677,6.756649775391679,135.32089737093764,44.11624070079649,53.1728779311231,0.9465526383738252,44.11624070079649,0.0,3.475234237829852,44.11624070079649,14.740558098515733,101.86214075288038,0.016666666666666666,49.27935800152899,35.658885314528376,246.70497042784166,5035.214298659116,0.6300037397059884,5293.948884095578,1417.6633671632171,8.679029610516677,6.756649775391679,1.0,0.49166666666666664,0.5389,660.8270963986577,626.6422024098966,Wh,626.6422024098966,Wh
21,a71d77de4e6c82729df96a9a374097c0,ARIMA,"{""p"": 2, ""d"": 2, ""q"": 12, ""regression_type"": null}","{""fillna"": ""cubic"", ""transformations"": {""0"": ""DifferencedTransformer"", ""1"": ""QuantileTransformer""}, ""transformation_params"": {""0"": {""lag"": 1, ""fill"": ""bfill""}, ""1"": {""output_distribution"": ""uniform"", ""n_quantiles"": 27}}}",0,1,54.053576168254835,5.774649268918683,7.582161275330813,0.4906995599728225,5.774649268918683,0.0,-1.048721786183184,1.597632516308523,691.9091904840589,5.773310061449873,39.39855598804289,1.0,0.55,16.36624119620838,0.20833333333333334,7.14470918059861,4.261112351226215,34.89729645052801,113.28206241123344,0.05808073308148372,690.8604686978756,159.18289314098465,24.056036094152986,0.8817429735066207,54.053576168254835,5.774649268918683,7.582161275330813,0.4906995599728225,5.774649268918683,0.0,1.597632516308523,5.773310061449873,39.39855598804289,16.36624119620838,0.20833333333333334,7.14470918059861,4.261112351226215,34.89729645052801,113.28206241123344,0.05808073308148372,690.8604686978756,159.18289314098465,24.056036094152986,0.8817429735066207,1.0,0.55,2.5987,648.623893455214,82.02509730060864,Wh,82.02509730060864,Wh
22,d7af3995cb67a20567fd1bde11fd9139,ARIMA,"{""p"": 4, ""d"": 2, ""q"": 0, ""regression_type"": null}","{""fillna"": ""cubic"", ""transformations"": {""0"": ""bkfilter"", ""1"": ""ChangepointDetrend"", ""2"": ""AnomalyRemoval""}, ""transformation_params"": {""0"": {}, ""1"": {""model"": ""ElasticNet"", ""changepoint_spacing"": 90, ""changepoint_distance_end"": 180, ""datepart_method"": null}, ""2"": {""method"": ""rolling_zscore"", ""method_params"": {""distribution"": ""uniform"", ""alpha"": 0.05, ""rolling_periods"": 200, ""center"": true}, ""fillna"": ""rolling_mean_24"", ""transform_dict"": {""fillna"": ""ffill"", ""transformations"": {""0"": ""cffilter"", ""1"": ""ConvolutionFilter""}, ""transformation_params"": {""0"": {}, ""1"": {""weight"": [1.0, 0.5, 0.3333333333333333]}}}, ""isolated_only"": false, ""on_inverse"": false}}}",0,1,135.65208321290652,38.43152011873693,44.02944887571033,0.6983616462248086,38.43152011873693,0.0,0.0,3.441483123759568,4611.782414248431,38.43152011873693,16.628048903394358,0.9916666666666667,0.49166666666666664,74.72805453847683,0.016666666666666666,40.77885512696627,32.866038330104146,202.66135423942094,3068.5687995202275,0.029807110149418992,4611.782414248431,1360.0844291322799,2.957349679819804,5.886002924395518,135.65208321290652,38.43152011873693,44.02944887571033,0.6983616462248086,38.43152011873693,0.0,3.441483123759568,38.43152011873693,16.628048903394358,74.72805453847683,0.016666666666666666,40.77885512696627,32.866038330104146,202.66135423942094,3068.5687995202275,0.029807110149418992,4611.782414248431,1360.0844291322799,2.957349679819804,5.886002924395518,0.9916666666666667,0.49166666666666664,0.0943,635.0496621620437,545.8944829977492,Wh,545.8944829977492,Wh
23,57ef5f75e9652bffeefb279bf3feb3f1,ARIMA,"{""p"": 4, ""d"": 2, ""q"": 0, ""regression_type"": ""Holiday""}","{""fillna"": ""ffill"", ""transformations"": {""0"": ""bkfilter"", ""1"": ""ChangepointDetrend"", ""2"": ""AnomalyRemoval""}, ""transformation_params"": {""0"": {}, ""1"": {""model"": ""ElasticNet"", ""changepoint_spacing"": 90, ""changepoint_distance_end"": 180, ""datepart_method"": null}, ""2"": {""method"": ""rolling_zscore"", ""method_params"": {""distribution"": ""uniform"", ""alpha"": 0.05, ""rolling_periods"": 200, ""center"": true}, ""fillna"": ""rolling_mean_24"", ""transform_dict"": {""fillna"": ""ffill"", ""transformations"": {""0"": ""cffilter"", ""1"": ""ConvolutionFilter""}, ""transformation_params"": {""0"": {}, ""1"": {""weight"": [1.0, 0.5, 0.3333333333333333]}}}, ""isolated_only"": false, ""on_inverse"": false}}}",0,1,135.17634193701304,37.937515264461446,43.46642744561317,0.6958207989916163,37.937515264461446,0.0,0.0,3.429044843407012,4552.501831735373,37.937515264461446,16.598376704299575,0.9916666666666667,0.5083333333333333,73.79375033910381,0.016666666666666666,40.25810493833086,32.438224272529276,200.07661451535208,2991.3727716993385,0.09020847803081916,4552.501831735373,1342.4373931199455,3.137222035161359,5.81034330937255,135.17634193701304,37.937515264461446,43.46642744561317,0.6958207989916163,37.937515264461446,0.0,3.429044843407012,37.937515264461446,16.598376704299575,73.79375033910381,0.016666666666666666,40.25810493833086,32.438224272529276,200.07661451535208,2991.3727716993385,0.09020847803081916,4552.501831735373,1342.4373931199455,3.137222035161359,5.81034330937255,0.9916666666666667,0.5083333333333333,0.1655,630.3888032797691,538.8774687425255,Wh,538.8774687425255,Wh
24,949eb16b538026b356fe022408ab3f0b,ARIMA,"{""p"": 4, ""d"": 1, ""q"": 0, ""regression_type"": ""Holiday""}","{""fillna"": ""time"", ""transformations"": {""0"": ""bkfilter"", ""1"": ""Slice"", ""2"": ""EWMAFilter"", ""3"": ""DifferencedTransformer""}, ""transformation_params"": {""0"": {}, ""1"": {""method"": 100}, ""2"": {""span"": 3}, ""3"": {""lag"": 7, ""fill"": ""bfill""}}}",0,1,120.2523918926032,15.66427873544597,19.66404281928522,0.8454003141848705,15.66427873544597,0.0,-164.9810434660629,3.3926830362053293,1714.7324047874536,14.765759467682923,26.520306198393715,0.8833333333333333,0.5,39.32967555306206,0.3333333333333333,17.91942635745293,12.091108189386846,37.55696595352277,1903.9388201551208,0.2942850122869324,1549.7513613213905,1110.414687136985,26.517165758037823,1.9779426316040105,120.2523918926032,15.66427873544597,19.66404281928522,0.8454003141848705,15.66427873544597,0.0,3.3926830362053293,14.765759467682923,26.520306198393715,39.32967555306206,0.3333333333333333,17.91942635745293,12.091108189386846,37.55696595352277,1903.9388201551208,0.2942850122869324,1549.7513613213905,1110.414687136985,26.517165758037823,1.9779426316040105,0.8833333333333333,0.5,0.1602,592.6067390195507,222.5007836119897,Wh,222.5007836119897,Wh
25,5936c3f98905b5a2fda7756314ad9cd3,DatepartRegression,"{""regression_model"": {""model"": ""RandomForest"", ""model_params"": {""n_estimators"": 100, ""min_samples_leaf"": 2, ""bootstrap"": true}}, ""datepart_method"": ""expanded"", ""polynomial_degree"": null, ""holiday_countries_used"": false, ""lags"": null, ""forward_lags"": null, ""regression_type"": null}","{""fillna"": ""mean"", ""transformations"": {""0"": ""ClipOutliers"", ""1"": ""AlignLastValue"", ""2"": ""DifferencedTransformer""}, ""transformation_params"": {""0"": {""method"": ""clip"", ""std_threshold"": 3, ""fillna"": null}, ""1"": {""rows"": 84, ""lag"": 28, ""method"": ""additive"", ""strength"": 0.9, ""first_value_only"": false, ""threshold"": 1, ""threshold_method"": ""max"", ""mean_type"": ""arithmetic""}, ""2"": {}}}",0,1,129.72650321612937,33.68617331409861,38.86588853744108,0.6907882885945861,33.68617331409861,0.0,-0.04010326765018046,3.293530618469071,4042.3006944241833,33.68616678690187,16.193504184446752,1.0,0.5,66.14335108731535,0.025,36.0084162701616,28.65634800701832,178.99734969942878,2396.9142266719573,0.2769823104622232,4042.260591156533,1175.7778042911289,3.1594021853545415,5.159124070382567,129.72650321612937,33.68617331409861,38.86588853744108,0.6907882885945861,33.68617331409861,0.0,3.293530618469071,33.68616678690187,16.193504184446752,66.14335108731535,0.025,36.0084162701616,28.65634800701832,178.99734969942878,2396.9142266719573,0.2769823104622232,4042.260591156533,1175.7778042911289,3.1594021853545415,5.159124070382567,1.0,0.5,0.4716,587.9474315348912,478.4899506618007,Wh,478.4899506618007,Wh
26,d84463b90afffcf6ce7297e51cfedae2,FBProphet,"{""holiday"": false, ""regression_type"": null, ""growth"": ""linear"", ""seasonality_mode"": ""additive"", ""changepoint_prior_scale"": 0.05, ""n_changepoints"": 25, ""changepoint_range"": 360, ""changepoint_spacing"": null, ""changepoint_distance_end"": null, ""seasonality_prior_scale"": 10.0, ""yearly_seasonality_prior_scale"": 1.0, ""yearly_seasonality_order"": 12, ""weekly_seasonality_prior_scale"": null, ""holidays_prior_scale"": 10.0, ""trend_phi"": 0.999}","{""fillna"": ""SeasonalityMotifImputer1K"", ""transformations"": {""0"": ""StandardScaler"", ""1"": ""EWMAFilter"", ""2"": ""StandardScaler""}, ""transformation_params"": {""0"": {}, ""1"": {""span"": 10}, ""2"": {}}}",0,1,119.84539836869459,23.995259496569908,26.62983579946612,0.6500787588997744,23.995259496569908,0.0,-1.3538566708457633,3.030706575066458,2878.077282917543,23.992396142216286,21.223209937597165,0.0,0.4666666666666667,45.32680201155131,0.05,24.659553560912745,20.991873918637324,121.02366642460262,1061.5047989603208,0.14818456166312088,2876.7234262466973,910.9171026389976,6.096124843942716,3.6715527704106954,119.84539836869459,23.995259496569908,26.62983579946612,0.6500787588997744,23.995259496569908,0.0,3.030706575066458,23.992396142216286,21.223209937597165,45.32680201155131,0.05,24.659553560912745,20.991873918637324,121.02366642460262,1061.5047989603208,0.14818456166312088,2876.7234262466973,910.9171026389976,6.096124843942716,3.6715527704106954,0.0,0.4666666666666667,0.5878,572.8612805327105,340.83688953252266,Wh,340.83688953252266,Wh
27,52418400e0ff9e482a0d52c956178e10,RollingRegression,"{""regression_model"": {""model"": ""ExtraTrees"", ""model_params"": {""n_estimators"": 100, ""min_samples_leaf"": 1, ""max_depth"": 10}}, ""holiday"": true, ""mean_rolling_periods"": 30, ""macd_periods"": 364, ""std_rolling_periods"": null, ""max_rolling_periods"": 420, ""min_rolling_periods"": 7, ""ewm_var_alpha"": null, ""quantile90_rolling_periods"": null, ""quantile10_rolling_periods"": null, ""ewm_alpha"": null, ""additional_lag_periods"": 90, ""abs_energy"": false, ""rolling_autocorr_periods"": null, ""nonzero_last_n"": null, ""add_date_part"": null, ""polynomial_degree"": null, ""x_transform"": null, ""regression_type"": null}","{""fillna"": ""cubic"", ""transformations"": {""0"": ""RobustScaler"", ""1"": ""DifferencedTransformer"", ""2"": ""AnomalyRemoval"", ""3"": ""RegressionFilter"", ""4"": ""CenterSplit""}, ""transformation_params"": {""0"": {}, ""1"": {""lag"": 7, ""fill"": ""bfill""}, ""2"": {""method"": ""rolling_zscore"", ""method_params"": {""distribution"": ""uniform"", ""alpha"": 0.05, ""rolling_periods"": 200, ""center"": true}, ""fillna"": ""rolling_mean_24"", ""transform_dict"": {""fillna"": ""ffill"", ""transformations"": {""0"": ""cffilter"", ""1"": ""ConvolutionFilter""}, ""transformation_params"": {""0"": {}, ""1"": {""weight"": [1.0, 0.5, 0.3333333333333333]}}}, ""isolated_only"": false, ""on_inverse"": false}, ""3"": {""sigma"": 2, ""rolling_window"": 90, ""run_order"": ""season_first"", ""regression_params"": {""regression_model"": {""model"": ""ElasticNet"", ""model_params"": {""l1_ratio"": 0.5, ""fit_intercept"": true, ""selection"": ""cyclic"", ""max_iter"": 1000}}, ""datepart_method"": ""anchored_segment_fourier:us_school"", ""polynomial_degree"": null, ""transform_dict"": null, ""holiday_countries_used"": false, ""lags"": null, ""forward_lags"": null}, ""holiday_params"": null, ""trend_method"": ""rolling_mean""}, ""4"": {""fillna"": ""ffill"", ""center"": ""median""}}}",0,1,200.0,6.529307003815969,6.574613388621482,0.5307312025938715,6.529307003815969,0.0,-783.5168404579163,6.529307003815969,0.0,2.013496517037019,24.029953363783136,0.9916666666666667,0.5083333333333333,8.351420402526855,0.9833333333333333,2.7379098025430264,6.304430405298869,24.556448881561142,113.39262396558266,0.06543848227728308,783.5168404579163,353.0002518270272,24.701881757395263,1.0,200.0,6.529307003815969,6.574613388621482,0.5307312025938715,6.529307003815969,0.0,6.529307003815969,2.013496517037019,24.029953363783136,8.351420402526855,0.9833333333333333,2.7379098025430264,6.304430405298869,24.556448881561142,113.39262396558266,0.06543848227728308,783.5168404579163,353.0002518270272,24.701881757395263,1.0,0.9916666666666667,0.5083333333333333,9.3081,528.8619899772725,92.74451440300832,Wh,92.74451440300832,Wh
28,0c7c79ed147fc2f86ad331dad6f1adbb,ARIMA,"{""p"": 7, ""d"": 1, ""q"": 7, ""regression_type"": null}","{""fillna"": ""zero"", ""transformations"": {""0"": ""DifferencedTransformer"", ""1"": ""AlignLastValue"", ""2"": ""QuantileTransformer"", ""3"": ""AnomalyRemoval""}, ""transformation_params"": {""0"": {""lag"": 1, ""fill"": ""bfill""}, ""1"": {""rows"": 1, ""lag"": 7, ""method"": ""additive"", ""strength"": 1.0, ""first_value_only"": false, ""threshold"": 10, ""threshold_method"": ""mean"", ""mean_type"": ""arithmetic""}, ""2"": {""output_distribution"": ""uniform"", ""n_quantiles"": 27}, ""3"": {""method"": ""rolling_zscore"", ""method_params"": {""distribution"": ""uniform"", ""alpha"": 0.05, ""rolling_periods"": 200, ""center"": true}, ""fillna"": ""rolling_mean_24"", ""transform_dict"": {""fillna"": ""ffill"", ""transformations"": {""0"": ""cffilter"", ""1"": ""ConvolutionFilter""}, ""transformation_params"": {""0"": {}, ""1"": {""weight"": [1.0, 0.5, 0.3333333333333333]}}}, ""isolated_only"": false, ""on_inverse"": false}}}",0,1,186.1488888968503,6.109879236943062,6.269490913239636,0.5036658630120635,6.109879236943062,0.0,-733.1855084331675,6.109879236943062,0.0,1.9263058183221342,24.470714366158404,1.0,0.5083333333333333,8.351420402526855,0.9833333333333333,2.67121212262928,5.836357833739048,24.104407310186524,44.07944685760441,0.04986559098685072,733.1855084331675,311.0707925054822,24.347354888332557,0.9357622843239294,186.1488888968503,6.109879236943062,6.269490913239636,0.5036658630120635,6.109879236943062,0.0,6.109879236943062,1.9263058183221342,24.470714366158404,8.351420402526855,0.9833333333333333,2.67121212262928,5.836357833739048,24.104407310186524,44.07944685760441,0.04986559098685072,733.1855084331675,311.0707925054822,24.347354888332557,0.9357622843239294,1.0,0.5083333333333333,1.6813,522.8703945832964,86.78681865627263,Wh,86.78681865627263,Wh
29,85876ea0cbc9c44cdb0bd636d505d517,ARIMA,"{""p"": 7, ""d"": 3, ""q"": 1, ""regression_type"": ""Holiday""}","{""fillna"": ""rolling_mean_24"", ""transformations"": {""0"": null}, ""transformation_params"": {""0"": {}}}",0,1,115.65971651745325,23.028565451620413,26.358681732579022,0.5665597846808625,23.028565451620413,0.0,-0.27895571892875637,2.957151286811408,2763.148898475521,23.028334143358695,18.15934949083656,1.0,0.5333333333333333,44.19649009057469,0.03333333333333333,24.441002495072954,19.7395346671302,121.20381528005618,1087.7416277166926,0.17868345709495875,2762.8699427565925,816.3160887746787,10.348075613939846,3.5262419390269506,115.65971651745325,23.028565451620413,26.358681732579022,0.5665597846808625,23.028565451620413,0.0,2.957151286811408,23.028334143358695,18.15934949083656,44.19649009057469,0.03333333333333333,24.441002495072954,19.7395346671302,121.20381528005618,1087.7416277166926,0.17868345709495875,2762.8699427565925,816.3160887746787,10.348075613939846,3.5262419390269506,1.0,0.5333333333333333,0.5223,520.97994311005,327.1056360131641,Wh,327.1056360131641,Wh
30,bf5036e5c205af8f00edb76299f996fd,FBProphet,"{""holiday"": false, ""regression_type"": null, ""growth"": ""linear"", ""seasonality_mode"": ""multiplicative"", ""changepoint_prior_scale"": 10, ""n_changepoints"": 25, ""changepoint_range"": 0.85, ""changepoint_spacing"": null, ""changepoint_distance_end"": null, ""seasonality_prior_scale"": 10.0, ""yearly_seasonality_prior_scale"": null, ""yearly_seasonality_order"": null, ""weekly_seasonality_prior_scale"": null, ""holidays_prior_scale"": 10.0, ""trend_phi"": 0.999}","{""fillna"": ""cubic"", ""transformations"": {""0"": ""StandardScaler"", ""1"": ""bkfilter""}, ""transformation_params"": {""0"": {}, ""1"": {}}}",0,1,112.10966604693121,6.172650532172367,7.153788651992044,7.539362400112037,6.172650532172367,0.0,-343.12502637359233,3.731375961532377,397.5930374870917,4.282248433008717,26.351558170891412,0.5416666666666666,0.5,17.00032045014259,0.55,5.847747540533748,4.926984451145465,28.46875298244366,117.91723501138459,2.7329040120832926,54.4680111134993,21.806468304367563,337.5254130637766,0.06951734576842812,112.10966604693121,6.172650532172367,7.153788651992044,7.539362400112037,6.172650532172367,0.0,3.731375961532377,4.282248433008717,26.351558170891412,17.00032045014259,0.55,5.847747540533748,4.926984451145465,28.46875298244366,117.91723501138459,2.7329040120832926,54.4680111134993,21.806468304367563,337.5254130637766,0.06951734576842812,0.5416666666666666,0.5,1.0805,502.22232343533483,87.67844364665635,Wh,87.67844364665635,Wh
31,94dbacd3486b3eda115e081ff9d99ac2,DatepartRegression,"{""regression_model"": {""model"": ""Adaboost"", ""model_params"": {""n_estimators"": 50, ""loss"": ""linear"", ""estimator"": ""ExtraTree"", ""learning_rate"": 0.5, ""max_depth"": 3}}, ""datepart_method"": ""common_fourier_rw"", ""polynomial_degree"": null, ""holiday_countries_used"": false, ""lags"": null, ""forward_lags"": null, ""regression_type"": null}","{""fillna"": ""nearest"", ""transformations"": {""0"": ""DifferencedTransformer"", ""1"": ""SeasonalDifference"", ""2"": ""bkfilter""}, ""transformation_params"": {""0"": {""lag"": 1, ""fill"": ""bfill""}, ""1"": {""lag_1"": 7, ""method"": 20}, ""2"": {}}}",0,1,101.61769491991043,14.58601224535276,15.419283415576444,0.5999472448496515,14.58601224535276,0.0,0.0,2.6482290346985,1750.3214694423314,14.58601224535276,17.185777885410683,1.0,0.5333333333333333,21.425803323905697,0.016666666666666666,14.288045369426348,13.69689768428529,65.69485509697596,298.8285518594687,0.5004263299270664,1750.3214694423314,639.0392934464571,8.808298041776057,2.2339296095019203,101.61769491991043,14.58601224535276,15.419283415576444,0.5999472448496515,14.58601224535276,0.0,2.6482290346985,14.58601224535276,17.185777885410683,21.425803323905697,0.016666666666666666,14.288045369426348,13.69689768428529,65.69485509697596,298.8285518594687,0.5004263299270664,1750.3214694423314,639.0392934464571,8.808298041776057,2.2339296095019203,1.0,0.5333333333333333,0.2595,426.92303725087066,207.1847168437576,Wh,207.1847168437576,Wh
32,8304b36964789abe63b555b9479eeb00,DatepartRegression,"{""regression_model"": {""model"": ""ElasticNet"", ""model_params"": {""l1_ratio"": 0.5, ""fit_intercept"": true, ""selection"": ""cyclic"", ""max_iter"": 2000}}, ""datepart_method"": ""anchored_warped_fourier:us_school"", ""polynomial_degree"": null, ""holiday_countries_used"": false, ""lags"": null, ""forward_lags"": null, ""regression_type"": null}","{""fillna"": ""ffill"", ""transformations"": {""0"": ""DifferencedTransformer"", ""1"": ""MinMaxScaler""}, ""transformation_params"": {""0"": {""lag"": 1, ""fill"": ""bfill""}, ""1"": {}}}",0,1,92.30307440346887,13.08359881561964,14.882774277373024,0.4990549466054324,13.08359881561964,0.0,0.0,2.4665535004497645,1570.0318578743568,13.08359881561964,17.498770077779692,1.0,0.49166666666666664,25.298691189818875,0.016666666666666666,13.850252675963409,11.258917352632473,68.38603900081911,342.785928058635,0.0,1570.0318578743568,470.3492043151906,20.841365868198643,2.0038265635193904,92.30307440346887,13.08359881561964,14.882774277373024,0.4990549466054324,13.08359881561964,0.0,2.4665535004497645,13.08359881561964,17.498770077779692,25.298691189818875,0.016666666666666666,13.850252675963409,11.258917352632473,68.38603900081911,342.785928058635,0.0,1570.0318578743568,470.3492043151906,20.841365868198643,2.0038265635193904,1.0,0.49166666666666664,0.5829,416.47322019696986,185.84392158145477,Wh,185.84392158145477,Wh
33,c482c16b8ed67da2ede9e69f96781147,FBProphet,"{""holiday"": false, ""regression_type"": null, ""growth"": ""linear"", ""seasonality_mode"": ""multiplicative"", ""changepoint_prior_scale"": 0.05, ""n_changepoints"": 25, ""changepoint_range"": 0.8, ""changepoint_spacing"": null, ""changepoint_distance_end"": null, ""seasonality_prior_scale"": 10.0, ""yearly_seasonality_prior_scale"": null, ""yearly_seasonality_order"": null, ""weekly_seasonality_prior_scale"": null, ""holidays_prior_scale"": 0.1, ""trend_phi"": null}","{""fillna"": ""rolling_mean"", ""transformations"": {""0"": ""StandardScaler"", ""1"": ""bkfilter"", ""2"": ""DifferencedTransformer""}, ""transformation_params"": {""0"": {}, ""1"": {}, ""2"": {""lag"": 1, ""fill"": ""bfill""}}}",0,1,99.49550765239563,17.399683900505806,21.11176141672695,0.9944065896786944,17.399683900505806,0.0,-0.2508267341348054,2.6080356009635035,2087.7112413265622,17.3994587170547,12.58868562230129,1.0,0.49166666666666664,41.74219765551006,0.05,19.614260290145772,13.96289691360927,97.82506192653351,810.522603932696,0.9809328797309173,2087.4604145924272,553.8282658703042,12.262909887681626,2.6642189507661866,99.49550765239563,17.399683900505806,21.11176141672695,0.9944065896786944,17.399683900505806,0.0,2.6080356009635035,17.3994587170547,12.58868562230129,41.74219765551006,0.05,19.614260290145772,13.96289691360927,97.82506192653351,810.522603932696,0.9809328797309173,2087.4604145924272,553.8282658703042,12.262909887681626,2.6642189507661866,1.0,0.49166666666666664,0.7649,389.33073140111634,247.15107333368334,Wh,247.15107333368334,Wh
34,7b4cf2bccca110e14633d22d03d21a42,ARIMA,"{""p"": 1, ""d"": 0, ""q"": 0, ""regression_type"": ""Holiday""}","{""fillna"": ""zero"", ""transformations"": {""0"": ""DifferencedTransformer"", ""1"": ""AlignLastValue"", ""2"": ""AnomalyRemoval""}, ""transformation_params"": {""0"": {""lag"": 1, ""fill"": ""zero""}, ""1"": {""rows"": 1, ""lag"": 7, ""method"": ""additive"", ""strength"": 1.0, ""first_value_only"": false, ""threshold"": 10, ""threshold_method"": ""mean"", ""mean_type"": ""arithmetic""}, ""2"": {""method"": ""rolling_zscore"", ""method_params"": {""distribution"": ""uniform"", ""alpha"": 0.05, ""rolling_periods"": 200, ""center"": true}, ""fillna"": ""rolling_mean_24"", ""transform_dict"": {""fillna"": ""ffill"", ""transformations"": {""0"": ""cffilter"", ""1"": ""ConvolutionFilter""}, ""transformation_params"": {""0"": {}, ""1"": {""weight"": [1.0, 0.5, 0.3333333333333333]}}}, ""isolated_only"": false, ""on_inverse"": false}}}",0,1,176.28279403548788,5.831256131426745,6.073937478499761,0.4802944640721021,5.831256131426745,0.0,-699.3685478028647,5.830768462756568,0.38218796834476176,1.868001151578124,14.279304813073836,1.0,0.5083333333333333,8.351420402526855,0.9833333333333333,2.6259689943359144,5.515552506839824,23.7573518234622,42.00318765603925,0.0032244579932998304,698.9863598345198,284.3440719108039,24.47957693403694,0.8921140219858023,176.28279403548788,5.831256131426745,6.073937478499761,0.4802944640721021,5.831256131426745,0.0,5.830768462756568,1.868001151578124,14.279304813073836,8.351420402526855,0.9833333333333333,2.6259689943359144,5.515552506839824,23.7573518234622,42.00318765603925,0.0032244579932998304,698.9863598345198,284.3440719108039,24.47957693403694,0.8921140219858023,1.0,0.5083333333333333,0.1215,368.6419610395018,82.82916057594853,Wh,82.82916057594853,Wh
35,707a0daa592391c9d7d7f4723b991299,FBProphet,"{""holiday"": false, ""regression_type"": null, ""growth"": ""linear"", ""seasonality_mode"": ""additive"", ""changepoint_prior_scale"": 0.05, ""n_changepoints"": 25, ""changepoint_range"": 360, ""changepoint_spacing"": null, ""changepoint_distance_end"": null, ""seasonality_prior_scale"": 10.0, ""yearly_seasonality_prior_scale"": null, ""yearly_seasonality_order"": null, ""weekly_seasonality_prior_scale"": null, ""holidays_prior_scale"": 20, ""trend_phi"": null}","{""fillna"": ""zero"", ""transformations"": {""0"": ""StandardScaler"", ""1"": ""ClipOutliers"", ""2"": ""AlignLastValue"", ""3"": ""bkfilter"", ""4"": ""DifferencedTransformer""}, ""transformation_params"": {""0"": {}, ""1"": {""method"": ""clip"", ""std_threshold"": 3.5, ""fillna"": null}, ""2"": {""rows"": 168, ""lag"": 1, ""method"": ""additive"", ""strength"": 0.5, ""first_value_only"": false, ""threshold"": 1, ""threshold_method"": ""max"", ""mean_type"": ""arithmetic""}, ""3"": {}, ""4"": {""lag"": 1, ""fill"": ""bfill""}}}",0,1,88.80471484050913,12.94256081673453,15.434683306831355,0.5421317650228665,12.94256081673453,0.0,-0.10612520124572544,2.3859926131801705,1553.0011728068978,12.942516965878673,11.975185769672025,1.0,0.5333333333333333,28.679669577010984,0.041666666666666664,14.367626138054176,10.569744001935192,71.54468343249745,411.0158046538137,0.3008671956708672,1552.895047605652,425.07745097737336,17.24515550559382,1.9819549082034824,88.80471484050913,12.94256081673453,15.434683306831355,0.5421317650228665,12.94256081673453,0.0,2.3859926131801705,12.942516965878673,11.975185769672025,28.679669577010984,0.041666666666666664,14.367626138054176,10.569744001935192,71.54468343249745,411.0158046538137,0.3008671956708672,1552.895047605652,425.07745097737336,17.24515550559382,1.9819549082034824,1.0,0.5333333333333333,0.5397,336.16036252647416,183.84056950881876,Wh,183.84056950881876,Wh
36,eb357c817d5249981ff11a8c91369b76,ARIMA,"{""p"": 0, ""d"": 0, ""q"": 12, ""regression_type"": ""Holiday""}","{""fillna"": ""cubic"", ""transformations"": {""0"": ""AlignLastValue"", ""1"": ""DifferencedTransformer""}, ""transformation_params"": {""0"": {""rows"": 1, ""lag"": 1, ""method"": ""additive"", ""strength"": 1.0, ""first_value_only"": false, ""threshold"": 1, ""threshold_method"": ""max"", ""mean_type"": ""arithmetic""}, ""1"": {""lag"": 1, ""fill"": ""bfill""}}}",0,1,18.73316784547391,1.3504207100280161,1.5888313060624846,0.5032402096062212,1.3504207100280161,0.0,-19.693816451388553,0.8408898154315828,142.35666875197342,1.3018275279164835,19.071718132181665,1.0,0.5,4.086177002244391,0.6416666666666667,1.8434812405544574,1.0832558024064234,4.2765894919169885,2.392434670922007,0.14318296205739717,122.66285230058489,78.30351928818955,24.469752904241705,0.15655420019931693,18.73316784547391,1.3504207100280161,1.5888313060624846,0.5032402096062212,1.3504207100280161,0.0,0.8408898154315828,1.3018275279164835,19.071718132181665,4.086177002244391,0.6416666666666667,1.8434812405544574,1.0832558024064234,4.2765894919169885,2.392434670922007,0.14318296205739717,122.66285230058489,78.30351928818955,24.469752904241705,0.15655420019931693,1.0,0.5,6.4224,296.34775980013524,19.181838580743218,Wh,19.181838580743218,Wh
37,ef5881447fcd28a40e9855f5a71ce5e3,FBProphet,"{""holiday"": false, ""regression_type"": null, ""growth"": ""linear"", ""seasonality_mode"": ""multiplicative"", ""changepoint_prior_scale"": 0.05, ""n_changepoints"": 25, ""changepoint_range"": 0.8, ""changepoint_spacing"": null, ""changepoint_distance_end"": null, ""seasonality_prior_scale"": 10.0, ""yearly_seasonality_prior_scale"": null, ""yearly_seasonality_order"": null, ""weekly_seasonality_prior_scale"": null, ""holidays_prior_scale"": 10.0, ""trend_phi"": null}","{""fillna"": ""rolling_mean"", ""transformations"": {""0"": ""ClipOutliers"", ""1"": ""DifferencedTransformer"", ""2"": ""AnomalyRemoval"", ""3"": ""cffilter""}, ""transformation_params"": {""0"": {""method"": ""clip"", ""std_threshold"": 3.75, ""fillna"": null}, ""1"": {""lag"": 1, ""fill"": ""zero""}, ""2"": {""method"": ""max_diff"", ""method_params"": {""distribution"": ""gamma"", ""alpha"": 0.05}, ""fillna"": ""ffill"", ""transform_dict"": {""fillna"": ""rolling_mean"", ""transformations"": {""0"": ""AlignLastValue"", ""1"": ""StandardScaler""}, ""transformation_params"": {""0"": {""rows"": 7, ""lag"": 28, ""method"": ""additive"", ""strength"": 0.7, ""first_value_only"": false, ""threshold"": null, ""threshold_method"": ""max"", ""mean_type"": ""arithmetic""}, ""1"": {}}}, ""isolated_only"": false, ""on_inverse"": false}, ""3"": {}}}",0,1,173.44598832744853,5.732626296915738,6.027269114441612,0.5160149185870543,5.732626296915738,0.0,-687.7083740435653,5.732542317917852,0.2067815863231388,1.834309683007877,9.260629441347858,1.0,0.475,8.220560073852539,0.9833333333333333,2.604924768082758,5.401748378374013,23.63261606897682,41.38590334470013,0.2257674508290432,687.5015924572422,275.4617445673376,17.810770197969482,0.8774560506643875,173.44598832744853,5.732626296915738,6.027269114441612,0.5160149185870543,5.732626296915738,0.0,5.732542317917852,1.834309683007877,9.260629441347858,8.220560073852539,0.9833333333333333,2.604924768082758,5.401748378374013,23.63261606897682,41.38590334470013,0.2257674508290432,687.5015924572422,275.4617445673376,17.810770197969482,0.8774560506643875,1.0,0.475,0.7432,294.4057344473749,81.42818860418701,Wh,81.42818860418701,Wh
38,1abcd0472212f0cd72f208cc156be3b9,DatepartRegression,"{""regression_model"": {""model"": ""ElasticNet"", ""model_params"": {""l1_ratio"": 0.5, ""fit_intercept"": true, ""selection"": ""cyclic"", ""max_iter"": 1000}}, ""datepart_method"": ""simple_2"", ""polynomial_degree"": null, ""holiday_countries_used"": false, ""lags"": null, ""forward_lags"": null, ""regression_type"": null}","{""fillna"": ""ffill"", ""transformations"": {""0"": ""DifferencedTransformer"", ""1"": ""bkfilter"", ""2"": ""CointegrationTransformer"", ""3"": ""EWMAFilter"", ""4"": ""bkfilter""}, ""transformation_params"": {""0"": {""lag"": 1, ""fill"": ""bfill""}, ""1"": {}, ""2"": {""n_components"": 5, ""max_components"": 20, ""shrinkage"": 0.01, ""method"": ""cca"", ""min_periods"": 30}, ""3"": {""span"": 3}, ""4"": {}}}",0,1,179.73854362150482,5.927846200586233,6.139048919419037,0.48604023043802674,5.927846200586233,0.0,-711.1304324342308,5.927683092330174,0.21111163611715256,1.8890618594797226,8.112568122361164,1.0,0.5083333333333333,8.351420402526855,0.9833333333333333,2.6417411453757955,5.625076316525975,23.882003852468962,42.723403920159015,0.005248754221878959,710.9193207981136,293.5250542630822,24.396238289542243,0.9073440213264925,179.73854362150482,5.927846200586233,6.139048919419037,0.48604023043802674,5.927846200586233,0.0,5.927683092330174,1.8890618594797226,8.112568122361164,8.351420402526855,0.9833333333333333,2.6417411453757955,5.625076316525975,23.882003852468962,42.723403920159015,0.005248754221878959,710.9193207981136,293.5250542630822,24.396238289542243,0.9073440213264925,1.0,0.5083333333333333,0.2737,283.50750958362136,84.20115902158973,Wh,84.20115902158973,Wh
39,4f6c3efcc6a6741040c2daa85a2e130a,FBProphet,"{""holiday"": false, ""regression_type"": null, ""growth"": ""linear"", ""seasonality_mode"": ""multiplicative"", ""changepoint_prior_scale"": 0.05, ""n_changepoints"": 25, ""changepoint_range"": 0.8, ""changepoint_spacing"": null, ""changepoint_distance_end"": null, ""seasonality_prior_scale"": 10.0, ""yearly_seasonality_prior_scale"": null, ""yearly_seasonality_order"": null, ""weekly_seasonality_prior_scale"": null, ""holidays_prior_scale"": 0.1, ""trend_phi"": null}","{""fillna"": ""median"", ""transformations"": {""0"": ""DifferencedTransformer"", ""1"": ""ScipyFilter"", ""2"": ""SeasonalDifference""}, ""transformation_params"": {""0"": {""lag"": 7, ""fill"": ""bfill""}, ""1"": {""method"": ""savgol_filter"", ""method_args"": {""window_length"": 31, ""polyorder"": 3, ""deriv"": 0, ""mode"": ""mirror""}}, ""2"": {""lag_1"": 7, ""method"": ""Mean""}}}",0,1,185.13702798634924,8.378240422067618,10.643528031098757,0.9734703744715886,8.378240422067618,0.0,-660.0488587650667,5.897542939566163,345.33999188304745,4.589311518234522,5.3759189841894255,0.4666666666666667,0.5,37.8372967006274,0.85,8.560668362487489,6.245622745542832,26.541154835629282,1575.0660731270193,0.3311589103117045,314.70886688201927,150.42865436817576,37.83542939711214,0.4016619051839291,185.13702798634924,8.378240422067618,10.643528031098757,0.9734703744715886,8.378240422067618,0.0,5.897542939566163,4.589311518234522,5.3759189841894255,37.8372967006274,0.85,8.560668362487489,6.245622745542832,26.541154835629282,1575.0660731270193,0.3311589103117045,314.70886688201927,150.42865436817576,37.83542939711214,0.4016619051839291,0.4666666666666667,0.5,0.8695,272.141299990631,119.00739834138419,Wh,119.00739834138419,Wh
40,313b141cadce984778c96c0a2288ead0,ARIMA,"{""p"": 4, ""d"": 0, ""q"": 1, ""regression_type"": ""Holiday""}","{""fillna"": ""cubic"", ""transformations"": {""0"": ""bkfilter"", ""1"": ""ScipyFilter"", ""2"": ""BKBandpassFilter""}, ""transformation_params"": {""0"": {}, ""1"": {""method"": ""savgol_filter"", ""method_args"": {""window_length"": 7, ""polyorder"": 1, ""deriv"": 1, ""mode"": ""interp""}}, ""2"": {""low"": 7, ""high"": 32, ""K"": 1, ""lanczos_factor"": true, ""return_diff"": false, ""on_transform"": true, ""on_inverse"": false}}}",0,1,199.99944529001505,6.529296159929392,6.574600453018863,0.530717762731664,6.529296159929392,0.0,-783.5155391915271,6.529296159929392,0.0,2.013495287816595,5.604473292328216,0.0,0.5083333333333333,8.351420402526855,0.9833333333333333,2.737908099144414,6.304429073851696,24.556437642419258,113.37843151561842,0.06543669702119735,783.5155391915271,352.99914909720394,24.701562347536967,0.9999983391979317,199.99944529001505,6.529296159929392,6.574600453018863,0.530717762731664,6.529296159929392,0.0,6.529296159929392,2.013495287816595,5.604473292328216,8.351420402526855,0.9833333333333333,2.737908099144414,6.304429073851696,24.556437642419258,113.37843151561842,0.06543669702119735,783.5155391915271,352.99914909720394,24.701562347536967,0.9999983391979317,0.0,0.5083333333333333,0.8068,265.5485203687886,92.74436037272697,Wh,92.74436037272697,Wh
41,317a8950c4b6223a55ffd9b75d2d468e,ARIMA,"{""p"": 0, ""d"": 0, ""q"": 1, ""regression_type"": ""Holiday""}","{""fillna"": ""cubic"", ""transformations"": {""0"": ""bkfilter"", ""1"": ""ScipyFilter"", ""2"": ""BKBandpassFilter"", ""3"": ""AlignLastValue""}, ""transformation_params"": {""0"": {}, ""1"": {""method"": ""savgol_filter"", ""method_args"": {""window_length"": 7, ""polyorder"": 1, ""deriv"": 1, ""mode"": ""interp""}}, ""2"": {""low"": 7, ""high"": 32, ""K"": 1, ""lanczos_factor"": true, ""return_diff"": false, ""on_transform"": true, ""on_inverse"": false}, ""3"": {""rows"": 1, ""lag"": 1, ""method"": ""additive"", ""strength"": 0.2, ""first_value_only"": true, ""threshold"": null, ""threshold_method"": ""max"", ""mean_type"": ""arithmetic""}}}",0,1,200.0,6.529307003815969,6.574613388621482,0.5307312025938715,6.529307003815969,0.0,-783.5168404579163,6.529307003815969,0.0,2.013496517037019,5.603295295585793,0.0,0.5083333333333333,8.351420402526855,0.9833333333333333,2.7379098025430264,6.304430405298869,24.556448881561142,113.39262396558266,0.06543848227728308,783.5168404579163,353.0002518270272,24.701881757395263,1.0,200.0,6.529307003815969,6.574613388621482,0.5307312025938715,6.529307003815969,0.0,6.529307003815969,2.013496517037019,5.603295295585793,8.351420402526855,0.9833333333333333,2.7379098025430264,6.304430405298869,24.556448881561142,113.39262396558266,0.06543848227728308,783.5168404579163,353.0002518270272,24.701881757395263,1.0,0.0,0.5083333333333333,0.1965,265.53215469710375,92.74451440300832,Wh,92.74451440300832,Wh
42,200610739727216ee4c42d4dcd5dd7de,DatepartRegression,"{""regression_model"": {""model"": ""RandomForest"", ""model_params"": {""n_estimators"": 100, ""min_samples_leaf"": 2, ""bootstrap"": true}}, ""datepart_method"": ""expanded"", ""polynomial_degree"": null, ""holiday_countries_used"": false, ""lags"": null, ""forward_lags"": null, ""regression_type"": null}","{""fillna"": ""ffill"", ""transformations"": {""0"": ""MeanPercentSplitter"", ""1"": ""BKBandpassFilter"", ""2"": ""AnomalyRemoval""}, ""transformation_params"": {""0"": {""window"": ""forecast_length"", ""min_mean_threshold"": 1e-10}, ""1"": {""low"": 6, ""high"": 90, ""K"": 25, ""lanczos_factor"": false, ""return_diff"": false, ""on_transform"": true, ""on_inverse"": false}, ""2"": {""method"": ""rolling_zscore"", ""method_params"": {""distribution"": ""uniform"", ""alpha"": 0.05, ""rolling_periods"": 200, ""center"": true}, ""fillna"": ""rolling_mean_24"", ""transform_dict"": {""fillna"": ""ffill"", ""transformations"": {""0"": ""cffilter"", ""1"": ""ConvolutionFilter""}, ""transformation_params"": {""0"": {}, ""1"": {""weight"": [1.0, 0.5, 0.3333333333333333]}}}, ""isolated_only"": false, ""on_inverse"": false}}}",0,1,199.99481114203843,6.529224993271076,6.574532001804341,0.5307664737765013,6.529224993271076,0.0,-783.5069991925292,6.529224993271076,0.0,2.013485358253968,5.459871093814691,0.0,0.49166666666666664,8.351420402526855,0.9833333333333333,2.73789691999095,6.3043580430533765,24.556076625159843,113.39170344837416,0.06559339274545456,783.5069991925292,352.99654047867966,24.697195373276166,0.9999874396249335,199.99481114203843,6.529224993271076,6.574532001804341,0.5307664737765013,6.529224993271076,0.0,6.529224993271076,2.013485358253968,5.459871093814691,8.351420402526855,0.9833333333333333,2.73789691999095,6.3043580430533765,24.556076625159843,113.39170344837416,0.06559339274545456,783.5069991925292,352.99654047867966,24.697195373276166,0.9999874396249335,0.0,0.49166666666666664,0.508,263.47872008434314,92.74334949712205,Wh,92.74334949712205,Wh
43,fbd49dbabba1d2f2bf93be8600bed0e9,FBProphet,"{""holiday"": false, ""regression_type"": null, ""growth"": ""linear"", ""seasonality_mode"": ""multiplicative"", ""changepoint_prior_scale"": 0.001, ""n_changepoints"": 25, ""changepoint_range"": 0.8, ""changepoint_spacing"": null, ""changepoint_distance_end"": null, ""seasonality_prior_scale"": 10.0, ""yearly_seasonality_prior_scale"": null, ""yearly_seasonality_order"": 2, ""weekly_seasonality_prior_scale"": null, ""holidays_prior_scale"": 10.0, ""trend_phi"": null}","{""fillna"": ""rolling_mean"", ""transformations"": {""0"": ""AlignLastValue"", ""1"": ""LevelShiftTransformer"", ""2"": ""ScipyFilter""}, ""transformation_params"": {""0"": {""rows"": 1, ""lag"": 1, ""method"": ""additive"", ""strength"": 1.0, ""first_value_only"": true, ""threshold"": 10, ""threshold_method"": ""mean"", ""mean_type"": ""arithmetic""}, ""1"": {""window_size"": 7, ""alpha"": 3.5, ""grouping_forward_limit"": 2, ""max_level_shifts"": 30, ""alignment"": ""average"", ""output"": ""multivariate"", ""remove_at_shift"": false, ""shift_remove_window"": 1, ""shift_fillna"": ""linear"", ""window_method"": ""exclusive""}, ""2"": {""method"": ""butter"", ""method_args"": {""N"": 2, ""btype"": ""highpass"", ""analog"": false, ""output"": ""sos"", ""Wn"": 0.08333333333333333}}}}",0,1,194.43757039786675,6.396378251954557,6.471995011913238,0.5664590129602791,6.396378251954557,0.0,-767.5468403154184,6.396376835694174,0.01854991912841797,1.9858624075342985,4.726765892947275,0.008333333333333333,0.5,8.351420402526855,0.975,2.718243426590747,6.157438843850422,24.156006490101692,43.98248623909491,0.32490732818957985,767.52829039629,343.4933436206567,19.59296622566099,0.9795938654588688,194.43757039786675,6.396378251954557,6.471995011913238,0.5664590129602791,6.396378251954557,0.0,6.396376835694174,1.9858624075342985,4.726765892947275,8.351420402526855,0.975,2.718243426590747,6.157438843850422,24.156006490101692,43.98248623909491,0.32490732818957985,767.52829039629,343.4933436206567,19.59296622566099,0.9795938654588688,0.008333333333333333,0.5,0.7076,248.31384088165998,90.85634885429398,Wh,90.85634885429398,Wh
44,388bff1e12bb079775f5a7ccf22ff85c,FBProphet,"{""holiday"": true, ""regression_type"": null, ""growth"": ""linear"", ""seasonality_mode"": ""multiplicative"", ""changepoint_prior_scale"": 0.05, ""n_changepoints"": 25, ""changepoint_range"": 0.8, ""changepoint_spacing"": null, ""changepoint_distance_end"": null, ""seasonality_prior_scale"": 10.0, ""yearly_seasonality_prior_scale"": null, ""yearly_seasonality_order"": null, ""weekly_seasonality_prior_scale"": 0.01, ""holidays_prior_scale"": 10.0, ""trend_phi"": 0.999}","{""fillna"": ""ffill_mean_biased"", ""transformations"": {""0"": ""PositiveShift"", ""1"": ""DifferencedTransformer""}, ""transformation_params"": {""0"": {}, ""1"": {""lag"": 1, ""fill"": ""bfill""}}}",0,1,184.37070753537816,6.051002060536018,6.231319485963092,0.4914036596230494,6.051002060536018,0.0,-726.0446612521449,6.05097939077336,0.07558601217720273,1.9126598309734235,5.204993645145546,0.0,0.5083333333333333,8.351420402526855,0.9833333333333333,2.661715665959103,5.767090567377819,24.035892569047828,43.72970861138817,0.007186627564787889,725.9690752399678,305.25813879351244,24.323510019247514,0.9265519740656557,184.37070753537816,6.051002060536018,6.231319485963092,0.4914036596230494,6.051002060536018,0.0,6.05097939077336,1.9126598309734235,5.204993645145546,8.351420402526855,0.9833333333333333,2.661715665959103,5.767090567377819,24.035892569047828,43.72970861138817,0.007186627564787889,725.9690752399678,305.25813879351244,24.323510019247514,0.9265519740656557,0.0,0.5083333333333333,0.722,245.95458139832596,85.95050706423075,Wh,85.95050706423075,Wh
45,43fc3d7e5383b00b89bc360c394105eb,FBProphet,"{""holiday"": true, ""regression_type"": null, ""growth"": ""linear"", ""seasonality_mode"": ""multiplicative"", ""changepoint_prior_scale"": 0.05, ""n_changepoints"": 25, ""changepoint_range"": 0.8, ""changepoint_spacing"": null, ""changepoint_distance_end"": null, ""seasonality_prior_scale"": 25, ""yearly_seasonality_prior_scale"": null, ""yearly_seasonality_order"": null, ""weekly_seasonality_prior_scale"": null, ""holidays_prior_scale"": 10.0, ""trend_phi"": 0.98}","{""fillna"": ""cubic"", ""transformations"": {""0"": ""PositiveShift"", ""1"": ""DifferencedTransformer"", ""2"": ""AnomalyRemoval""}, ""transformation_params"": {""0"": {}, ""1"": {""lag"": 2, ""fill"": ""bfill""}, ""2"": {""method"": ""rolling_zscore"", ""method_params"": {""distribution"": ""uniform"", ""alpha"": 0.05, ""rolling_periods"": 200, ""center"": true}, ""fillna"": ""rolling_mean_24"", ""transform_dict"": {""fillna"": ""ffill"", ""transformations"": {""0"": ""cffilter"", ""1"": ""ConvolutionFilter""}, ""transformation_params"": {""0"": {}, ""1"": {""weight"": [1.0, 0.5, 0.3333333333333333]}}}, ""isolated_only"": false, ""on_inverse"": false}}}",0,1,178.28234172938798,6.056642383568129,6.245497228370229,0.6226449376333681,6.056642383568129,0.0,-678.0410459446668,5.786802354926139,48.75604008350866,2.181844961992522,5.216451603239964,0.0,0.4666666666666667,9.005361439038538,0.9083333333333333,2.9856959785614805,5.756003695377165,23.980953372947464,126.81011395045522,0.20101372758744904,629.2850058611582,236.83729229937268,12.927726823687806,0.8031544101762774,178.28234172938798,6.056642383568129,6.245497228370229,0.6226449376333681,6.056642383568129,0.0,5.786802354926139,2.181844961992522,5.216451603239964,9.005361439038538,0.9083333333333333,2.9856959785614805,5.756003695377165,23.980953372947464,126.81011395045522,0.20101372758744904,629.2850058611582,236.83729229937268,12.927726823687806,0.8031544101762774,0.0,0.4666666666666667,0.807,241.8243031541734,86.03062414562753,Wh,86.03062414562753,Wh
46,7ce66bc46970deb016567081adad4bd5,FBProphet,"{""holiday"": false, ""regression_type"": null, ""growth"": ""linear"", ""seasonality_mode"": ""multiplicative"", ""changepoint_prior_scale"": 0.05, ""n_changepoints"": 25, ""changepoint_range"": 0.8, ""changepoint_spacing"": null, ""changepoint_distance_end"": null, ""seasonality_prior_scale"": 10.0, ""yearly_seasonality_prior_scale"": null, ""yearly_seasonality_order"": 2, ""weekly_seasonality_prior_scale"": null, ""holidays_prior_scale"": 0.1, ""trend_phi"": null}","{""fillna"": ""ffill_mean_biased"", ""transformations"": {""0"": ""bkfilter"", ""1"": ""ScipyFilter""}, ""transformation_params"": {""0"": {}, ""1"": {""method"": ""butter"", ""method_args"": {""N"": 2, ""btype"": ""highpass"", ""analog"": false, ""output"": ""sos"", ""Wn"": 0.08333333333333333}}}}",0,1,185.303653067964,6.266303527107686,6.332507876062684,0.6364840065380589,6.266303527107686,0.0,-751.9564232529224,6.266303527107686,0.0,1.9750928575826223,4.717303479077149,0.0,0.5,8.351420402526855,0.9833333333333333,2.6962797435044243,6.012726694848767,23.31656939787133,108.67036823088345,0.4049154687861431,751.9564232529224,341.7953789178014,13.739449910679332,0.9597195419736623,185.303653067964,6.266303527107686,6.332507876062684,0.6364840065380589,6.266303527107686,0.0,6.266303527107686,1.9750928575826223,4.717303479077149,8.351420402526855,0.9833333333333333,2.6962797435044243,6.012726694848767,23.31656939787133,108.67036823088345,0.4049154687861431,751.9564232529224,341.7953789178014,13.739449910679332,0.9597195419736623,0.0,0.5,0.7278,240.98465185467342,89.00872288342487,Wh,89.00872288342487,Wh
47,a65f3d55802c6efe84e846e8d8914c74,FBProphet,"{""holiday"": true, ""regression_type"": null, ""growth"": ""linear"", ""seasonality_mode"": ""multiplicative"", ""changepoint_prior_scale"": 0.001, ""n_changepoints"": 25, ""changepoint_range"": 0.8, ""changepoint_spacing"": null, ""changepoint_distance_end"": null, ""seasonality_prior_scale"": 0.1, ""yearly_seasonality_prior_scale"": null, ""yearly_seasonality_order"": 2, ""weekly_seasonality_prior_scale"": null, ""holidays_prior_scale"": 10.0, ""trend_phi"": null}","{""fillna"": ""ffill"", ""transformations"": {""0"": ""MinMaxScaler"", ""1"": ""MaxAbsScaler"", ""2"": ""ScipyFilter"", ""3"": ""AlignLastValue""}, ""transformation_params"": {""0"": {}, ""1"": {}, ""2"": {""method"": ""butter"", ""method_args"": {""N"": 1, ""btype"": ""highpass"", ""analog"": false, ""output"": ""sos"", ""Wn"": 0.5}}, ""3"": {""rows"": 1, ""lag"": 28, ""method"": ""additive"", ""strength"": 0.7, ""first_value_only"": true, ""threshold"": null, ""threshold_method"": ""mean"", ""mean_type"": ""arithmetic""}}}",0,1,184.59205488314092,6.269601072427864,6.315083136510017,0.5306241914141481,6.269601072427864,0.0,-752.3521286913438,6.269601072427864,0.0,1.9782063827954763,4.6252740911079036,0.0,0.5333333333333333,8.058288805137815,0.9833333333333333,2.6852436454742907,6.049446468047117,23.60505129078681,107.27227402330371,0.06725259034617459,752.3521286913438,338.6770325370506,24.66038839648439,0.9602245795401683,184.59205488314092,6.269601072427864,6.315083136510017,0.5306241914141481,6.269601072427864,0.0,6.269601072427864,1.9782063827954763,4.6252740911079036,8.058288805137815,0.9833333333333333,2.6852436454742907,6.049446468047117,23.60505129078681,107.27227402330371,0.06725259034617459,752.3521286913438,338.6770325370506,24.66038839648439,0.9602245795401683,0.0,0.5333333333333333,0.7536,239.12162069640698,89.05556234728574,Wh,89.05556234728574,Wh
48,a5deb6512d49970169bf4aeededa5488,RollingRegression,"{""regression_model"": {""model"": ""DecisionTree"", ""model_params"": {""max_depth"": null, ""min_samples_split"": 0.05}}, ""holiday"": false, ""mean_rolling_periods"": null, ""macd_periods"": null, ""std_rolling_periods"": null, ""max_rolling_periods"": 420, ""min_rolling_periods"": 168, ""ewm_var_alpha"": null, ""quantile90_rolling_periods"": null, ""quantile10_rolling_periods"": null, ""ewm_alpha"": null, ""additional_lag_periods"": 6, ""abs_energy"": false, ""rolling_autocorr_periods"": null, ""nonzero_last_n"": null, ""add_date_part"": ""expanded"", ""polynomial_degree"": null, ""x_transform"": null, ""regression_type"": null}","{""fillna"": ""quadratic"", ""transformations"": {""0"": ""ScipyFilter"", ""1"": ""Detrend""}, ""transformation_params"": {""0"": {""method"": ""butter"", ""method_args"": {""N"": 2, ""btype"": ""highpass"", ""analog"": false, ""output"": ""sos"", ""Wn"": 0.03571428571428571}}, ""1"": {""model"": ""GLS"", ""phi"": 1, ""window"": null, ""transform_dict"": {""fillna"": null, ""transformations"": {""0"": ""ClipOutliers""}, ""transformation_params"": {""0"": {""method"": ""clip"", ""std_threshold"": 4}}}}}}",0,1,200.0,6.529307003815969,6.574613388621482,0.5307312025938715,6.529307003815969,0.0,-783.5168404579163,6.529307003815969,0.0,2.013496517037019,3.5680069467411917,0.0,0.5083333333333333,8.351420402526855,0.9833333333333333,2.7379098025430264,6.304430405298869,24.556448881561142,113.39262396558266,0.06543848227728308,783.5168404579163,353.0002518270272,24.701881757395263,1.0,200.0,6.529307003815969,6.574613388621482,0.5307312025938715,6.529307003815969,0.0,6.529307003815969,2.013496517037019,3.5680069467411917,8.351420402526855,0.9833333333333333,2.7379098025430264,6.304430405298869,24.556448881561142,113.39262396558266,0.06543848227728308,783.5168404579163,353.0002518270272,24.701881757395263,1.0,0.0,0.5083333333333333,1.2897,236.4464602827759,92.74451440300832,Wh,92.74451440300832,Wh
49,b9c46aaa0e147863f5efa086ea2de6c7,FBProphet,"{""holiday"": true, ""regression_type"": null, ""growth"": ""linear"", ""seasonality_mode"": ""multiplicative"", ""changepoint_prior_scale"": 0.05, ""n_changepoints"": 50, ""changepoint_range"": 0.8, ""changepoint_spacing"": null, ""changepoint_distance_end"": null, ""seasonality_prior_scale"": 0.1, ""yearly_seasonality_prior_scale"": null, ""yearly_seasonality_order"": null, ""weekly_seasonality_prior_scale"": null, ""holidays_prior_scale"": 10.0, ""trend_phi"": 0.999}","{""fillna"": ""cubic"", ""transformations"": {""0"": ""BKBandpassFilter"", ""1"": ""MeanDifference"", ""2"": ""AlignLastValue"", ""3"": ""DatepartRegression""}, ""transformation_params"": {""0"": {""low"": 6, ""high"": 40, ""K"": 3, ""lanczos_factor"": false, ""return_diff"": true, ""on_transform"": true, ""on_inverse"": false}, ""1"": {}, ""2"": {""rows"": 1, ""lag"": 1, ""method"": ""additive"", ""strength"": 1.0, ""first_value_only"": false, ""threshold"": 10, ""threshold_method"": ""max"", ""mean_type"": ""arithmetic""}, ""3"": {""regression_model"": {""model"": ""ElasticNet"", ""model_params"": {""l1_ratio"": 0.1, ""fit_intercept"": true, ""selection"": ""cyclic"", ""max_iter"": 1000}}, ""datepart_method"": ""lunar_phase"", ""polynomial_degree"": null, ""transform_dict"": {""fillna"": null, ""transformations"": {""0"": ""bkfilter""}, ""transformation_params"": {""0"": {}}}, ""holiday_countries_used"": true, ""lags"": null, ""forward_lags"": null}}}",0,1,169.821289467846,5.609432226881326,5.953913586822643,0.476104340051074,5.609432226881326,0.0,-671.791857434594,5.606853110116136,1.3400097911651647,1.805092227907979,4.825108539224763,0.0,0.5083333333333333,8.220560073852539,0.9833333333333333,2.57086130012957,5.267659288330989,23.468219919525612,40.64705167213223,0.0064355563914876785,670.4518476434289,262.4283576848215,24.677242782551325,0.855695516705923,169.821289467846,5.609432226881326,5.953913586822643,0.476104340051074,5.609432226881326,0.0,5.606853110116136,1.805092227907979,4.825108539224763,8.220560073852539,0.9833333333333333,2.57086130012957,5.267659288330989,23.468219919525612,40.64705167213223,0.0064355563914876785,670.4518476434289,262.4283576848215,24.677242782551325,0.855695516705923,0.0,0.5083333333333333,1.2935,227.7563629635394,79.67829781240862,Wh,79.67829781240862,Wh
50,9b9252239354177d1d76648cdd72c08e,FBProphet,"{""holiday"": true, ""regression_type"": null, ""growth"": ""linear"", ""seasonality_mode"": ""additive"", ""changepoint_prior_scale"": 0.05, ""n_changepoints"": 25, ""changepoint_range"": 0.8, ""changepoint_spacing"": null, ""changepoint_distance_end"": null, ""seasonality_prior_scale"": 0.1, ""yearly_seasonality_prior_scale"": null, ""yearly_seasonality_order"": null, ""weekly_seasonality_prior_scale"": null, ""holidays_prior_scale"": 10.0, ""trend_phi"": 0.999}","{""fillna"": ""pchip"", ""transformations"": {""0"": ""DifferencedTransformer"", ""1"": ""DifferencedTransformer"", ""2"": ""PowerTransformer"", ""3"": ""bkfilter""}, ""transformation_params"": {""0"": {""lag"": 1, ""fill"": ""zero""}, ""1"": {""lag"": 1, ""fill"": ""zero""}, ""2"": {}, ""3"": {}}}",0,1,159.67437978586733,5.331793116658305,5.70609011016853,0.509658628516851,5.331793116658305,0.0,-605.9091414242073,5.208019321954765,33.906032574789236,1.8849299982555494,4.5891395482514525,0.0,0.5,8.220560073852539,0.85,2.528545518819601,4.985384203789488,23.011393537146237,38.291741612655734,0.08745196584118906,572.003108849418,196.64502452782259,21.36317080653704,0.7300457109704473,159.67437978586733,5.331793116658305,5.70609011016853,0.509658628516851,5.331793116658305,0.0,5.208019321954765,1.8849299982555494,4.5891395482514525,8.220560073852539,0.85,2.528545518819601,4.985384203789488,23.011393537146237,38.291741612655734,0.08745196584118906,572.003108849418,196.64502452782259,21.36317080653704,0.7300457109704473,0.0,0.5,0.7464,215.31358941786843,75.73461673846487,Wh,75.73461673846487,Wh
51,60a7bbc77a8d9e87609f59d6ce653755,FBProphet,"{""holiday"": false, ""regression_type"": null, ""growth"": ""linear"", ""seasonality_mode"": ""additive"", ""changepoint_prior_scale"": 0.05, ""n_changepoints"": 25, ""changepoint_range"": 0.8, ""changepoint_spacing"": 180, ""changepoint_distance_end"": 60, ""seasonality_prior_scale"": 10.0, ""yearly_seasonality_prior_scale"": null, ""yearly_seasonality_order"": null, ""weekly_seasonality_prior_scale"": null, ""holidays_prior_scale"": 20, ""trend_phi"": null}","{""fillna"": ""ffill_mean_biased"", ""transformations"": {""0"": ""bkfilter"", ""1"": ""Slice"", ""2"": ""Slice""}, ""transformation_params"": {""0"": {}, ""1"": {""method"": 0.5}, ""2"": {""method"": 0.2}}}",0,1,73.99008884881083,8.648289270766627,9.955552190046989,0.48968826924424186,8.648289270766627,0.0,-0.5263152076309234,2.0831817878987393,1037.2683972843643,8.647427114616473,6.112001772566188,0.10833333333333334,0.5,17.45815636440829,0.058333333333333334,9.322638857710702,7.3842050516072275,45.742321109201825,153.67243606638056,0.005645434786120308,1036.7420820767334,303.41626195744055,23.734383759951857,1.3231905538505373,73.99008884881083,8.648289270766627,9.955552190046989,0.48968826924424186,8.648289270766627,0.0,2.0831817878987393,8.647427114616473,6.112001772566188,17.45815636440829,0.058333333333333334,9.322638857710702,7.3842050516072275,45.742321109201825,153.67243606638056,0.005645434786120308,1036.7420820767334,303.41626195744055,23.734383759951857,1.3231905538505373,0.10833333333333334,0.5,0.4948,206.54237994427464,122.84326473931027,Wh,122.84326473931027,Wh
52,6bd25b2d6e2e78ea89604e6d4409e5f2,ARIMA,"{""p"": 0, ""d"": 0, ""q"": 12, ""regression_type"": null}","{""fillna"": ""mean"", ""transformations"": {""0"": ""AnomalyRemoval"", ""1"": ""MaxAbsScaler"", ""2"": ""FFTDecomposition"", ""3"": ""AlignLastValue"", ""4"": ""MaxAbsScaler""}, ""transformation_params"": {""0"": {""method"": ""zscore"", ""method_params"": {""distribution"": ""chi2"", ""alpha"": 0.05}, ""fillna"": ""ffill"", ""transform_dict"": null, ""isolated_only"": false, ""on_inverse"": false}, ""1"": {}, ""2"": {""n_harmonics"": 0.5, ""detrend"": ""cubic""}, ""3"": {""rows"": 1, ""lag"": 1, ""method"": ""additive"", ""strength"": 1.0, ""first_value_only"": false, ""threshold"": null, ""threshold_method"": ""max"", ""mean_type"": ""arithmetic""}, ""4"": {}}}",0,1,152.27732430782453,5.12351364216532,5.516893391009452,0.5700504480125111,5.12351364216532,0.0,-611.978594796432,5.11609963939625,2.843042263406346,1.722236162356865,4.109104673300075,0.10833333333333334,0.475,8.220560073852539,0.9833333333333333,2.437356101754768,4.789447601546036,22.644591795801247,38.18686305186397,0.328742223238421,609.1355525330257,221.2727073667025,11.212241306828702,0.7774377283033563,152.27732430782453,5.12351364216532,5.516893391009452,0.5700504480125111,5.12351364216532,0.0,5.11609963939625,1.722236162356865,4.109104673300075,8.220560073852539,0.9833333333333333,2.437356101754768,4.789447601546036,22.644591795801247,38.18686305186397,0.328742223238421,609.1355525330257,221.2727073667025,11.212241306828702,0.7774377283033563,0.10833333333333334,0.475,1.7817,202.04639476159076,72.77614370132997,Wh,72.77614370132997,Wh
53,7f3dae2db7f8f54e43793c2adfcf3abd,ARIMA,"{""p"": 0, ""d"": 0, ""q"": 0, ""regression_type"": ""Holiday""}","{""fillna"": ""ffill"", ""transformations"": {""0"": ""ClipOutliers""}, ""transformation_params"": {""0"": {""method"": ""clip"", ""std_threshold"": 2, ""fillna"": null}}}",0,1,196.9140125052484,6.440431503454844,6.5255206961988135,0.7307174372635445,6.440431503454844,0.0,-771.1473113000455,6.434518474435686,1.7044691145357476,1.9959689691084121,1.1131321677373656,1.0,0.49166666666666664,8.351420402526855,0.9833333333333333,2.723913131298345,6.19987099310931,24.229229864261974,112.83943576032624,0.4322385652894088,769.4428421855098,347.95611833532,14.714497443814723,0.9820374016923732,196.9140125052484,6.440431503454844,6.5255206961988135,0.7307174372635445,6.440431503454844,0.0,6.434518474435686,1.9959689691084121,1.1131321677373656,8.351420402526855,0.9833333333333333,2.723913131298345,6.19987099310931,24.229229864261974,112.83943576032624,0.4322385652894088,769.4428421855098,347.95611833532,14.714497443814723,0.9820374016923732,1.0,0.49166666666666664,0.1048,198.74307730098226,91.48209633651221,Wh,91.48209633651221,Wh
54,b237aa4833c9f94d2cd511f82d0422eb,DatepartRegression,"{""regression_model"": {""model"": ""RadiusNeighbors"", ""model_params"": {""radius"": 0.5, ""weights"": ""uniform"", ""algorithm"": ""ball_tree"", ""leaf_size"": 10, ""p"": 1, ""metric"": ""minkowski""}}, ""datepart_method"": [""db2_365.25_12_0.5"", ""morlet_7_7_1""], ""polynomial_degree"": null, ""holiday_countries_used"": false, ""lags"": null, ""forward_lags"": null, ""regression_type"": null}","{""fillna"": ""cubic"", ""transformations"": {""0"": ""bkfilter"", ""1"": ""Detrend"", ""2"": ""RobustScaler""}, ""transformation_params"": {""0"": {}, ""1"": {""model"": ""Linear"", ""phi"": 1, ""window"": null}, ""2"": {}}}",0,1,150.22175720100535,4.980871776524498,5.471429969647045,0.5515178627428046,4.980871776524498,0.0,-581.11986246303,4.925022211994086,16.584750719909806,1.7222920954808763,3.974540176066752,0.175,0.4666666666666667,8.220560073852539,0.9833333333333333,2.393371565036875,4.603794525572153,22.44286408710928,36.22685601517718,0.14245001926836262,564.5351117431202,189.1244719265543,16.214497633040413,0.720514330506521,150.22175720100535,4.980871776524498,5.471429969647045,0.5515178627428046,4.980871776524498,0.0,4.925022211994086,1.7222920954808763,3.974540176066752,8.220560073852539,0.9833333333333333,2.393371565036875,4.603794525572153,22.44286408710928,36.22685601517718,0.14245001926836262,564.5351117431202,189.1244719265543,16.214497633040413,0.720514330506521,0.175,0.4666666666666667,0.2199,197.87058578352688,70.7500097556194,Wh,70.7500097556194,Wh
55,db269120138af64613f1b8500b243ffa,ARIMA,"{""p"": 0, ""d"": 0, ""q"": 3, ""regression_type"": null}","{""fillna"": ""cubic"", ""transformations"": {""0"": ""Slice""}, ""transformation_params"": {""0"": {""method"": 0.5}}}",0,1,197.2090826030446,6.448710377050658,6.505439591512668,0.5095408238638675,6.448710377050658,0.0,-773.845245246079,6.448710377050658,0.0,2.0007402235490557,0.7761110462310815,1.0,0.5083333333333333,8.351420402526855,0.9833333333333333,2.725219976521942,6.217196332512206,24.474982926740413,53.92855137129316,0.028007640958312898,773.845245246079,344.71924546537394,24.632555590968327,0.9876561744273616,197.2090826030446,6.448710377050658,6.505439591512668,0.5095408238638675,6.448710377050658,0.0,6.448710377050658,2.0007402235490557,0.7761110462310815,8.351420402526855,0.9833333333333333,2.725219976521942,6.217196332512206,24.474982926740413,53.92855137129316,0.028007640958312898,773.845245246079,344.71924546537394,24.632555590968327,0.9876561744273616,1.0,0.5083333333333333,0.1082,194.06338115815947,91.59969229439854,Wh,91.59969229439854,Wh
56,d63fd894f0c0b7e5f55d3a888718cd65,ARIMA,"{""p"": 1, ""d"": 0, ""q"": 5, ""regression_type"": null}","{""fillna"": ""rolling_mean_24"", ""transformations"": {""0"": ""Slice""}, ""transformation_params"": {""0"": {""method"": 0.5}}}",0,1,197.77913909955953,6.466121763261894,6.519389553161436,0.5127153266137723,6.466121763261894,0.0,-775.9346115914273,6.466121763261894,0.0,2.0035327787382045,0.7305596111569942,0.9916666666666667,0.5083333333333333,8.351420402526855,0.9833333333333333,2.72796637360946,6.23768031629013,24.49275969820419,53.80656936376281,0.0434565298507429,775.9346115914273,346.50034983222486,24.647532206078022,0.9903228259113643,197.77913909955953,6.466121763261894,6.519389553161436,0.5127153266137723,6.466121763261894,0.0,6.466121763261894,2.0035327787382045,0.7305596111569942,8.351420402526855,0.9833333333333333,2.72796637360946,6.23768031629013,24.49275969820419,53.80656936376281,0.0434565298507429,775.9346115914273,346.50034983222486,24.647532206078022,0.9903228259113643,0.9916666666666667,0.5083333333333333,0.5126,193.92357762289998,91.84700959136444,Wh,91.84700959136444,Wh
57,4c9576dcef2b08c4b4da2cc940afbcec,ARIMA,"{""p"": 0, ""d"": 0, ""q"": 2, ""regression_type"": ""Holiday""}","{""fillna"": ""zero"", ""transformations"": {""0"": ""Constraint"", ""1"": ""CenterLastValue""}, ""transformation_params"": {""0"": {""constraint_method"": ""stdev"", ""constraint_direction"": ""upper"", ""constraint_regularization"": 1.0, ""constraint_value"": 0.5, ""bounds_only"": true, ""fillna"": null}, ""1"": {""rows"": 4}}}",0,1,197.8664840127,6.461781809012477,6.519358379561656,0.5095408238638675,6.461781809012477,0.0,-775.4138170814972,6.461781809012477,0.0,2.001851054565802,0.7255912657456768,1.0,0.5083333333333333,8.351420402526855,0.9833333333333333,2.7272820666806203,6.232574487761404,24.48860191993123,50.40032414545651,0.05222660479226695,775.4138170814972,346.04450385978686,24.643799141771787,0.9896581375689598,197.8664840127,6.461781809012477,6.519358379561656,0.5095408238638675,6.461781809012477,0.0,6.461781809012477,2.001851054565802,0.7255912657456768,8.351420402526855,0.9833333333333333,2.7272820666806203,6.232574487761404,24.48860191993123,50.40032414545651,0.05222660479226695,775.4138170814972,346.04450385978686,24.643799141771787,0.9896581375689598,1.0,0.5083333333333333,0.1335,193.89174251043954,91.78536339381878,Wh,91.78536339381878,Wh
58,c6e3d72ff32e114208c7fbc59ea499fa,DatepartRegression,"{""regression_model"": {""model"": ""RadiusNeighbors"", ""model_params"": {""radius"": 2.0, ""weights"": ""distance"", ""algorithm"": ""kd_tree"", ""leaf_size"": 10, ""p"": 2, ""metric"": ""minkowski""}}, ""datepart_method"": ""simple"", ""polynomial_degree"": null, ""holiday_countries_used"": true, ""lags"": null, ""forward_lags"": null, ""regression_type"": null}","{""fillna"": ""cubic"", ""transformations"": {""0"": ""RollingMeanTransformer"", ""1"": ""AlignLastValue""}, ""transformation_params"": {""0"": {""fixed"": true, ""window"": 3, ""macro_micro"": false, ""center"": false, ""mean_type"": ""arithmetic""}, ""1"": {""rows"": 1, ""lag"": 7, ""method"": ""additive"", ""strength"": 1.0, ""first_value_only"": false, ""threshold"": 10, ""threshold_method"": ""mean"", ""mean_type"": ""arithmetic""}}}",0,1,140.7971250603725,5.173784018831046,5.6453805209509795,0.5600529695699948,5.173784018831046,0.0,-487.25880167632835,4.458277998569055,133.5952805833972,2.40948396146806,3.988656039058325,0.16666666666666666,0.5166666666666667,9.033865889449729,0.8083333333333333,3.252816720908468,4.778254636490118,22.691337481213182,37.79442835299433,0.09857426088634907,353.6635210929312,98.01891989310953,13.043741518717438,0.45137960389752074,140.7971250603725,5.173784018831046,5.6453805209509795,0.5600529695699948,5.173784018831046,0.0,4.458277998569055,2.40948396146806,3.988656039058325,9.033865889449729,0.8083333333333333,3.252816720908468,4.778254636490118,22.691337481213182,37.79442835299433,0.09857426088634907,353.6635210929312,98.01891989310953,13.043741518717438,0.45137960389752074,0.16666666666666666,0.5166666666666667,0.3329,192.70668128668422,73.49020136012811,Wh,73.49020136012811,Wh
59,04532c7a67aa15156fcf7d6e27401bdd,FBProphet,"{""holiday"": true, ""regression_type"": null, ""growth"": ""linear"", ""seasonality_mode"": ""additive"", ""changepoint_prior_scale"": 30, ""n_changepoints"": 5, ""changepoint_range"": 60, ""changepoint_spacing"": null, ""changepoint_distance_end"": null, ""seasonality_prior_scale"": 0.1, ""yearly_seasonality_prior_scale"": 15, ""yearly_seasonality_order"": 12, ""weekly_seasonality_prior_scale"": null, ""holidays_prior_scale"": 10.0, ""trend_phi"": 0.8}","{""fillna"": ""ffill"", ""transformations"": {""0"": ""ScipyFilter"", ""1"": ""Detrend"", ""2"": ""RobustScaler"", ""3"": ""SeasonalDifference"", ""4"": ""AlignLastDiff""}, ""transformation_params"": {""0"": {""method"": ""savgol_filter"", ""method_args"": {""window_length"": 31, ""polyorder"": 2, ""deriv"": 1, ""mode"": ""nearest""}}, ""1"": {""model"": ""Linear"", ""phi"": 0.999, ""window"": null, ""transform_dict"": null}, ""2"": {}, ""3"": {""lag_1"": 7, ""method"": ""Median""}, ""4"": {""rows"": 1, ""displacement_rows"": 1, ""quantile"": 0, ""decay_span"": null}}}",0,1,138.87728344317938,4.848072663922667,5.458371228390728,0.7154405185633033,4.848072663922667,0.0,-554.8283599940274,4.75924108060314,26.940359676692665,1.7152152651407881,3.6257991215123915,0.25833333333333336,0.5416666666666666,8.351420402526855,0.9333333333333333,2.3942278979013207,4.334762706985013,16.270975927865127,91.5611869372167,0.17521559764816977,527.8880003173347,271.87742277460404,10.958498216377757,0.67374174115877,138.87728344317938,4.848072663922667,5.458371228390728,0.7154405185633033,4.848072663922667,0.0,4.75924108060314,1.7152152651407881,3.6257991215123915,8.351420402526855,0.9333333333333333,2.3942278979013207,4.334762706985013,16.270975927865127,91.5611869372167,0.17521559764816977,527.8880003173347,271.87742277460404,10.958498216377757,0.67374174115877,0.25833333333333336,0.5416666666666666,1.3911,184.8819595477267,68.86368564737805,Wh,68.86368564737805,Wh
60,5d783df84236797fe3f3fc5ff9dc3f21,ARIMA,"{""p"": 4, ""d"": 0, ""q"": 0, ""regression_type"": null}","{""fillna"": ""cubic"", ""transformations"": {""0"": ""bkfilter"", ""1"": ""DifferencedTransformer""}, ""transformation_params"": {""0"": {}, ""1"": {""lag"": 1, ""fill"": ""bfill""}}}",0,1,15.710297456938138,1.0650526553222508,1.2371038851553409,0.48346827231433565,1.0650526553222508,0.0,-6.338723609866695,0.6887717520019042,121.46759502880342,1.054776143155225,11.569933317762775,1.0,0.45,2.9972812233557953,0.9833333333333333,1.3885820505620923,0.8757724783222074,4.986606650367814,2.675722255243166,0.016388158760815143,115.12887141893673,36.530994607862034,29.150908843227278,0.14693860485710958,15.710297456938138,1.0650526553222508,1.2371038851553409,0.48346827231433565,1.0650526553222508,0.0,0.6887717520019042,1.054776143155225,11.569933317762775,2.9972812233557953,0.9833333333333333,1.3885820505620923,0.8757724783222074,4.986606650367814,2.675722255243166,0.016388158760815143,115.12887141893673,36.530994607862034,29.150908843227278,0.14693860485710958,1.0,0.45,0.0461,184.6310496399223,15.128372930506615,Wh,15.128372930506615,Wh
61,0dddae79df50fd7e8038436844fdf806,RollingRegression,"{""regression_model"": {""model"": ""BayesianRidge"", ""model_params"": {}}, ""holiday"": false, ""mean_rolling_periods"": 30, ""macd_periods"": 7, ""std_rolling_periods"": 7, ""max_rolling_periods"": 420, ""min_rolling_periods"": 7, ""ewm_var_alpha"": null, ""quantile90_rolling_periods"": null, ""quantile10_rolling_periods"": null, ""ewm_alpha"": null, ""additional_lag_periods"": 27, ""abs_energy"": false, ""rolling_autocorr_periods"": null, ""nonzero_last_n"": null, ""add_date_part"": null, ""polynomial_degree"": null, ""x_transform"": null, ""regression_type"": null}","{""fillna"": ""pchip"", ""transformations"": {""0"": ""G726Filter"", ""1"": ""AlignLastValue"", ""2"": ""AlignLastValue"", ""3"": ""FFTDecomposition""}, ""transformation_params"": {""0"": {""quant_bits"": 4, ""adaptation_rate"": 0.9484562334589527, ""prediction_alpha"": 0.856128472097772, ""floor_step"": 0.028299478193843743, ""dynamic_range"": 0.7911314858101883, ""blend"": 0.21868056304724529, ""noise_gate"": 0.0, ""fill_method"": ""interpolate"", ""on_transform"": true, ""on_inverse"": false, ""quantizer"": ""nonuniform"", ""use_adaptive_predictor"": true, ""predictor_leak"": 0.9995735156700725, ""bounds_only"": false}, ""1"": {""rows"": 1, ""lag"": 28, ""method"": ""additive"", ""strength"": 1.0, ""first_value_only"": false, ""threshold"": 1, ""threshold_method"": ""mean"", ""mean_type"": ""arithmetic""}, ""2"": {""rows"": 1, ""lag"": 1, ""method"": ""additive"", ""strength"": 1.0, ""first_value_only"": false, ""threshold"": 1, ""threshold_method"": ""max"", ""mean_type"": ""arithmetic""}, ""3"": {""n_harmonics"": -0.5, ""detrend"": ""linear""}}}",0,1,71.52276910778184,7.275973717502245,7.416258791404038,1.1426428721083104,7.275973717502245,0.0,-0.054761228188835886,2.091508707414052,873.0620848720805,7.275961660745015,5.303044888476624,0.008333333333333333,0.5333333333333333,10.86099040879942,0.025,6.987582293211148,6.900519002307897,30.363447532599327,63.12472761106198,1.158063029215842,873.0073236438917,354.874630975789,30.548030156993367,1.1142164131835046,71.52276910778184,7.275973717502245,7.416258791404038,1.1426428721083104,7.275973717502245,0.0,2.091508707414052,7.275961660745015,5.303044888476624,10.86099040879942,0.025,6.987582293211148,6.900519002307897,30.363447532599327,63.12472761106198,1.158063029215842,873.0073236438917,354.874630975789,30.548030156993367,1.1142164131835046,0.008333333333333333,0.5333333333333333,0.8521,179.76854571465122,103.35042430144806,Wh,103.35042430144806,Wh
62,07e739cdcead66f5dcdec3ddf98bba38,ARIMA,"{""p"": 1, ""d"": 3, ""q"": 12, ""regression_type"": null}","{""fillna"": ""ffill_mean_biased"", ""transformations"": {""0"": ""LevelShiftTransformer"", ""1"": ""LevelShiftTransformer""}, ""transformation_params"": {""0"": {""window_size"": 90, ""alpha"": 2.5, ""grouping_forward_limit"": 3, ""max_level_shifts"": 5, ""alignment"": ""average"", ""output"": ""multivariate"", ""remove_at_shift"": true, ""shift_remove_window"": 2, ""shift_fillna"": ""linear"", ""window_method"": ""diff_overlap""}, ""1"": {""window_size"": 364, ""alpha"": 4.0, ""grouping_forward_limit"": 3, ""max_level_shifts"": 10, ""alignment"": ""rolling_diff_3nn"", ""output"": ""multivariate"", ""remove_at_shift"": true, ""shift_remove_window"": 0, ""shift_fillna"": ""ffill"", ""window_method"": ""exclusive""}}}",0,1,164.58847610923286,5.535331137562198,5.804736318047039,0.5479136133544762,5.535331137562198,0.0,-663.0116188163225,5.531773133005538,1.2281176911412777,1.826002833656284,1.6356372187381785,0.9833333333333333,0.5083333333333333,8.220560073852539,0.9833333333333333,2.5269018709321602,5.234096416747912,23.29990168502005,42.989664428182785,0.22606163762875564,661.7835011251813,258.13704949074366,18.766835235724074,0.8446321341841363,164.58847610923286,5.535331137562198,5.804736318047039,0.5479136133544762,5.535331137562198,0.0,5.531773133005538,1.826002833656284,1.6356372187381785,8.220560073852539,0.9833333333333333,2.5269018709321602,5.234096416747912,23.29990168502005,42.989664428182785,0.22606163762875564,661.7835011251813,258.13704949074366,18.766835235724074,0.8446321341841363,0.9833333333333333,0.5083333333333333,5.7821,177.82956608925397,78.62574054383174,Wh,78.62574054383174,Wh
63,430d1a5f84160af132bd4df8ba0db79c,FBProphet,"{""holiday"": false, ""regression_type"": null, ""growth"": ""linear"", ""seasonality_mode"": ""multiplicative"", ""changepoint_prior_scale"": 0.001, ""n_changepoints"": 50, ""changepoint_range"": 0.8, ""changepoint_spacing"": null, ""changepoint_distance_end"": null, ""seasonality_prior_scale"": 0.1, ""yearly_seasonality_prior_scale"": null, ""yearly_seasonality_order"": 6, ""weekly_seasonality_prior_scale"": 0.0001, ""holidays_prior_scale"": 10.0, ""trend_phi"": null}","{""fillna"": ""time"", ""transformations"": {""0"": ""ReconciliationTransformer"", ""1"": ""QuantileTransformer"", ""2"": ""FFTDecomposition"", ""3"": ""DifferencedTransformer""}, ""transformation_params"": {""0"": {""group_size"": 30, ""hierarchy_map"": null, ""reconciliation_params"": {""method"": ""none"", ""cov_source"": ""forecasts"", ""weighting"": ""identity"", ""shrinkage"": 0.7, ""ledoit_wolf"": true, ""ridge"": 1e-09, ""volatility_params"": {""method"": ""cv"", ""power"": 1.7741523930247918, ""mix"": 0.9075105162097343}, ""iterative_params"": {""max_iterations"": 15, ""convergence_threshold"": 1e-07, ""damping_factor"": 0.6785395432457011}}}, ""1"": {""output_distribution"": ""uniform"", ""n_quantiles"": 27}, ""2"": {""n_harmonics"": -0.5, ""detrend"": ""linear""}, ""3"": {""lag"": 1, ""fill"": ""zero""}}}",0,1,171.54157173237303,5.806645664317704,6.030364940289059,1.0231025489246384,5.806645664317704,0.0,-692.9852181043022,5.799017039874283,3.8122616138221215,1.8693448859836592,0.9122182833786224,0.9916666666666667,0.5,8.102950409054756,0.9583333333333334,2.6149731915921026,5.512568629832007,23.044046916293087,44.36046681688921,0.879350743385396,689.1729564904801,287.4898219617804,37.53981337675739,0.8795892071543758,171.54157173237303,5.806645664317704,6.030364940289059,1.0231025489246384,5.806645664317704,0.0,5.799017039874283,1.8693448859836592,0.9122182833786224,8.102950409054756,0.9583333333333334,2.6149731915921026,5.512568629832007,23.044046916293087,44.36046681688921,0.879350743385396,689.1729564904801,287.4898219617804,37.53981337675739,0.8795892071543758,0.9916666666666667,0.5,11.9463,174.22188237380644,82.47958506664483,Wh,82.47958506664483,Wh
64,8ee82084dd1d0f9b5d7c62e90c8f5e32,ARIMA,"{""p"": 0, ""d"": 2, ""q"": 0, ""regression_type"": null}","{""fillna"": ""ffill_mean_biased"", ""transformations"": {""0"": ""QuantileTransformer"", ""1"": ""RollingMeanTransformer"", ""2"": ""CenterLastValue"", ""3"": ""ScipyFilter"", ""4"": ""DifferencedTransformer""}, ""transformation_params"": {""0"": {""output_distribution"": ""normal"", ""n_quantiles"": 27}, ""1"": {""fixed"": false, ""window"": 10, ""macro_micro"": false, ""center"": false, ""mean_type"": ""arithmetic""}, ""2"": {""rows"": 4}, ""3"": {""method"": ""savgol_filter"", ""method_args"": {""window_length"": 7, ""polyorder"": 2, ""deriv"": 0, ""mode"": ""nearest""}}, ""4"": {""lag"": 1, ""fill"": ""bfill""}}}",0,1,41.376739321091534,3.453575752438394,3.878764812115955,0.6287517321482484,3.453575752438394,0.0,-8.589013443775253,1.40545871372099,405.84007684883204,3.4259713464033896,7.9882539586457275,0.0,0.425,6.41549015045166,0.18333333333333332,3.817453797912131,3.096602518363765,16.820179772441193,19.64674234412735,0.2999508293931088,397.25106340505675,121.75480477992164,7.371621385071583,0.5070102426552676,41.376739321091534,3.453575752438394,3.878764812115955,0.6287517321482484,3.453575752438394,0.0,1.40545871372099,3.4259713464033896,7.9882539586457275,6.41549015045166,0.18333333333333332,3.817453797912131,3.096602518363765,16.820179772441193,19.64674234412735,0.2999508293931088,397.25106340505675,121.75480477992164,7.371621385071583,0.5070102426552676,0.0,0.425,0.2405,169.57495406389287,49.05577359537661,Wh,49.05577359537661,Wh
65,a3d8ef5573797eb93577a7586d30649f,ARIMA,"{""p"": 4, ""d"": 0, ""q"": 2, ""regression_type"": null}","{""fillna"": ""cubic"", ""transformations"": {""0"": ""bkfilter"", ""1"": ""AlignLastValue"", ""2"": ""DifferencedTransformer"", ""3"": ""bkfilter""}, ""transformation_params"": {""0"": {}, ""1"": {""rows"": 1, ""lag"": 7, ""method"": ""additive"", ""strength"": 1.0, ""first_value_only"": false, ""threshold"": 10, ""threshold_method"": ""mean"", ""mean_type"": ""arithmetic""}, ""2"": {""lag"": 1, ""fill"": ""bfill""}, ""3"": {}}}",0,1,11.146690878702248,0.7319012671438924,0.87964853522359,0.49460128637415524,0.7319012671438924,0.0,-17.920917169627824,0.5513492651531993,69.90723488763926,0.6934461416908515,10.770412432956627,1.0,0.5333333333333333,2.3777312763644716,0.9833333333333333,1.2835974500966256,0.5788651218751166,3.2278740692071817,1.0917179199628155,0.3817661045577985,51.986317718011435,11.666048528658468,18.11407498688143,0.06634996854391631,11.146690878702248,0.7319012671438924,0.87964853522359,0.49460128637415524,0.7319012671438924,0.0,0.5513492651531993,0.6934461416908515,10.770412432956627,2.3777312763644716,0.9833333333333333,1.2835974500966256,0.5788651218751166,3.2278740692071817,1.0917179199628155,0.3817661045577985,51.986317718011435,11.666048528658468,18.11407498688143,0.06634996854391631,1.0,0.5333333333333333,0.4588,167.48894937086234,10.396176435345325,Wh,10.396176435345325,Wh
66,54d4c9c1bcb83fe40f4667f71fbfe76c,FBProphet,"{""holiday"": false, ""regression_type"": null, ""growth"": ""linear"", ""seasonality_mode"": ""multiplicative"", ""changepoint_prior_scale"": 0.05, ""n_changepoints"": 25, ""changepoint_range"": 0.8, ""changepoint_spacing"": null, ""changepoint_distance_end"": null, ""seasonality_prior_scale"": 0.1, ""yearly_seasonality_prior_scale"": null, ""yearly_seasonality_order"": null, ""weekly_seasonality_prior_scale"": null, ""holidays_prior_scale"": 10.0, ""trend_phi"": 0.999}","{""fillna"": ""cubic"", ""transformations"": {""0"": ""Slice"", ""1"": ""AlignLastValue"", ""2"": ""Round""}, ""transformation_params"": {""0"": {""method"": 0.2}, ""1"": {""rows"": 1, ""lag"": 7, ""method"": ""additive"", ""strength"": 1.0, ""first_value_only"": false, ""threshold"": 10, ""threshold_method"": ""mean"", ""mean_type"": ""arithmetic""}, ""2"": {""decimals"": 0, ""on_transform"": false, ""on_inverse"": true}}}",0,1,115.76275326768331,4.166647247473398,4.613471463516184,0.5521784764922982,4.166647247473398,0.0,-498.5708794593811,4.16379365994443,1.4267902374267578,1.5307450852891553,3.6333593296292626,0.0,0.49166666666666664,6.759950160980225,0.9833333333333333,2.199069717817035,3.7617940201478848,20.278400317108566,28.7915090679872,0.2267209470918632,497.14408922195435,161.40893009807243,20.323585450717196,0.6345033872295648,115.76275326768331,4.166647247473398,4.613471463516184,0.5521784764922982,4.166647247473398,0.0,4.16379365994443,1.5307450852891553,3.6333593296292626,6.759950160980225,0.9833333333333333,2.199069717817035,3.7617940201478848,20.278400317108566,28.7915090679872,0.2267209470918632,497.14408922195435,161.40893009807243,20.323585450717196,0.6345033872295648,0.0,0.49166666666666664,0.552,163.3467901063715,59.184485494357276,Wh,59.184485494357276,Wh
67,bc6aec63cbbb6d144809d1b9c5b6a46d,ARIMA,"{""p"": 0, ""d"": 0, ""q"": 2, ""regression_type"": ""Holiday""}","{""fillna"": ""cubic"", ""transformations"": {""0"": ""bkfilter"", ""1"": ""AlignLastValue""}, ""transformation_params"": {""0"": {}, ""1"": {""rows"": 1, ""lag"": 7, ""method"": ""additive"", ""strength"": 1.0, ""first_value_only"": false, ""threshold"": 10, ""threshold_method"": ""mean"", ""mean_type"": ""arithmetic""}}}",0,1,138.20482571809347,5.31929445246717,5.390327384422896,0.5074266258875525,5.31929445246717,0.0,-638.3153342960603,5.31929445246717,0.0,1.8311494312395455,0.9138659014327699,1.0,0.5083333333333333,7.199745433970605,0.9833333333333333,2.4934428665083836,5.087858899091186,20.01344362967104,32.15194079561821,0.10323805445065169,638.3153342960603,286.4468988077682,24.520778242399945,0.8146797890432134,138.20482571809347,5.31929445246717,5.390327384422896,0.5074266258875525,5.31929445246717,0.0,5.31929445246717,1.8311494312395455,0.9138659014327699,7.199745433970605,0.9833333333333333,2.4934428665083836,5.087858899091186,20.01344362967104,32.15194079561821,0.10323805445065169,638.3153342960603,286.4468988077682,24.520778242399945,0.8146797890432134,1.0,0.5083333333333333,0.2295,147.45768961225852,75.55708142875808,Wh,75.55708142875808,Wh
68,aed9b95e88e04201d5cf74a765146c14,DatepartRegression,"{""regression_model"": {""model"": ""ElasticNet"", ""model_params"": {""l1_ratio"": 0.5, ""fit_intercept"": false, ""selection"": ""cyclic"", ""max_iter"": 1000}}, ""datepart_method"": ""anchored_segment_fourier:us_school"", ""polynomial_degree"": null, ""holiday_countries_used"": false, ""lags"": 1, ""forward_lags"": 4, ""regression_type"": null}","{""fillna"": ""ffill_mean_biased"", ""transformations"": {""0"": ""AlignLastValue"", ""1"": ""bkfilter"", ""2"": ""CointegrationTransformer""}, ""transformation_params"": {""0"": {""rows"": 7, ""lag"": 2, ""method"": ""additive"", ""strength"": 1.0, ""first_value_only"": true, ""threshold"": null, ""threshold_method"": ""max"", ""mean_type"": ""arithmetic""}, ""1"": {}, ""2"": {""n_components"": 5, ""max_components"": 20, ""shrinkage"": 0.01, ""method"": ""cca"", ""min_periods"": 30}}}",0,1,123.84971025797988,4.0087132166538915,4.8277446625964275,0.5024199003792104,4.0087132166538915,0.0,-473.9768952812467,3.992734199484097,7.068690717220306,1.4037840251515485,1.9310991644681368,0.375,0.5083333333333333,7.405900001525879,0.9833333333333333,2.1156641561121248,3.5260413336653667,20.45079297406253,31.870376351976056,0.03318273598347208,466.9082045640264,133.2490590699166,26.164920475500306,0.595913425793309,123.84971025797988,4.0087132166538915,4.8277446625964275,0.5024199003792104,4.0087132166538915,0.0,3.992734199484097,1.4037840251515485,1.9310991644681368,7.405900001525879,0.9833333333333333,2.1156641561121248,3.5260413336653667,20.45079297406253,31.870376351976056,0.03318273598347208,466.9082045640264,133.2490590699166,26.164920475500306,0.595913425793309,0.375,0.5083333333333333,2.2833,144.43014254118438,56.94113639352554,Wh,56.94113639352554,Wh
69,61444ba5870f28b64ac0fcde7778a441,FBProphet,"{""holiday"": false, ""regression_type"": null, ""growth"": ""linear"", ""seasonality_mode"": ""multiplicative"", ""changepoint_prior_scale"": 0.05, ""n_changepoints"": 25, ""changepoint_range"": 0.85, ""changepoint_spacing"": null, ""changepoint_distance_end"": null, ""seasonality_prior_scale"": 15, ""yearly_seasonality_prior_scale"": 10.0, ""yearly_seasonality_order"": 30, ""weekly_seasonality_prior_scale"": 10.0, ""holidays_prior_scale"": 0.1, ""trend_phi"": null}","{""fillna"": ""rolling_mean"", ""transformations"": {""0"": ""StandardScaler"", ""1"": ""bkfilter"", ""2"": ""HPFilter""}, ""transformation_params"": {""0"": {}, ""1"": {}, ""2"": {""part"": ""trend"", ""lamb"": 6.25}}}",0,1,64.16303296875635,7.058835586075056,9.183011902821132,2.3881940290498407,7.058835586075056,0.0,-69.40505531648878,2.073145213503533,777.6552150125178,6.755887853290494,2.6901276081073644,0.175,0.5166666666666667,20.78698406950336,0.35833333333333334,8.55137588787041,5.213727225751588,33.510733260978384,73.00789185614161,0.883309597824045,708.2501596960292,214.01871079665707,86.8695915489901,0.9039373796766149,64.16303296875635,7.058835586075056,9.183011902821132,2.3881940290498407,7.058835586075056,0.0,2.073145213503533,6.755887853290494,2.6901276081073644,20.78698406950336,0.35833333333333334,8.55137588787041,5.213727225751588,33.510733260978384,73.00789185614161,0.883309597824045,708.2501596960292,214.01871079665707,86.8695915489901,0.9039373796766149,0.175,0.5166666666666667,2.8746,141.74641266430814,100.26611986518527,Wh,100.26611986518527,Wh
70,ee50681c72247df0c38cf28cb32ce55f,DatepartRegression,"{""regression_model"": {""model"": ""ElasticNet"", ""model_params"": {""l1_ratio"": 0.5, ""fit_intercept"": true, ""selection"": ""cyclic"", ""max_iter"": 1000}}, ""datepart_method"": ""simple_2"", ""polynomial_degree"": null, ""holiday_countries_used"": false, ""lags"": null, ""forward_lags"": null, ""regression_type"": null}","{""fillna"": ""quadratic"", ""transformations"": {""0"": ""AlignLastValue"", ""1"": ""DatepartRegression"", ""2"": ""FFTFilter"", ""3"": ""STLFilter"", ""4"": ""G711Scaler""}, ""transformation_params"": {""0"": {""rows"": 7, ""lag"": 2, ""method"": ""additive"", ""strength"": 1.0, ""first_value_only"": true, ""threshold"": null, ""threshold_method"": ""max"", ""mean_type"": ""arithmetic""}, ""1"": {""regression_model"": {""model"": ""DecisionTree"", ""model_params"": {""max_depth"": 3, ""min_samples_split"": 2}}, ""datepart_method"": [7, 365.25], ""polynomial_degree"": null, ""transform_dict"": null, ""holiday_countries_used"": false, ""lags"": 4, ""forward_lags"": null}, ""2"": {""cutoff"": 0.2, ""reverse"": true, ""on_transform"": true, ""on_inverse"": false}, ""3"": {""decomp_type"": ""STL"", ""part"": ""trend"", ""seasonal"": 7}, ""4"": {""mode"": ""a"", ""mu"": 100.0, ""A"": 87.6, ""center"": ""mean"", ""scale_method"": ""maxabs"", ""scale_factor"": 3.0853875828540103, ""min_scale"": 1e-06, ""clip"": true, ""zero_offset"": 0.0, ""fill_method"": ""ffill"", ""on_transform"": true, ""on_inverse"": true, ""bounds_only"": false}}}",0,1,96.55614095900846,3.354701249105411,4.150896510614316,0.5574575898033495,3.354701249105411,0.0,-338.59720121890524,3.1536394339933036,63.96694867374408,1.4706549181402049,2.8486846225232036,0.025,0.5166666666666667,6.756401746780232,0.9583333333333334,1.9921175783206968,2.839754732316229,18.084261299348906,25.866020980819858,0.18922990788514757,274.63025254516117,62.19017663547835,24.09515678691317,0.3505096998102263,96.55614095900846,3.354701249105411,4.150896510614316,0.5574575898033495,3.354701249105411,0.0,3.1536394339933036,1.4706549181402049,2.8486846225232036,6.756401746780232,0.9583333333333334,1.9921175783206968,2.839754732316229,18.084261299348906,25.866020980819858,0.18922990788514757,274.63025254516117,62.19017663547835,24.09515678691317,0.3505096998102263,0.025,0.5166666666666667,0.2282,133.86527696776466,47.65132626381495,Wh,47.65132626381495,Wh
71,dba7ebba0ddb0fa49d20356fc0f13f9a,ARIMA,"{""p"": 0, ""d"": 0, ""q"": 2, ""regression_type"": ""Holiday""}","{""fillna"": ""ffill"", ""transformations"": {""0"": ""AlignLastValue"", ""1"": ""AlignLastValue""}, ""transformation_params"": {""0"": {""rows"": 1, ""lag"": 1, ""method"": ""additive"", ""strength"": 1.0, ""first_value_only"": false, ""threshold"": null, ""threshold_method"": ""mean"", ""mean_type"": ""arithmetic""}, ""1"": {""rows"": 1, ""lag"": 7, ""method"": ""additive"", ""strength"": 1.0, ""first_value_only"": false, ""threshold"": 10, ""threshold_method"": ""mean"", ""mean_type"": ""arithmetic""}}}",0,1,107.3540723384626,4.554053487680635,4.635568517349477,0.5066733856552278,4.554053487680635,0.0,-546.4678686025478,4.554052071420254,0.01854991912841797,1.6977567253008123,0.9801830883396453,1.0,0.5083333333333333,6.430594501120448,0.975,2.329857741352551,4.321771243331902,17.00907000656556,23.416910795220545,0.11452651443923399,546.4493186834194,246.63531875792472,24.83559195042284,0.697431491535082,107.3540723384626,4.554053487680635,4.635568517349477,0.5066733856552278,4.554053487680635,0.0,4.554052071420254,1.6977567253008123,0.9801830883396453,6.430594501120448,0.975,2.329857741352551,4.321771243331902,17.00907000656556,23.416910795220545,0.11452651443923399,546.4493186834194,246.63531875792472,24.83559195042284,0.697431491535082,1.0,0.5083333333333333,0.1499,121.70011827400216,64.68733650193231,Wh,64.68733650193231,Wh
72,9c1ab1aa75023ab255dc757066c9dd0f,FBProphet,"{""holiday"": false, ""regression_type"": null, ""growth"": ""linear"", ""seasonality_mode"": ""additive"", ""changepoint_prior_scale"": 10, ""n_changepoints"": 25, ""changepoint_range"": 0.8, ""changepoint_spacing"": null, ""changepoint_distance_end"": null, ""seasonality_prior_scale"": 10.0, ""yearly_seasonality_prior_scale"": null, ""yearly_seasonality_order"": null, ""weekly_seasonality_prior_scale"": 0.0001, ""holidays_prior_scale"": 10.0, ""trend_phi"": 0.999}","{""fillna"": ""rolling_mean"", ""transformations"": {""0"": ""StandardScaler"", ""1"": ""bkfilter"", ""2"": ""HPFilter""}, ""transformation_params"": {""0"": {}, ""1"": {}, ""2"": {""part"": ""trend"", ""lamb"": 6.25}}}",0,1,78.47290393076099,3.239229643564293,3.630958827612559,0.48311080259839917,3.239229643564293,0.0,-387.61678955588616,3.237547356055478,1.0907676718289956,1.3485509681645393,2.891020391288748,0.9583333333333334,0.5083333333333333,6.484950065612793,0.9833333333333333,1.9818311658580694,2.79025699915611,16.413680199363423,23.003813950708594,0.010372727097649156,386.5260218840572,121.35173532020231,26.739481119944664,0.4933219069779752,78.47290393076099,3.239229643564293,3.630958827612559,0.48311080259839917,3.239229643564293,0.0,3.237547356055478,1.3485509681645393,2.891020391288748,6.484950065612793,0.9833333333333333,1.9818311658580694,2.79025699915611,16.413680199363423,23.003813950708594,0.010372727097649156,386.5260218840572,121.35173532020231,26.739481119944664,0.4933219069779752,0.9583333333333334,0.5083333333333333,1.0131,120.24712356872556,46.011128004338445,Wh,46.011128004338445,Wh
73,bc0cbec823bde6ed5f35a05e42ce6bcf,FBProphet,"{""holiday"": false, ""regression_type"": null, ""growth"": ""linear"", ""seasonality_mode"": ""multiplicative"", ""changepoint_prior_scale"": 0.001, ""n_changepoints"": 50, ""changepoint_range"": 0.85, ""changepoint_spacing"": null, ""changepoint_distance_end"": null, ""seasonality_prior_scale"": 10.0, ""yearly_seasonality_prior_scale"": null, ""yearly_seasonality_order"": null, ""weekly_seasonality_prior_scale"": null, ""holidays_prior_scale"": 10.0, ""trend_phi"": 0.999}","{""fillna"": ""cubic"", ""transformations"": {""0"": ""RollingMeanTransformer""}, ""transformation_params"": {""0"": {""fixed"": true, ""window"": 10, ""macro_micro"": false, ""center"": false, ""mean_type"": ""geometric""}}}",0,1,36.37726172245223,2.8869033067726946,3.1609481284490917,0.5357790408282143,2.8869033067726946,0.0,0.0,1.2909337599134039,346.42839681272335,2.8869033067726946,2.521627806354141,0.0,0.4583333333333333,5.719747870437452,0.025,3.2306331852700567,2.5607529568547482,13.946584941595022,14.237325465258623,0.3130772633498609,346.42839681272335,117.66694728897679,19.596859365889777,0.4421454382655742,36.37726172245223,2.8869033067726946,3.1609481284490917,0.5357790408282143,2.8869033067726946,0.0,1.2909337599134039,2.8869033067726946,2.521627806354141,5.719747870437452,0.025,3.2306331852700567,2.5607529568547482,13.946584941595022,14.237325465258623,0.3130772633498609,346.42839681272335,117.66694728897679,19.596859365889777,0.4421454382655742,0.0,0.4583333333333333,3.607,83.38443677430185,41.00656396744597,Wh,41.00656396744597,Wh
74,dbbd80ae5fe17cef90450a2bf56c3a28,ARIMA,"{""p"": 5, ""d"": 1, ""q"": 5, ""regression_type"": null}","{""fillna"": ""ffill"", ""transformations"": {""0"": ""bkfilter"", ""1"": ""QuantileTransformer"", ""2"": ""Round"", ""3"": ""ChangepointDetrend"", ""4"": ""Log"", ""5"": ""Slice""}, ""transformation_params"": {""0"": {}, ""1"": {""output_distribution"": ""uniform"", ""n_quantiles"": 27}, ""2"": {""decimals"": -1, ""on_transform"": false, ""on_inverse"": true}, ""3"": {""model"": ""ElasticNet"", ""changepoint_spacing"": 90, ""changepoint_distance_end"": null, ""datepart_method"": [""day"", ""quarterlydayofweek"", ""isoweek_binary""]}, ""4"": {}, ""5"": {""method"": 0.5}}}",0,1,47.32007704954985,2.5336211087276497,2.6481931920369624,0.5020900550597366,2.5336211087276497,0.0,-304.03453304731795,2.5336211087276497,0.0,1.236637514758988,2.1793249382250455,0.0,0.5083333333333333,4.3557345074385365,0.9833333333333333,1.8428498747218343,2.3087445102105506,8.885238870684338,24.104164883830528,0.03348300017682215,304.03453304731795,145.06552072920792,27.506295999116617,0.3880382875620502,47.32007704954985,2.5336211087276497,2.6481931920369624,0.5020900550597366,2.5336211087276497,0.0,2.5336211087276497,1.236637514758988,2.1793249382250455,4.3557345074385365,0.9833333333333333,1.8428498747218343,2.3087445102105506,8.885238870684338,24.104164883830528,0.03348300017682215,304.03453304731795,145.06552072920792,27.506295999116617,0.3880382875620502,0.0,0.5083333333333333,1.4079,82.91524449625523,35.98842254971725,Wh,35.98842254971725,Wh
75,e8887f03f61088fcdda86df7b5b21892,FBProphet,"{""holiday"": true, ""regression_type"": null, ""growth"": ""linear"", ""seasonality_mode"": ""additive"", ""changepoint_prior_scale"": 1, ""n_changepoints"": 50, ""changepoint_range"": 0.8, ""changepoint_spacing"": null, ""changepoint_distance_end"": null, ""seasonality_prior_scale"": 10.0, ""yearly_seasonality_prior_scale"": null, ""yearly_seasonality_order"": null, ""weekly_seasonality_prior_scale"": null, ""holidays_prior_scale"": 10.0, ""trend_phi"": null}","{""fillna"": ""cubic"", ""transformations"": {""0"": ""bkfilter""}, ""transformation_params"": {""0"": {}}}",0,1,66.71335467743863,2.900391272383367,3.275186143097651,0.5099783337233438,2.900391272383367,0.0,-346.0176623839766,2.897030896563481,2.029290302027457,1.2685728876796758,0.6388513122127167,0.48333333333333334,0.5333333333333333,5.934340437868956,0.9833333333333333,1.9024233607030592,2.470990306077297,14.770191232067932,19.414559882817034,0.31365848438438254,343.98837208194914,106.53437448691481,18.980565998021785,0.4390312426225703,66.71335467743863,2.900391272383367,3.275186143097651,0.5099783337233438,2.900391272383367,0.0,2.897030896563481,1.2685728876796758,0.6388513122127167,5.934340437868956,0.9833333333333333,1.9024233607030592,2.470990306077297,14.770191232067932,19.414559882817034,0.31365848438438254,343.98837208194914,106.53437448691481,18.980565998021785,0.4390312426225703,0.48333333333333334,0.5333333333333333,1.9961,77.4733366447051,41.198151653568736,Wh,41.198151653568736,Wh
76,0a41ca34fe2ff3eafc154ec5431463c8,FBProphet,"{""holiday"": true, ""regression_type"": null, ""growth"": ""linear"", ""seasonality_mode"": ""multiplicative"", ""changepoint_prior_scale"": 0.001, ""n_changepoints"": 25, ""changepoint_range"": 0.8, ""changepoint_spacing"": null, ""changepoint_distance_end"": null, ""seasonality_prior_scale"": 0.1, ""yearly_seasonality_prior_scale"": null, ""yearly_seasonality_order"": null, ""weekly_seasonality_prior_scale"": null, ""holidays_prior_scale"": 10.0, ""trend_phi"": 0.999}","{""fillna"": ""linear"", ""transformations"": {""0"": ""UpscaleDownscaleTransformer"", ""1"": ""AnomalyRemoval""}, ""transformation_params"": {""0"": {""mode"": ""downscale"", ""factor"": 1, ""down_method"": ""decimate"", ""fill_method"": ""linear""}, ""1"": {""method"": ""rolling_zscore"", ""method_params"": {""distribution"": ""uniform"", ""alpha"": 0.05, ""rolling_periods"": 200, ""center"": true}, ""fillna"": ""rolling_mean_24"", ""transform_dict"": {""fillna"": ""ffill"", ""transformations"": {""0"": ""cffilter"", ""1"": ""ConvolutionFilter""}, ""transformation_params"": {""0"": {}, ""1"": {""weight"": [1.0, 0.5, 0.3333333333333333]}}}, ""isolated_only"": false, ""on_inverse"": false}}}",0,1,33.75241456997826,2.645847480697079,2.97512295976462,0.712067689594503,2.645847480697079,0.0,-0.33146065765340893,1.2084546951493034,317.1702370259961,2.645697774863035,2.3144254565012665,0.0,0.45,5.982043362583379,0.1,3.0530248386839816,2.2816360029983014,12.995950499660086,13.666173276184606,0.684521233828393,316.8387763683427,104.77859138462517,5.1398121304270825,0.40438030174714606,33.75241456997826,2.645847480697079,2.97512295976462,0.712067689594503,2.645847480697079,0.0,1.2084546951493034,2.645697774863035,2.3144254565012665,5.982043362583379,0.1,3.0530248386839816,2.2816360029983014,12.995950499660086,13.666173276184606,0.684521233828393,316.8387763683427,104.77859138462517,5.1398121304270825,0.40438030174714606,0.0,0.45,0.6256,77.01489588834237,37.582524399336684,Wh,37.582524399336684,Wh
77,a5260178d642ce88a428fe3e958f77de,ARIMA,"{""p"": 4, ""d"": 2, ""q"": 1, ""regression_type"": null}","{""fillna"": ""rolling_mean"", ""transformations"": {""0"": ""AlignLastValue"", ""1"": ""AlignLastValue"", ""2"": ""AlignLastValue""}, ""transformation_params"": {""0"": {""rows"": 1, ""lag"": 7, ""method"": ""multiplicative"", ""strength"": 0.5, ""first_value_only"": false, ""threshold"": 1, ""threshold_method"": ""mean"", ""mean_type"": ""geometric""}, ""1"": {""rows"": 1, ""lag"": 7, ""method"": ""additive"", ""strength"": 1.0, ""first_value_only"": false, ""threshold"": 10, ""threshold_method"": ""mean"", ""mean_type"": ""arithmetic""}, ""2"": {""rows"": 1, ""lag"": 1, ""method"": ""additive"", ""strength"": 1.0, ""first_value_only"": false, ""threshold"": 1, ""threshold_method"": ""mean"", ""mean_type"": ""arithmetic""}}}",0,1,39.13551098277674,3.228492856313805,3.6831222016837524,0.4817399051150618,3.228492856313805,0.0,-0.8280069498513498,1.3321281016443132,386.5911358078052,3.227319019644935,1.5805545938754753,1.0,0.49166666666666664,6.956384641295891,0.11666666666666667,3.6636087501783643,2.778152993438867,16.667226637174828,19.642366146518285,0.012380277772045877,385.76312885795386,117.19813915014633,28.21005734801928,0.4923482290852863,39.13551098277674,3.228492856313805,3.6831222016837524,0.4817399051150618,3.228492856313805,0.0,1.3321281016443132,3.227319019644935,1.5805545938754753,6.956384641295891,0.11666666666666667,3.6636087501783643,2.778152993438867,16.667226637174828,19.642366146518285,0.012380277772045877,385.76312885795386,117.19813915014633,28.21005734801928,0.4923482290852863,1.0,0.49166666666666664,0.2629,74.88604901266339,45.8586189985262,Wh,45.8586189985262,Wh
78,9920a60108028ef005a22e03b72beb35,ARIMA,"{""p"": 0, ""d"": 2, ""q"": 1, ""regression_type"": ""Holiday""}","{""fillna"": ""cubic"", ""transformations"": {""0"": ""bkfilter"", ""1"": ""QuantileTransformer"", ""2"": ""ChangepointDetrend"", ""3"": ""Log"", ""4"": ""Slice""}, ""transformation_params"": {""0"": {}, ""1"": {""output_distribution"": ""uniform"", ""n_quantiles"": 27}, ""2"": {""model"": ""ElasticNet"", ""changepoint_spacing"": 90, ""changepoint_distance_end"": null, ""datepart_method"": [""day"", ""quarterlydayofweek"", ""isoweek_binary""]}, ""3"": {}, ""4"": {""method"": 0.5}}}",0,1,46.8136764832148,3.9756909606250925,4.158833150139783,0.4826867614144624,3.9756909606250925,0.0,0.0,1.5615480437642977,477.0829152750111,3.9756909606250925,0.5827705493447246,1.0,0.4583333333333333,6.29821869927121,0.016666666666666666,4.082745385680411,3.717538094921523,17.447319964945223,19.854519816025267,0.01709725928405295,477.0829152750111,180.57430177377267,28.675233548037085,0.6088993760442802,46.8136764832148,3.9756909606250925,4.158833150139783,0.4826867614144624,3.9756909606250925,0.0,1.5615480437642977,3.9756909606250925,0.5827705493447246,6.29821869927121,0.016666666666666666,4.082745385680411,3.717538094921523,17.447319964945223,19.854519816025267,0.01709725928405295,477.0829152750111,180.57430177377267,28.675233548037085,0.6088993760442802,1.0,0.4583333333333333,0.2378,70.7044114975842,56.47207695152153,Wh,56.47207695152153,Wh
79,35ddd01e3f77cff90b2e06ba7e1d6ff6,ARIMA,"{""p"": 4, ""d"": 2, ""q"": 2, ""regression_type"": ""Holiday""}","{""fillna"": ""ffill"", ""transformations"": {""0"": ""ClipOutliers"", ""1"": ""Slice"", ""2"": ""AlignLastValue""}, ""transformation_params"": {""0"": {""method"": ""clip"", ""std_threshold"": 3.5, ""fillna"": null}, ""1"": {""method"": 0.2}, ""2"": {""rows"": 1, ""lag"": 1, ""method"": ""additive"", ""strength"": 1.0, ""first_value_only"": false, ""threshold"": null, ""threshold_method"": ""mean"", ""mean_type"": ""arithmetic""}}}",0,1,37.76884762253615,1.8685991929468455,2.2121164301378022,0.4733186292664255,1.8685991929468455,0.0,-204.519672915292,1.8119322461555583,19.712230238329415,1.0225675559841747,1.956471521663649,1.0,0.5,4.7041963462391525,0.95,1.6355108087816455,1.4922197547829785,10.012790603586021,9.586167944098925,0.09499473538241873,184.80744267696264,42.558121805007474,25.025567470875497,0.23586913916100938,37.76884762253615,1.8685991929468455,2.2121164301378022,0.4733186292664255,1.8685991929468455,0.0,1.8119322461555583,1.0225675559841747,1.956471521663649,4.7041963462391525,0.95,1.6355108087816455,1.4922197547829785,10.012790603586021,9.586167944098925,0.09499473538241873,184.80744267696264,42.558121805007474,25.025567470875497,0.23586913916100938,1.0,0.5,0.8242,68.71388158324788,26.542223341990834,Wh,26.542223341990834,Wh
80,acf93c861eab088f32dde82882b3d153,ARIMA,"{""p"": 4, ""d"": 2, ""q"": 2, ""regression_type"": null}","{""fillna"": ""SeasonalityMotifImputerLinMix"", ""transformations"": {""0"": ""StandardScaler"", ""1"": ""ScipyFilter"", ""2"": ""PowerTransformer"", ""3"": ""AnomalyRemoval""}, ""transformation_params"": {""0"": {}, ""1"": {""method"": ""savgol_filter"", ""method_args"": {""window_length"": 7, ""polyorder"": 2, ""deriv"": 0, ""mode"": ""interp""}}, ""2"": {}, ""3"": {""method"": ""rolling_zscore"", ""method_params"": {""distribution"": ""gamma"", ""alpha"": 0.05, ""rolling_periods"": 300, ""center"": true}, ""fillna"": ""rolling_mean_24"", ""transform_dict"": null, ""isolated_only"": false, ""on_inverse"": false}}}",0,1,39.41603396367694,3.1706179735820657,3.3603055687341943,0.47898293036313005,3.1706179735820657,0.0,0.0,1.3875850352695962,380.47415682984786,3.1706179735820657,1.0122434168623617,0.9666666666666667,0.5083333333333333,5.670919149890771,0.016666666666666666,3.399521999213665,2.890915565290077,14.616082646318356,14.726595552777972,0.01158002717346776,380.47415682984786,137.63703323127766,29.214914612116903,0.4855979312550381,39.41603396367694,3.1706179735820657,3.3603055687341943,0.47898293036313005,3.1706179735820657,0.0,1.3875850352695962,3.1706179735820657,1.0122434168623617,5.670919149890771,0.016666666666666666,3.399521999213665,2.890915565290077,14.616082646318356,14.726595552777972,0.01158002717346776,380.47415682984786,137.63703323127766,29.214914612116903,0.4855979312550381,0.9666666666666667,0.5083333333333333,0.2684,65.76212921399139,45.03654432935393,Wh,45.03654432935393,Wh
81,1fed5930e2f724e945b1c701fce9da13,ARIMA,"{""p"": 0, ""d"": 2, ""q"": 1, ""regression_type"": null}","{""fillna"": ""cubic"", ""transformations"": {""0"": ""STLFilter"", ""1"": ""AlignLastValue""}, ""transformation_params"": {""0"": {""decomp_type"": ""STL"", ""part"": ""trend"", ""seasonal"": 7}, ""1"": {""rows"": 1, ""lag"": 7, ""method"": ""additive"", ""strength"": 1.0, ""first_value_only"": false, ""threshold"": 1, ""threshold_method"": ""mean"", ""mean_type"": ""arithmetic""}}}",0,1,21.113841555871442,1.21947510374118,1.3685205320343217,0.4805931374615295,1.21947510374118,0.0,-139.89710806518616,1.2058150491381858,6.439904383755438,0.7695031873807479,2.914674988092489,0.9583333333333334,0.5083333333333333,2.642573278098803,0.9833333333333333,1.4490513766324298,1.0332660499564867,5.737487819851302,4.275097684483053,0.008383503394111308,133.4572036814307,43.30792719286206,28.54691296547347,0.17033099582573538,21.113841555871442,1.21947510374118,1.3685205320343217,0.4805931374615295,1.21947510374118,0.0,1.2058150491381858,0.7695031873807479,2.914674988092489,2.642573278098803,0.9833333333333333,1.4490513766324298,1.0332660499564867,5.737487819851302,4.275097684483053,0.008383503394111308,133.4572036814307,43.30792719286206,28.54691296547347,0.17033099582573538,0.9583333333333334,0.5083333333333333,0.0784,65.69959982066365,17.321842311432796,Wh,17.321842311432796,Wh
82,4d829cf91b1591efd1889de7c700eb94,FBProphet,"{""holiday"": false, ""regression_type"": null, ""growth"": ""linear"", ""seasonality_mode"": ""additive"", ""changepoint_prior_scale"": 0.001, ""n_changepoints"": 25, ""changepoint_range"": 0.8, ""changepoint_spacing"": null, ""changepoint_distance_end"": null, ""seasonality_prior_scale"": 10.0, ""yearly_seasonality_prior_scale"": 0.1, ""yearly_seasonality_order"": 2, ""weekly_seasonality_prior_scale"": null, ""holidays_prior_scale"": 10.0, ""trend_phi"": null}","{""fillna"": ""cubic"", ""transformations"": {""0"": ""bkfilter"", ""1"": ""AlignLastValue"", ""2"": ""AnomalyRemoval""}, ""transformation_params"": {""0"": {}, ""1"": {""rows"": 1, ""lag"": 7, ""method"": ""additive"", ""strength"": 1.0, ""first_value_only"": false, ""threshold"": 10, ""threshold_method"": ""mean"", ""mean_type"": ""arithmetic""}, ""2"": {""method"": ""rolling_zscore"", ""method_params"": {""distribution"": ""uniform"", ""alpha"": 0.05, ""rolling_periods"": 200, ""center"": true}, ""fillna"": ""rolling_mean_24"", ""transform_dict"": {""fillna"": ""ffill"", ""transformations"": {""0"": ""cffilter"", ""1"": ""ConvolutionFilter""}, ""transformation_params"": {""0"": {}, ""1"": {""weight"": [1.0, 0.5, 0.3333333333333333]}}}, ""isolated_only"": false, ""on_inverse"": false}}}",0,1,41.24100968971572,2.0633150065994164,2.3269663923925186,0.49824448233039226,2.0633150065994164,0.0,-238.08724435952485,2.0413109782842507,9.510556432405103,1.0716142584956903,0.9611462339253016,0.31666666666666665,0.5333333333333333,4.198899177235952,0.9833333333333333,1.6874908942783995,1.7639683053877389,10.336858917918901,8.845637082790013,0.3176200956945145,228.57668792711976,65.28257532828574,17.849669526971894,0.2917316847887163,41.24100968971572,2.0633150065994164,2.3269663923925186,0.49824448233039226,2.0633150065994164,0.0,2.0413109782842507,1.0716142584956903,0.9611462339253016,4.198899177235952,0.9833333333333333,1.6874908942783995,1.7639683053877389,10.336858917918901,8.845637082790013,0.3176200956945145,228.57668792711976,65.28257532828574,17.849669526971894,0.2917316847887163,0.31666666666666665,0.5333333333333333,0.7065,58.110726439349676,29.308033492017486,Wh,29.308033492017486,Wh
83,e9ff7a0b7ecc1b1792b41bbbcc514366,FBProphet,"{""holiday"": false, ""regression_type"": null, ""growth"": ""linear"", ""seasonality_mode"": ""additive"", ""changepoint_prior_scale"": 0.5, ""n_changepoints"": 25, ""changepoint_range"": 0.8, ""changepoint_spacing"": null, ""changepoint_distance_end"": null, ""seasonality_prior_scale"": 10.0, ""yearly_seasonality_prior_scale"": null, ""yearly_seasonality_order"": null, ""weekly_seasonality_prior_scale"": null, ""holidays_prior_scale"": 10.0, ""trend_phi"": null}","{""fillna"": ""cubic"", ""transformations"": {""0"": ""BKBandpassFilter""}, ""transformation_params"": {""0"": {""low"": 6, ""high"": 728, ""K"": 6, ""lanczos_factor"": false, ""return_diff"": true, ""on_transform"": true, ""on_inverse"": false}}}",0,1,43.327390627199584,2.1552770643575827,2.416150608935501,0.5289687764651136,2.1552770643575827,0.0,-254.20687470040363,2.146684712714207,4.426373022506243,1.089770801936239,0.6832724010182968,0.975,0.475,4.676629451077496,0.9833333333333333,1.7169208190484857,1.8351750393052195,10.752574915532266,11.379243734030348,0.30265603927984036,249.78050167789738,77.89061429980407,17.44824287549792,0.3187940434463622,43.327390627199584,2.1552770643575827,2.416150608935501,0.5289687764651136,2.1552770643575827,0.0,2.146684712714207,1.089770801936239,0.6832724010182968,4.676629451077496,0.9833333333333333,1.7169208190484857,1.8351750393052195,10.752574915532266,11.379243734030348,0.30265603927984036,249.78050167789738,77.89061429980407,17.44824287549792,0.3187940434463622,0.975,0.475,1.3833,56.273928369855476,30.61429407760458,Wh,30.61429407760458,Wh
84,068521f2dadbc554d9d68ac30fe355c8,ARIMA,"{""p"": 0, ""d"": 0, ""q"": 0, ""regression_type"": ""Holiday""}","{""fillna"": ""seasonal_linear_window_3"", ""transformations"": {""0"": ""LevelShiftTransformer"", ""1"": ""Round"", ""2"": ""AlignLastValue""}, ""transformation_params"": {""0"": {""window_size"": 30, ""alpha"": 3.5, ""grouping_forward_limit"": 2, ""max_level_shifts"": 10, ""alignment"": ""rolling_diff"", ""output"": ""multivariate"", ""remove_at_shift"": false, ""shift_remove_window"": 1, ""shift_fillna"": ""linear"", ""window_method"": ""exclusive""}, ""1"": {""decimals"": 1, ""on_transform"": true, ""on_inverse"": false}, ""2"": {""rows"": 1, ""lag"": 1, ""method"": ""additive"", ""strength"": 1.0, ""first_value_only"": false, ""threshold"": 3, ""threshold_method"": ""max"", ""mean_type"": ""arithmetic""}}}",0,1,21.950525581948447,1.5979327113776216,1.9972403277002313,0.6732681659754811,1.5979327113776216,0.0,-0.6010503768920898,0.8792310310538186,191.15087498842252,1.5973333032764405,1.823679770301355,1.0,0.49166666666666664,9.700802513055853,0.9666666666666667,1.8412653100722312,1.288487943948484,7.3300864252513405,4.110849330419494,0.3874567564072209,190.54982461153043,68.36014277283955,20.76418793459152,0.2431981225830016,21.950525581948447,1.5979327113776216,1.9972403277002313,0.6732681659754811,1.5979327113776216,0.0,0.8792310310538186,1.5973333032764405,1.823679770301355,9.700802513055853,0.9666666666666667,1.8412653100722312,1.288487943948484,7.3300864252513405,4.110849330419494,0.3874567564072209,190.54982461153043,68.36014277283955,20.76418793459152,0.2431981225830016,1.0,0.49166666666666664,0.1099,54.36055675269647,22.697583875101397,Wh,22.697583875101397,Wh
85,6154463fe32840986892c98bc24d7d2d,ARIMA,"{""p"": 7, ""d"": 2, ""q"": 0, ""regression_type"": null}","{""fillna"": ""cubic"", ""transformations"": {""0"": ""StandardScaler"", ""1"": ""Slice"", ""2"": ""HPFilter"", ""3"": ""QuantileTransformer""}, ""transformation_params"": {""0"": {}, ""1"": {""method"": 100}, ""2"": {""part"": ""trend"", ""lamb"": 6.25}, ""3"": {""output_distribution"": ""uniform"", ""n_quantiles"": 27}}}",0,1,33.120045700359796,2.538373220595548,2.6527400677030535,0.48062346406734785,2.538373220595548,0.0,0.0,1.237929256813346,304.6047864714658,2.538373220595548,0.7269129963463551,0.8166666666666667,0.5,4.571780070297747,0.016666666666666666,2.8109069359158765,2.3312416882350213,11.00728781828934,9.004724060109435,0.008535405739370809,304.6047864714658,118.88009579032382,29.931479367433845,0.38876610015611596,33.120045700359796,2.538373220595548,2.6527400677030535,0.48062346406734785,2.538373220595548,0.0,1.237929256813346,2.538373220595548,0.7269129963463551,4.571780070297747,0.016666666666666666,2.8109069359158765,2.3312416882350213,11.00728781828934,9.004724060109435,0.008535405739370809,304.6047864714658,118.88009579032382,29.931479367433845,0.38876610015611596,0.8166666666666667,0.5,0.2517,52.45171957814601,36.05592317533027,Wh,36.05592317533027,Wh
86,5e0e1723d928ae588c602861a7c84235,FBProphet,"{""holiday"": false, ""regression_type"": null, ""growth"": ""linear"", ""seasonality_mode"": ""additive"", ""changepoint_prior_scale"": 0.05, ""n_changepoints"": 25, ""changepoint_range"": 0.85, ""changepoint_spacing"": null, ""changepoint_distance_end"": null, ""seasonality_prior_scale"": 10.0, ""yearly_seasonality_prior_scale"": null, ""yearly_seasonality_order"": null, ""weekly_seasonality_prior_scale"": null, ""holidays_prior_scale"": 10.0, ""trend_phi"": null}","{""fillna"": ""ffill_mean_biased"", ""transformations"": {""0"": ""StandardScaler"", ""1"": ""MeanPercentSplitter"", ""2"": ""STLFilter""}, ""transformation_params"": {""0"": {}, ""1"": {""window"": 24, ""min_mean_threshold"": 0.1}, ""2"": {""decomp_type"": ""STL"", ""part"": ""trend"", ""seasonal"": 7}}}",0,1,19.98572299842223,1.3999832141129729,1.5938224381037234,0.4769054611833019,1.3999832141129729,0.0,-1.3872094859469941,0.8200596977945853,166.61077620760977,1.3984568839496416,1.7889702256723965,0.008333333333333333,0.4583333333333333,3.382253126746316,0.9583333333333334,1.5051898540658202,1.1894180540288133,6.62360469008535,2.9652769039003783,0.061135637540949916,165.2235667216628,56.85526309175531,29.175368145444345,0.21087430185303996,19.98572299842223,1.3999832141129729,1.5938224381037234,0.4769054611833019,1.3999832141129729,0.0,0.8200596977945853,1.3984568839496416,1.7889702256723965,3.382253126746316,0.9583333333333334,1.5051898540658202,1.1894180540288133,6.62360469008535,2.9652769039003783,0.061135637540949916,165.2235667216628,56.85526309175531,29.175368145444345,0.21087430185303996,0.008333333333333333,0.4583333333333333,1.5821,50.362706665231435,19.88584137480237,Wh,19.88584137480237,Wh
87,eda55443689c0bd6b576602b1e76e7cf,FBProphet,"{""holiday"": true, ""regression_type"": null, ""growth"": ""linear"", ""seasonality_mode"": ""additive"", ""changepoint_prior_scale"": 0.05, ""n_changepoints"": 25, ""changepoint_range"": 0.8, ""changepoint_spacing"": null, ""changepoint_distance_end"": null, ""seasonality_prior_scale"": 0.1, ""yearly_seasonality_prior_scale"": null, ""yearly_seasonality_order"": null, ""weekly_seasonality_prior_scale"": null, ""holidays_prior_scale"": 10.0, ""trend_phi"": 0.999}","{""fillna"": ""cubic"", ""transformations"": {""0"": ""G726Filter"", ""1"": ""bkfilter"", ""2"": ""AnomalyRemoval""}, ""transformation_params"": {""0"": {""quant_bits"": 4, ""adaptation_rate"": 0.9385170623188516, ""prediction_alpha"": 0.9545572927310566, ""floor_step"": 0.023691329809946288, ""dynamic_range"": 1.396269391386206, ""blend"": 0.2997788864888433, ""noise_gate"": 0.019535866411641123, ""fill_method"": ""ffill"", ""on_transform"": true, ""on_inverse"": false, ""quantizer"": ""nonuniform"", ""use_adaptive_predictor"": true, ""predictor_leak"": 0.9997982800053588, ""bounds_only"": false}, ""1"": {}, ""2"": {""method"": ""rolling_zscore"", ""method_params"": {""distribution"": ""uniform"", ""alpha"": 0.05, ""rolling_periods"": 200, ""center"": true}, ""fillna"": ""rolling_mean_24"", ""transform_dict"": {""fillna"": ""ffill"", ""transformations"": {""0"": ""cffilter"", ""1"": ""ConvolutionFilter""}, ""transformation_params"": {""0"": {}, ""1"": {""weight"": [1.0, 0.5, 0.3333333333333333]}}}, ""isolated_only"": false, ""on_inverse"": false}}}",0,1,24.2825525636532,1.7610286066513468,1.9907090714567828,0.5372326532546268,1.7610286066513468,0.0,-0.6864704535551232,0.949874618206694,210.6369623446065,1.7606181996949706,1.3803932954143485,0.025,0.5083333333333333,4.177797276280289,0.25833333333333336,2.2275789531535386,1.5177799801844032,8.475178937079308,4.694826779253312,0.34231367833698817,209.95049189105137,71.05696319190353,16.881337390929417,0.267959131252812,24.2825525636532,1.7610286066513468,1.9907090714567828,0.5372326532546268,1.7610286066513468,0.0,0.949874618206694,1.7606181996949706,1.3803932954143485,4.177797276280289,0.25833333333333336,2.2275789531535386,1.5177799801844032,8.475178937079308,4.694826779253312,0.34231367833698817,209.95049189105137,71.05696319190353,16.881337390929417,0.267959131252812,0.025,0.5083333333333333,0.9498,50.269662943047976,25.014253867712437,Wh,25.014253867712437,Wh
88,52dec1ed5e5938a712ad97d5153dc507,ARIMA,"{""p"": 0, ""d"": 1, ""q"": 12, ""regression_type"": ""Holiday""}","{""fillna"": ""cubic"", ""transformations"": {""0"": ""bkfilter"", ""1"": ""AlignLastValue"", ""2"": ""UpscaleDownscaleTransformer""}, ""transformation_params"": {""0"": {}, ""1"": {""rows"": 1, ""lag"": 1, ""method"": ""additive"", ""strength"": 1.0, ""first_value_only"": false, ""threshold"": null, ""threshold_method"": ""max"", ""mean_type"": ""arithmetic""}, ""2"": {""mode"": ""downscale"", ""factor"": 3, ""down_method"": ""decimate"", ""fill_method"": ""pchip""}}}",0,1,23.203220103489393,1.6627336378798023,1.8296479400647077,0.47432364216456213,1.6627336378798023,0.0,-0.19437847550467424,0.9326011357247962,199.33365807007158,1.6626299901546882,1.4302205133098402,0.0,0.5,3.6929008463235906,0.016666666666666666,2.174054125389941,1.4561738069178205,7.565683582813562,3.7492354551192615,0.0011856932648370154,199.13927959456691,73.14338877609859,30.66723171876326,0.2541608160944984,23.203220103489393,1.6627336378798023,1.8296479400647077,0.47432364216456213,1.6627336378798023,0.0,0.9326011357247962,1.6626299901546882,1.4302205133098402,3.6929008463235906,0.016666666666666666,2.174054125389941,1.4561738069178205,7.565683582813562,3.7492354551192615,0.0011856932648370154,199.13927959456691,73.14338877609859,30.66723171876326,0.2541608160944984,0.0,0.5,0.0803,49.327792932141854,23.618038443679254,Wh,23.618038443679254,Wh
89,b93eaaf03d92008668fa0c125752d535,RollingRegression,"{""regression_model"": {""model"": ""HistGradientBoost"", ""model_params"": {""loss"": ""squared_error"", ""learning_rate"": 0.01, ""max_depth"": null, ""min_samples_leaf"": 30, ""max_iter"": 100, ""l2_regularization"": 0}}, ""holiday"": true, ""mean_rolling_periods"": 12, ""macd_periods"": 28, ""std_rolling_periods"": null, ""max_rolling_periods"": 60, ""min_rolling_periods"": null, ""ewm_var_alpha"": null, ""quantile90_rolling_periods"": null, ""quantile10_rolling_periods"": null, ""ewm_alpha"": null, ""additional_lag_periods"": 90, ""abs_energy"": false, ""rolling_autocorr_periods"": 2, ""nonzero_last_n"": null, ""add_date_part"": null, ""polynomial_degree"": null, ""x_transform"": null, ""regression_type"": null}","{""fillna"": ""ffill"", ""transformations"": {""0"": ""RegressionFilter"", ""1"": ""SeasonalDifference"", ""2"": ""Discretize"", ""3"": ""Round"", ""4"": ""AlignLastValue""}, ""transformation_params"": {""0"": {""sigma"": 2, ""rolling_window"": 90, ""run_order"": ""season_first"", ""regression_params"": {""regression_model"": {""model"": ""ElasticNet"", ""model_params"": {""l1_ratio"": 0.1, ""fit_intercept"": true, ""selection"": ""cyclic"", ""max_iter"": 1000}}, ""datepart_method"": ""simple_2"", ""polynomial_degree"": null, ""transform_dict"": null, ""holiday_countries_used"": true, ""lags"": null, ""forward_lags"": null}, ""holiday_params"": null, ""trend_method"": ""rolling_mean""}, ""1"": {""lag_1"": 12, ""method"": ""LastValue""}, ""2"": {""discretization"": ""upper"", ""n_bins"": 20}, ""3"": {""decimals"": 1, ""on_transform"": false, ""on_inverse"": true}, ""4"": {""rows"": 1, ""lag"": 28, ""method"": ""additive"", ""strength"": 1.0, ""first_value_only"": false, ""threshold"": 10, ""threshold_method"": ""mean"", ""mean_type"": ""geometric""}}}",0,1,28.5250255202741,2.1815024499317777,2.4222449734835574,0.7637437730485571,2.1815024499317777,0.0,-1.1105951885511605,1.0961947565394992,260.66969880326224,2.1800775865744773,0.8663585501812826,0.39166666666666666,0.575,4.951719665527344,0.25,2.5451704706895137,1.8962716388025447,9.513977988848671,12.33527076953724,0.7273667867049578,259.55910361471103,100.10680731561447,13.81363837156623,0.3312744413547194,28.5250255202741,2.1815024499317777,2.4222449734835574,0.7637437730485571,2.1815024499317777,0.0,1.0961947565394992,2.1800775865744773,0.8663585501812826,4.951719665527344,0.25,2.5451704706895137,1.8962716388025447,9.513977988848671,12.33527076953724,0.7273667867049578,259.55910361471103,100.10680731561447,13.81363837156623,0.3312744413547194,0.39166666666666666,0.575,17.0812,49.058980934063705,30.986808442251373,Wh,30.986808442251373,Wh
90,c0d258b816e60c0113cda090b5d0ab33,FBProphet,"{""holiday"": true, ""regression_type"": null, ""growth"": ""linear"", ""seasonality_mode"": ""multiplicative"", ""changepoint_prior_scale"": 0.001, ""n_changepoints"": 25, ""changepoint_range"": 0.85, ""changepoint_spacing"": null, ""changepoint_distance_end"": null, ""seasonality_prior_scale"": 10.0, ""yearly_seasonality_prior_scale"": null, ""yearly_seasonality_order"": null, ""weekly_seasonality_prior_scale"": 15, ""holidays_prior_scale"": 40, ""trend_phi"": 0.999}","{""fillna"": ""ffill"", ""transformations"": {""0"": ""QuantileTransformer"", ""1"": ""StandardScaler""}, ""transformation_params"": {""0"": {""output_distribution"": ""uniform"", ""n_quantiles"": 27}, ""1"": {}}}",0,1,21.635733151934964,1.5409367612264282,1.7571088454197654,0.5909536792081167,1.5409367612264282,0.0,-0.9521317597445371,0.8732214872100861,183.96027958742687,1.5401600416193868,1.3274421002513155,0.0,0.5083333333333333,4.111477563567922,0.45,1.9646738101167691,1.3054461702852105,7.14963368807074,3.341583893236336,0.42782788666958477,183.0081478276823,65.08652826718254,16.921563757138934,0.23357270498579913,21.635733151934964,1.5409367612264282,1.7571088454197654,0.5909536792081167,1.5409367612264282,0.0,0.8732214872100861,1.5401600416193868,1.3274421002513155,4.111477563567922,0.45,1.9646738101167691,1.3054461702852105,7.14963368807074,3.341583893236336,0.42782788666958477,183.0081478276823,65.08652826718254,16.921563757138934,0.23357270498579913,0.0,0.5083333333333333,1.5824,46.036897137193435,21.887993865530532,Wh,21.887993865530532,Wh
91,a403880864a19e4bd76213db3221bd4d,Ensemble,"{""model_name"": ""BestN"", ""model_count"": 3, ""model_metric"": ""mixed_metric"", ""models"": {""ca2e0fcc7b23d74ee347d493f6ff4379"": {""Model"": ""ARIMA"", ""ModelParameters"": ""{\""p\"": 0, \""d\"": 2, \""q\"": 2, \""regression_type\"": null}"", ""TransformationParameters"": ""{\""fillna\"": \""cubic\"", \""transformations\"": {\""0\"": \""AlignLastValue\"", \""1\"": \""AlignLastValue\""}, \""transformation_params\"": {\""0\"": {\""rows\"": 84, \""lag\"": 1, \""method\"": \""additive\"", \""strength\"": 0.5, \""first_value_only\"": false, \""threshold\"": 10, \""threshold_method\"": \""max\"", \""mean_type\"": \""arithmetic\""}, \""1\"": {\""rows\"": 1, \""lag\"": 7, \""method\"": \""additive\"", \""strength\"": 1.0, \""first_value_only\"": false, \""threshold\"": 10, \""threshold_method\"": \""mean\"", \""mean_type\"": \""arithmetic\""}}}""}, ""216178f098ef6698659d5bd14449f8af"": {""Model"": ""ARIMA"", ""ModelParameters"": ""{\""p\"": 4, \""d\"": 2, \""q\"": 4, \""regression_type\"": null}"", ""TransformationParameters"": ""{\""fillna\"": \""cubic\"", \""transformations\"": {\""0\"": \""bkfilter\"", \""1\"": \""AlignLastValue\""}, \""transformation_params\"": {\""0\"": {}, \""1\"": {\""rows\"": 1, \""lag\"": 7, \""method\"": \""additive\"", \""strength\"": 1.0, \""first_value_only\"": false, \""threshold\"": 10, \""threshold_method\"": \""mean\"", \""mean_type\"": \""arithmetic\""}}}""}, ""5c9aafe0ed22a0009a0c5786b4223a8f"": {""Model"": ""FBProphet"", ""ModelParameters"": ""{\""holiday\"": false, \""regression_type\"": null, \""growth\"": \""linear\"", \""seasonality_mode\"": \""additive\"", \""changepoint_prior_scale\"": 0.05, \""n_changepoints\"": 25, \""changepoint_range\"": 0.8, \""changepoint_spacing\"": null, \""changepoint_distance_end\"": null, \""seasonality_prior_scale\"": 10.0, \""yearly_seasonality_prior_scale\"": null, \""yearly_seasonality_order\"": null, \""weekly_seasonality_prior_scale\"": 0.0001, \""holidays_prior_scale\"": 10.0, \""trend_phi\"": null}"", ""TransformationParameters"": ""{\""fillna\"": \""mean\"", \""transformations\"": {\""0\"": \""StandardScaler\"", \""1\"": \""bkfilter\"", \""2\"": \""HPFilter\""}, \""transformation_params\"": {\""0\"": {}, \""1\"": {}, \""2\"": {\""part\"": \""trend\"", \""lamb\"": 6.25}}}""}}, ""model_weights"": {}, ""point_method"": ""mean""}","{""fillna"": ""ffill"", ""transformations"": {""0"": ""AlignLastValue"", ""1"": ""SeasonalDifference"", ""2"": ""AlignLastValue""}, ""transformation_params"": {""0"": {""rows"": 1, ""lag"": 1, ""method"": ""additive"", ""strength"": 0.7, ""first_value_only"": false, ""threshold"": 1, ""threshold_method"": ""max""}, ""1"": {""lag_1"": 7, ""method"": 20}, ""2"": {""rows"": 1, ""lag"": 28, ""method"": ""multiplicative"", ""strength"": 1.0, ""first_value_only"": false, ""threshold"": null, ""threshold_method"": ""mean""}}}",1,1,20.201198548428014,1.4224675846365729,1.6190918646781187,0.5451963098731512,1.4224675846365729,0.0,-2.590932639319462,0.8339948217705481,168.1051775170693,1.4190284220481535,1.2735657579316015,0.0,0.55,3.558368163854775,0.7,1.7284293672988162,1.1984047658969248,6.578626548585529,2.9120607849573434,0.4380673160177393,165.51424487774983,58.00602782350319,15.61361309343596,0.2112452934400455,20.201198548428014,1.4224675846365729,1.6190918646781187,0.5451963098731512,1.4224675846365729,0.0,0.8339948217705481,1.4190284220481535,1.2735657579316015,3.558368163854775,0.7,1.7284293672988162,1.1984047658969248,6.578626548585529,2.9120607849573434,0.4380673160177393,165.51424487774983,58.00602782350319,15.61361309343596,0.2112452934400455,0.0,0.55,1.4221,43.327811729592945,20.205217079551723,Wh,20.205217079551723,Wh
92,cd5acd4ba97e4f7453929bb9db6b3342,Ensemble,"{""model_name"": ""BestN"", ""model_count"": 5, ""model_metric"": ""mixed_metric"", ""models"": {""ca2e0fcc7b23d74ee347d493f6ff4379"": {""Model"": ""ARIMA"", ""ModelParameters"": ""{\""p\"": 0, \""d\"": 2, \""q\"": 2, \""regression_type\"": null}"", ""TransformationParameters"": ""{\""fillna\"": \""cubic\"", \""transformations\"": {\""0\"": \""AlignLastValue\"", \""1\"": \""AlignLastValue\""}, \""transformation_params\"": {\""0\"": {\""rows\"": 84, \""lag\"": 1, \""method\"": \""additive\"", \""strength\"": 0.5, \""first_value_only\"": false, \""threshold\"": 10, \""threshold_method\"": \""max\"", \""mean_type\"": \""arithmetic\""}, \""1\"": {\""rows\"": 1, \""lag\"": 7, \""method\"": \""additive\"", \""strength\"": 1.0, \""first_value_only\"": false, \""threshold\"": 10, \""threshold_method\"": \""mean\"", \""mean_type\"": \""arithmetic\""}}}""}, ""216178f098ef6698659d5bd14449f8af"": {""Model"": ""ARIMA"", ""ModelParameters"": ""{\""p\"": 4, \""d\"": 2, \""q\"": 4, \""regression_type\"": null}"", ""TransformationParameters"": ""{\""fillna\"": \""cubic\"", \""transformations\"": {\""0\"": \""bkfilter\"", \""1\"": \""AlignLastValue\""}, \""transformation_params\"": {\""0\"": {}, \""1\"": {\""rows\"": 1, \""lag\"": 7, \""method\"": \""additive\"", \""strength\"": 1.0, \""first_value_only\"": false, \""threshold\"": 10, \""threshold_method\"": \""mean\"", \""mean_type\"": \""arithmetic\""}}}""}, ""5c9aafe0ed22a0009a0c5786b4223a8f"": {""Model"": ""FBProphet"", ""ModelParameters"": ""{\""holiday\"": false, \""regression_type\"": null, \""growth\"": \""linear\"", \""seasonality_mode\"": \""additive\"", \""changepoint_prior_scale\"": 0.05, \""n_changepoints\"": 25, \""changepoint_range\"": 0.8, \""changepoint_spacing\"": null, \""changepoint_distance_end\"": null, \""seasonality_prior_scale\"": 10.0, \""yearly_seasonality_prior_scale\"": null, \""yearly_seasonality_order\"": null, \""weekly_seasonality_prior_scale\"": 0.0001, \""holidays_prior_scale\"": 10.0, \""trend_phi\"": null}"", ""TransformationParameters"": ""{\""fillna\"": \""mean\"", \""transformations\"": {\""0\"": \""StandardScaler\"", \""1\"": \""bkfilter\"", \""2\"": \""HPFilter\""}, \""transformation_params\"": {\""0\"": {}, \""1\"": {}, \""2\"": {\""part\"": \""trend\"", \""lamb\"": 6.25}}}""}, ""5bb9f16e5f9c93ddad63947a240ff284"": {""Model"": ""FBProphet"", ""ModelParameters"": ""{\""holiday\"": false, \""regression_type\"": null, \""growth\"": \""linear\"", \""seasonality_mode\"": \""additive\"", \""changepoint_prior_scale\"": 0.05, \""n_changepoints\"": 25, \""changepoint_range\"": 360, \""changepoint_spacing\"": null, \""changepoint_distance_end\"": null, \""seasonality_prior_scale\"": 10.0, \""yearly_seasonality_prior_scale\"": null, \""yearly_seasonality_order\"": null, \""weekly_seasonality_prior_scale\"": null, \""holidays_prior_scale\"": 10.0, \""trend_phi\"": null}"", ""TransformationParameters"": ""{\""fillna\"": \""rolling_mean\"", \""transformations\"": {\""0\"": \""StandardScaler\"", \""1\"": \""bkfilter\"", \""2\"": \""HPFilter\""}, \""transformation_params\"": {\""0\"": {}, \""1\"": {}, \""2\"": {\""part\"": \""trend\"", \""lamb\"": 6.25}}}""}, ""90456766456292561f52d10770c88398"": {""Model"": ""FBProphet"", ""ModelParameters"": ""{\""holiday\"": false, \""regression_type\"": null, \""growth\"": \""linear\"", \""seasonality_mode\"": \""multiplicative\"", \""changepoint_prior_scale\"": 0.05, \""n_changepoints\"": 25, \""changepoint_range\"": 0.8, \""changepoint_spacing\"": null, \""changepoint_distance_end\"": null, \""seasonality_prior_scale\"": 10.0, \""yearly_seasonality_prior_scale\"": null, \""yearly_seasonality_order\"": null, \""weekly_seasonality_prior_scale\"": null, \""holidays_prior_scale\"": 0.1, \""trend_phi\"": null}"", ""TransformationParameters"": ""{\""fillna\"": \""linear\"", \""transformations\"": {\""0\"": \""UpscaleDownscaleTransformer\"", \""1\"": \""AlignLastValue\"", \""2\"": \""HPFilter\"", \""3\"": \""Discretize\"", \""4\"": \""ClipOutliers\"", \""5\"": \""Slice\""}, \""transformation_params\"": {\""0\"": {\""mode\"": \""downscale\"", \""factor\"": 1, \""down_method\"": \""decimate\"", \""fill_method\"": \""pchip\""}, \""1\"": {\""rows\"": 1, \""lag\"": 1, \""method\"": \""additive\"", \""strength\"": 1.0, \""first_value_only\"": false, \""threshold\"": null, \""threshold_method\"": \""max\"", \""mean_type\"": \""arithmetic\""}, \""2\"": {\""part\"": \""trend\"", \""lamb\"": 6.25}, \""3\"": {\""discretization\"": \""center\"", \""n_bins\"": 5}, \""4\"": {\""method\"": \""clip\"", \""std_threshold\"": 5, \""fillna\"": null}, \""5\"": {\""method\"": 0.5}}}""}}, ""point_method"": ""median"", ""model_weights"": {}}","{""fillna"": ""ffill"", ""transformations"": {""0"": ""AlignLastValue"", ""1"": ""SeasonalDifference"", ""2"": ""AlignLastValue""}, ""transformation_params"": {""0"": {""rows"": 1, ""lag"": 1, ""method"": ""additive"", ""strength"": 0.7, ""first_value_only"": false, ""threshold"": 1, ""threshold_method"": ""max""}, ""1"": {""lag_1"": 7, ""method"": 20}, ""2"": {""rows"": 1, ""lag"": 28, ""method"": ""multiplicative"", ""strength"": 1.0, ""first_value_only"": false, ""threshold"": null, ""threshold_method"": ""mean""}}}",1,1,20.181915518273268,1.4209013796667413,1.6176295194216965,0.5450871750065341,1.4209013796667413,0.0,-2.6096977056903903,0.8333665145022553,167.8984678543186,1.417430629102524,1.2637366875925036,0.0,0.55,3.5582177779326543,0.7,1.72765096649923,1.1967867736097602,6.574428775074097,2.908675750872537,0.4381026884815713,165.2887701486282,57.87972951312687,15.61123836285564,0.21095752077521054,20.181915518273268,1.4209013796667413,1.6176295194216965,0.5450871750065341,1.4209013796667413,0.0,0.8333665145022553,1.417430629102524,1.2637366875925036,3.5582177779326543,0.7,1.72765096649923,1.1967867736097602,6.574428775074097,2.908675750872537,0.4381026884815713,165.2887701486282,57.87972951312687,15.61123836285564,0.21095752077521054,0.0,0.55,2.5244,43.162597744679054,20.182970167391257,Wh,20.182970167391257,Wh
93,8a41b21bf4a5cd297154a1a055dc65d5,Ensemble,"{""model_name"": ""BestN"", ""model_count"": 5, ""model_metric"": ""mixed_metric"", ""models"": {""ca2e0fcc7b23d74ee347d493f6ff4379"": {""Model"": ""ARIMA"", ""ModelParameters"": ""{\""p\"": 0, \""d\"": 2, \""q\"": 2, \""regression_type\"": null}"", ""TransformationParameters"": ""{\""fillna\"": \""cubic\"", \""transformations\"": {\""0\"": \""AlignLastValue\"", \""1\"": \""AlignLastValue\""}, \""transformation_params\"": {\""0\"": {\""rows\"": 84, \""lag\"": 1, \""method\"": \""additive\"", \""strength\"": 0.5, \""first_value_only\"": false, \""threshold\"": 10, \""threshold_method\"": \""max\"", \""mean_type\"": \""arithmetic\""}, \""1\"": {\""rows\"": 1, \""lag\"": 7, \""method\"": \""additive\"", \""strength\"": 1.0, \""first_value_only\"": false, \""threshold\"": 10, \""threshold_method\"": \""mean\"", \""mean_type\"": \""arithmetic\""}}}""}, ""216178f098ef6698659d5bd14449f8af"": {""Model"": ""ARIMA"", ""ModelParameters"": ""{\""p\"": 4, \""d\"": 2, \""q\"": 4, \""regression_type\"": null}"", ""TransformationParameters"": ""{\""fillna\"": \""cubic\"", \""transformations\"": {\""0\"": \""bkfilter\"", \""1\"": \""AlignLastValue\""}, \""transformation_params\"": {\""0\"": {}, \""1\"": {\""rows\"": 1, \""lag\"": 7, \""method\"": \""additive\"", \""strength\"": 1.0, \""first_value_only\"": false, \""threshold\"": 10, \""threshold_method\"": \""mean\"", \""mean_type\"": \""arithmetic\""}}}""}, ""5c9aafe0ed22a0009a0c5786b4223a8f"": {""Model"": ""FBProphet"", ""ModelParameters"": ""{\""holiday\"": false, \""regression_type\"": null, \""growth\"": \""linear\"", \""seasonality_mode\"": \""additive\"", \""changepoint_prior_scale\"": 0.05, \""n_changepoints\"": 25, \""changepoint_range\"": 0.8, \""changepoint_spacing\"": null, \""changepoint_distance_end\"": null, \""seasonality_prior_scale\"": 10.0, \""yearly_seasonality_prior_scale\"": null, \""yearly_seasonality_order\"": null, \""weekly_seasonality_prior_scale\"": 0.0001, \""holidays_prior_scale\"": 10.0, \""trend_phi\"": null}"", ""TransformationParameters"": ""{\""fillna\"": \""mean\"", \""transformations\"": {\""0\"": \""StandardScaler\"", \""1\"": \""bkfilter\"", \""2\"": \""HPFilter\""}, \""transformation_params\"": {\""0\"": {}, \""1\"": {}, \""2\"": {\""part\"": \""trend\"", \""lamb\"": 6.25}}}""}, ""5bb9f16e5f9c93ddad63947a240ff284"": {""Model"": ""FBProphet"", ""ModelParameters"": ""{\""holiday\"": false, \""regression_type\"": null, \""growth\"": \""linear\"", \""seasonality_mode\"": \""additive\"", \""changepoint_prior_scale\"": 0.05, \""n_changepoints\"": 25, \""changepoint_range\"": 360, \""changepoint_spacing\"": null, \""changepoint_distance_end\"": null, \""seasonality_prior_scale\"": 10.0, \""yearly_seasonality_prior_scale\"": null, \""yearly_seasonality_order\"": null, \""weekly_seasonality_prior_scale\"": null, \""holidays_prior_scale\"": 10.0, \""trend_phi\"": null}"", ""TransformationParameters"": ""{\""fillna\"": \""rolling_mean\"", \""transformations\"": {\""0\"": \""StandardScaler\"", \""1\"": \""bkfilter\"", \""2\"": \""HPFilter\""}, \""transformation_params\"": {\""0\"": {}, \""1\"": {}, \""2\"": {\""part\"": \""trend\"", \""lamb\"": 6.25}}}""}, ""90456766456292561f52d10770c88398"": {""Model"": ""FBProphet"", ""ModelParameters"": ""{\""holiday\"": false, \""regression_type\"": null, \""growth\"": \""linear\"", \""seasonality_mode\"": \""multiplicative\"", \""changepoint_prior_scale\"": 0.05, \""n_changepoints\"": 25, \""changepoint_range\"": 0.8, \""changepoint_spacing\"": null, \""changepoint_distance_end\"": null, \""seasonality_prior_scale\"": 10.0, \""yearly_seasonality_prior_scale\"": null, \""yearly_seasonality_order\"": null, \""weekly_seasonality_prior_scale\"": null, \""holidays_prior_scale\"": 0.1, \""trend_phi\"": null}"", ""TransformationParameters"": ""{\""fillna\"": \""linear\"", \""transformations\"": {\""0\"": \""UpscaleDownscaleTransformer\"", \""1\"": \""AlignLastValue\"", \""2\"": \""HPFilter\"", \""3\"": \""Discretize\"", \""4\"": \""ClipOutliers\"", \""5\"": \""Slice\""}, \""transformation_params\"": {\""0\"": {\""mode\"": \""downscale\"", \""factor\"": 1, \""down_method\"": \""decimate\"", \""fill_method\"": \""pchip\""}, \""1\"": {\""rows\"": 1, \""lag\"": 1, \""method\"": \""additive\"", \""strength\"": 1.0, \""first_value_only\"": false, \""threshold\"": null, \""threshold_method\"": \""max\"", \""mean_type\"": \""arithmetic\""}, \""2\"": {\""part\"": \""trend\"", \""lamb\"": 6.25}, \""3\"": {\""discretization\"": \""center\"", \""n_bins\"": 5}, \""4\"": {\""method\"": \""clip\"", \""std_threshold\"": 5, \""fillna\"": null}, \""5\"": {\""method\"": 0.5}}}""}}, ""point_method"": ""kalman"", ""model_weights"": {}}","{""fillna"": ""ffill"", ""transformations"": {""0"": ""AlignLastValue"", ""1"": ""SeasonalDifference"", ""2"": ""AlignLastValue""}, ""transformation_params"": {""0"": {""rows"": 1, ""lag"": 1, ""method"": ""additive"", ""strength"": 0.7, ""first_value_only"": false, ""threshold"": 1, ""threshold_method"": ""max""}, ""1"": {""lag_1"": 7, ""method"": 20}, ""2"": {""rows"": 1, ""lag"": 28, ""method"": ""multiplicative"", ""strength"": 1.0, ""first_value_only"": false, ""threshold"": null, ""threshold_method"": ""mean""}}}",1,1,20.285077864169207,1.42922701583422,1.6263650672828804,0.5451161785583215,1.42922701583422,0.0,-2.57538085913228,0.8365757409556925,168.93186104097413,1.4258209466577723,1.2391743316242219,0.0,0.55,3.57097753949925,0.675,1.7495188709427552,1.2045522453642112,6.6172542240175725,2.9444296314862326,0.4377746299179913,166.35648018184185,58.22862924603707,15.625967237774988,0.212320235624568,20.285077864169207,1.42922701583422,1.6263650672828804,0.5451161785583215,1.42922701583422,0.0,0.8365757409556925,1.4258209466577723,1.2391743316242219,3.57097753949925,0.675,1.7495188709427552,1.2045522453642112,6.6172542240175725,2.9444296314862326,0.4377746299179913,166.35648018184185,58.22862924603707,15.625967237774988,0.212320235624568,0.0,0.55,2.5219,42.94550668063299,20.301230356871955,Wh,20.301230356871955,Wh
94,beb656aa322efb0d511aa3ca771e5223,Ensemble,"{""model_name"": ""BestN"", ""model_count"": 3, ""model_metric"": ""best_score"", ""models"": {""5bb9f16e5f9c93ddad63947a240ff284"": {""Model"": ""FBProphet"", ""ModelParameters"": ""{\""holiday\"": false, \""regression_type\"": null, \""growth\"": \""linear\"", \""seasonality_mode\"": \""additive\"", \""changepoint_prior_scale\"": 0.05, \""n_changepoints\"": 25, \""changepoint_range\"": 360, \""changepoint_spacing\"": null, \""changepoint_distance_end\"": null, \""seasonality_prior_scale\"": 10.0, \""yearly_seasonality_prior_scale\"": null, \""yearly_seasonality_order\"": null, \""weekly_seasonality_prior_scale\"": null, \""holidays_prior_scale\"": 10.0, \""trend_phi\"": null}"", ""TransformationParameters"": ""{\""fillna\"": \""rolling_mean\"", \""transformations\"": {\""0\"": \""StandardScaler\"", \""1\"": \""bkfilter\"", \""2\"": \""HPFilter\""}, \""transformation_params\"": {\""0\"": {}, \""1\"": {}, \""2\"": {\""part\"": \""trend\"", \""lamb\"": 6.25}}}""}, ""5c9aafe0ed22a0009a0c5786b4223a8f"": {""Model"": ""FBProphet"", ""ModelParameters"": ""{\""holiday\"": false, \""regression_type\"": null, \""growth\"": \""linear\"", \""seasonality_mode\"": \""additive\"", \""changepoint_prior_scale\"": 0.05, \""n_changepoints\"": 25, \""changepoint_range\"": 0.8, \""changepoint_spacing\"": null, \""changepoint_distance_end\"": null, \""seasonality_prior_scale\"": 10.0, \""yearly_seasonality_prior_scale\"": null, \""yearly_seasonality_order\"": null, \""weekly_seasonality_prior_scale\"": 0.0001, \""holidays_prior_scale\"": 10.0, \""trend_phi\"": null}"", ""TransformationParameters"": ""{\""fillna\"": \""mean\"", \""transformations\"": {\""0\"": \""StandardScaler\"", \""1\"": \""bkfilter\"", \""2\"": \""HPFilter\""}, \""transformation_params\"": {\""0\"": {}, \""1\"": {}, \""2\"": {\""part\"": \""trend\"", \""lamb\"": 6.25}}}""}, ""2f39eb773641165ab62d1d03bee46b54"": {""Model"": ""FBProphet"", ""ModelParameters"": ""{\""holiday\"": false, \""regression_type\"": null, \""growth\"": \""linear\"", \""seasonality_mode\"": \""additive\"", \""changepoint_prior_scale\"": 0.05, \""n_changepoints\"": 25, \""changepoint_range\"": 360, \""changepoint_spacing\"": null, \""changepoint_distance_end\"": null, \""seasonality_prior_scale\"": 10.0, \""yearly_seasonality_prior_scale\"": null, \""yearly_seasonality_order\"": null, \""weekly_seasonality_prior_scale\"": null, \""holidays_prior_scale\"": 20, \""trend_phi\"": null}"", ""TransformationParameters"": ""{\""fillna\"": \""rolling_mean\"", \""transformations\"": {\""0\"": \""StandardScaler\"", \""1\"": \""bkfilter\"", \""2\"": \""HPFilter\""}, \""transformation_params\"": {\""0\"": {}, \""1\"": {}, \""2\"": {\""part\"": \""trend\"", \""lamb\"": 6.25}}}""}}, ""model_weights"": {}, ""point_method"": ""mean""}","{""fillna"": ""ffill"", ""transformations"": {""0"": ""AlignLastValue"", ""1"": ""SeasonalDifference"", ""2"": ""AlignLastValue""}, ""transformation_params"": {""0"": {""rows"": 1, ""lag"": 1, ""method"": ""additive"", ""strength"": 0.7, ""first_value_only"": false, ""threshold"": 1, ""threshold_method"": ""max""}, ""1"": {""lag_1"": 7, ""method"": 20}, ""2"": {""rows"": 1, ""lag"": 28, ""method"": ""multiplicative"", ""strength"": 1.0, ""first_value_only"": false, ""threshold"": null, ""threshold_method"": ""mean""}}}",1,1,20.14492856564378,1.417888087064327,1.6141772764396007,0.5450217683082206,1.417888087064327,0.0,-2.608857937368403,0.8322479477452418,167.53771251035084,1.4144125427294048,1.2324848546491844,0.0,0.55,3.549023880952383,0.7,1.7259089369698246,1.194209145291828,6.555639368980191,2.891296196763067,0.4381325489608519,164.92885457298246,57.80535507379013,15.601584277577544,0.2104981616943829,20.14492856564378,1.417888087064327,1.6141772764396007,0.5450217683082206,1.417888087064327,0.0,0.8322479477452418,1.4144125427294048,1.2324848546491844,3.549023880952383,0.7,1.7259089369698246,1.194209145291828,6.555639368980191,2.891296196763067,0.4381325489608519,164.92885457298246,57.80535507379013,15.601584277577544,0.2104981616943829,0.0,0.55,1.8748,42.66702903150708,20.14016832655244,Wh,20.14016832655244,Wh
95,c44e7fd58d43edfdd42b796f0be633e2,Ensemble,"{""model_name"": ""BestN"", ""model_count"": 5, ""model_metric"": ""bestn_horizontal"", ""models"": {""5bb9f16e5f9c93ddad63947a240ff284"": {""Model"": ""FBProphet"", ""ModelParameters"": ""{\""holiday\"": false, \""regression_type\"": null, \""growth\"": \""linear\"", \""seasonality_mode\"": \""additive\"", \""changepoint_prior_scale\"": 0.05, \""n_changepoints\"": 25, \""changepoint_range\"": 360, \""changepoint_spacing\"": null, \""changepoint_distance_end\"": null, \""seasonality_prior_scale\"": 10.0, \""yearly_seasonality_prior_scale\"": null, \""yearly_seasonality_order\"": null, \""weekly_seasonality_prior_scale\"": null, \""holidays_prior_scale\"": 10.0, \""trend_phi\"": null}"", ""TransformationParameters"": ""{\""fillna\"": \""rolling_mean\"", \""transformations\"": {\""0\"": \""StandardScaler\"", \""1\"": \""bkfilter\"", \""2\"": \""HPFilter\""}, \""transformation_params\"": {\""0\"": {}, \""1\"": {}, \""2\"": {\""part\"": \""trend\"", \""lamb\"": 6.25}}}""}, ""5c9aafe0ed22a0009a0c5786b4223a8f"": {""Model"": ""FBProphet"", ""ModelParameters"": ""{\""holiday\"": false, \""regression_type\"": null, \""growth\"": \""linear\"", \""seasonality_mode\"": \""additive\"", \""changepoint_prior_scale\"": 0.05, \""n_changepoints\"": 25, \""changepoint_range\"": 0.8, \""changepoint_spacing\"": null, \""changepoint_distance_end\"": null, \""seasonality_prior_scale\"": 10.0, \""yearly_seasonality_prior_scale\"": null, \""yearly_seasonality_order\"": null, \""weekly_seasonality_prior_scale\"": 0.0001, \""holidays_prior_scale\"": 10.0, \""trend_phi\"": null}"", ""TransformationParameters"": ""{\""fillna\"": \""mean\"", \""transformations\"": {\""0\"": \""StandardScaler\"", \""1\"": \""bkfilter\"", \""2\"": \""HPFilter\""}, \""transformation_params\"": {\""0\"": {}, \""1\"": {}, \""2\"": {\""part\"": \""trend\"", \""lamb\"": 6.25}}}""}, ""2f39eb773641165ab62d1d03bee46b54"": {""Model"": ""FBProphet"", ""ModelParameters"": ""{\""holiday\"": false, \""regression_type\"": null, \""growth\"": \""linear\"", \""seasonality_mode\"": \""additive\"", \""changepoint_prior_scale\"": 0.05, \""n_changepoints\"": 25, \""changepoint_range\"": 360, \""changepoint_spacing\"": null, \""changepoint_distance_end\"": null, \""seasonality_prior_scale\"": 10.0, \""yearly_seasonality_prior_scale\"": null, \""yearly_seasonality_order\"": null, \""weekly_seasonality_prior_scale\"": null, \""holidays_prior_scale\"": 20, \""trend_phi\"": null}"", ""TransformationParameters"": ""{\""fillna\"": \""rolling_mean\"", \""transformations\"": {\""0\"": \""StandardScaler\"", \""1\"": \""bkfilter\"", \""2\"": \""HPFilter\""}, \""transformation_params\"": {\""0\"": {}, \""1\"": {}, \""2\"": {\""part\"": \""trend\"", \""lamb\"": 6.25}}}""}, ""03692eafcc5a0b55c93fa7a44934e875"": {""Model"": ""FBProphet"", ""ModelParameters"": ""{\""holiday\"": false, \""regression_type\"": null, \""growth\"": \""linear\"", \""seasonality_mode\"": \""multiplicative\"", \""changepoint_prior_scale\"": 0.05, \""n_changepoints\"": 25, \""changepoint_range\"": 0.8, \""changepoint_spacing\"": null, \""changepoint_distance_end\"": null, \""seasonality_prior_scale\"": 10.0, \""yearly_seasonality_prior_scale\"": null, \""yearly_seasonality_order\"": null, \""weekly_seasonality_prior_scale\"": 0.0001, \""holidays_prior_scale\"": 0.1, \""trend_phi\"": null}"", ""TransformationParameters"": ""{\""fillna\"": \""rolling_mean\"", \""transformations\"": {\""0\"": \""StandardScaler\"", \""1\"": \""bkfilter\"", \""2\"": \""HPFilter\""}, \""transformation_params\"": {\""0\"": {}, \""1\"": {}, \""2\"": {\""part\"": \""trend\"", \""lamb\"": 6.25}}}""}, ""0c0137540bc924eddab1cf1337a173c4"": {""Model"": ""FBProphet"", ""ModelParameters"": ""{\""holiday\"": false, \""regression_type\"": null, \""growth\"": \""linear\"", \""seasonality_mode\"": \""additive\"", \""changepoint_prior_scale\"": 0.05, \""n_changepoints\"": 25, \""changepoint_range\"": 0.85, \""changepoint_spacing\"": null, \""changepoint_distance_end\"": null, \""seasonality_prior_scale\"": 10.0, \""yearly_seasonality_prior_scale\"": null, \""yearly_seasonality_order\"": null, \""weekly_seasonality_prior_scale\"": 0.0001, \""holidays_prior_scale\"": 0.1, \""trend_phi\"": null}"", ""TransformationParameters"": ""{\""fillna\"": \""rolling_mean\"", \""transformations\"": {\""0\"": \""StandardScaler\"", \""1\"": \""bkfilter\"", \""2\"": \""HPFilter\""}, \""transformation_params\"": {\""0\"": {}, \""1\"": {}, \""2\"": {\""part\"": \""trend\"", \""lamb\"": 6.25}}}""}}, ""point_method"": ""median"", ""model_weights"": {}}","{""fillna"": ""ffill"", ""transformations"": {""0"": ""AlignLastValue"", ""1"": ""SeasonalDifference"", ""2"": ""AlignLastValue""}, ""transformation_params"": {""0"": {""rows"": 1, ""lag"": 1, ""method"": ""additive"", ""strength"": 0.7, ""first_value_only"": false, ""threshold"": 1, ""threshold_method"": ""max""}, ""1"": {""lag_1"": 7, ""method"": 20}, ""2"": {""rows"": 1, ""lag"": 28, ""method"": ""multiplicative"", ""strength"": 1.0, ""first_value_only"": false, ""threshold"": null, ""threshold_method"": ""mean""}}}",1,1,20.133887066168906,1.4170241489668483,1.6133795919148306,0.5450822803459406,1.4170241489668483,0.0,-2.6211868633836843,0.8319028260792659,167.4217110126381,1.413528090478412,1.2319828573094813,0.0,0.55,3.548959493986782,0.7,1.725679964866282,1.1933464239786917,6.551468824648624,2.8887167498316177,0.4379604440722209,164.8005241492544,57.7538456163133,15.614751738409549,0.21033437399116892,20.133887066168906,1.4170241489668483,1.6133795919148306,0.5450822803459406,1.4170241489668483,0.0,0.8319028260792659,1.413528090478412,1.2319828573094813,3.548959493986782,0.7,1.725679964866282,1.1933464239786917,6.551468824648624,2.8887167498316177,0.4379604440722209,164.8005241492544,57.7538456163133,15.614751738409549,0.21033437399116892,0.0,0.55,3.1708,42.646032307615904,20.127896653727422,Wh,20.127896653727422,Wh
96,2001f7573d4d4313c4885856a18c26c9,Ensemble,"{""model_name"": ""BestN"", ""model_count"": 3, ""model_metric"": ""best_score_unique"", ""models"": {""5bb9f16e5f9c93ddad63947a240ff284"": {""Model"": ""FBProphet"", ""ModelParameters"": ""{\""holiday\"": false, \""regression_type\"": null, \""growth\"": \""linear\"", \""seasonality_mode\"": \""additive\"", \""changepoint_prior_scale\"": 0.05, \""n_changepoints\"": 25, \""changepoint_range\"": 360, \""changepoint_spacing\"": null, \""changepoint_distance_end\"": null, \""seasonality_prior_scale\"": 10.0, \""yearly_seasonality_prior_scale\"": null, \""yearly_seasonality_order\"": null, \""weekly_seasonality_prior_scale\"": null, \""holidays_prior_scale\"": 10.0, \""trend_phi\"": null}"", ""TransformationParameters"": ""{\""fillna\"": \""rolling_mean\"", \""transformations\"": {\""0\"": \""StandardScaler\"", \""1\"": \""bkfilter\"", \""2\"": \""HPFilter\""}, \""transformation_params\"": {\""0\"": {}, \""1\"": {}, \""2\"": {\""part\"": \""trend\"", \""lamb\"": 6.25}}}""}, ""290072eada53189c757f67ac7b1cfea9"": {""Model"": ""ARIMA"", ""ModelParameters"": ""{\""p\"": 0, \""d\"": 0, \""q\"": 2, \""regression_type\"": \""Holiday\""}"", ""TransformationParameters"": ""{\""fillna\"": \""mean\"", \""transformations\"": {\""0\"": \""AnomalyRemoval\"", \""1\"": \""ChangepointDetrend\"", \""2\"": \""ClipOutliers\""}, \""transformation_params\"": {\""0\"": {\""method\"": \""zscore\"", \""method_params\"": {\""distribution\"": \""chi2\"", \""alpha\"": 0.05}, \""fillna\"": \""ffill\"", \""transform_dict\"": null, \""isolated_only\"": false, \""on_inverse\"": false}, \""1\"": {\""model\"": \""ElasticNet\"", \""changepoint_spacing\"": 90, \""changepoint_distance_end\"": 180, \""datepart_method\"": null}, \""2\"": {\""method\"": \""clip\"", \""std_threshold\"": 2, \""fillna\"": null}}}""}, ""7f1b9001e4365205912d8167e1108b4a"": {""Model"": ""DatepartRegression"", ""ModelParameters"": ""{\""regression_model\"": {\""model\"": \""ElasticNet\"", \""model_params\"": {\""l1_ratio\"": 0.5, \""fit_intercept\"": true, \""selection\"": \""cyclic\"", \""max_iter\"": 1000}}, \""datepart_method\"": \""simple_2\"", \""polynomial_degree\"": null, \""holiday_countries_used\"": false, \""lags\"": null, \""forward_lags\"": null, \""regression_type\"": null}"", ""TransformationParameters"": ""{\""fillna\"": \""ffill_mean_biased\"", \""transformations\"": {\""0\"": \""AlignLastValue\"", \""1\"": \""bkfilter\"", \""2\"": \""CointegrationTransformer\""}, \""transformation_params\"": {\""0\"": {\""rows\"": 7, \""lag\"": 2, \""method\"": \""additive\"", \""strength\"": 1.0, \""first_value_only\"": true, \""threshold\"": null, \""threshold_method\"": \""max\"", \""mean_type\"": \""arithmetic\""}, \""1\"": {}, \""2\"": {\""n_components\"": 5, \""max_components\"": 20, \""shrinkage\"": 0.01, \""method\"": \""cca\"", \""min_periods\"": 30}}}""}}, ""model_weights"": {}, ""point_method"": ""mean""}","{""fillna"": ""ffill"", ""transformations"": {""0"": ""AlignLastValue"", ""1"": ""SeasonalDifference"", ""2"": ""AlignLastValue""}, ""transformation_params"": {""0"": {""rows"": 1, ""lag"": 1, ""method"": ""additive"", ""strength"": 0.7, ""first_value_only"": false, ""threshold"": 1, ""threshold_method"": ""max""}, ""1"": {""lag_1"": 7, ""method"": 20}, ""2"": {""rows"": 1, ""lag"": 28, ""method"": ""multiplicative"", ""strength"": 1.0, ""first_value_only"": false, ""threshold"": null, ""threshold_method"": ""mean""}}}",1,1,20.064530879632926,1.4114289147584462,1.6077789307996537,0.5449572962377287,1.4114289147584462,0.0,-2.669801432926498,0.8297105428164085,166.70166833808702,1.4078409073504805,1.2373743150146703,0.0,0.55,3.5418667704478235,0.7,1.7229718972587282,1.187898238217878,6.526707568945026,2.8672234025648837,0.43769223803693996,164.03186690516054,57.43127846917615,15.623775385318654,0.2093533392457707,20.064530879632926,1.4114289147584462,1.6077789307996537,0.5449572962377287,1.4114289147584462,0.0,0.8297105428164085,1.4078409073504805,1.2373743150146703,3.5418667704478235,0.7,1.7229718972587282,1.187898238217878,6.526707568945026,2.8672234025648837,0.43769223803693996,164.03186690516054,57.43127846917615,15.623775385318654,0.2093533392457707,0.0,0.55,0.8562,42.63362982980736,20.048420029435434,Wh,20.048420029435434,Wh
97,0d5e2c7a60b1f0c8cb0dc43aba4d808a,Ensemble,"{""model_name"": ""BestN"", ""model_count"": 3, ""model_metric"": ""bestn_horizontal"", ""models"": {""5bb9f16e5f9c93ddad63947a240ff284"": {""Model"": ""FBProphet"", ""ModelParameters"": ""{\""holiday\"": false, \""regression_type\"": null, \""growth\"": \""linear\"", \""seasonality_mode\"": \""additive\"", \""changepoint_prior_scale\"": 0.05, \""n_changepoints\"": 25, \""changepoint_range\"": 360, \""changepoint_spacing\"": null, \""changepoint_distance_end\"": null, \""seasonality_prior_scale\"": 10.0, \""yearly_seasonality_prior_scale\"": null, \""yearly_seasonality_order\"": null, \""weekly_seasonality_prior_scale\"": null, \""holidays_prior_scale\"": 10.0, \""trend_phi\"": null}"", ""TransformationParameters"": ""{\""fillna\"": \""rolling_mean\"", \""transformations\"": {\""0\"": \""StandardScaler\"", \""1\"": \""bkfilter\"", \""2\"": \""HPFilter\""}, \""transformation_params\"": {\""0\"": {}, \""1\"": {}, \""2\"": {\""part\"": \""trend\"", \""lamb\"": 6.25}}}""}, ""290072eada53189c757f67ac7b1cfea9"": {""Model"": ""ARIMA"", ""ModelParameters"": ""{\""p\"": 0, \""d\"": 0, \""q\"": 2, \""regression_type\"": \""Holiday\""}"", ""TransformationParameters"": ""{\""fillna\"": \""mean\"", \""transformations\"": {\""0\"": \""AnomalyRemoval\"", \""1\"": \""ChangepointDetrend\"", \""2\"": \""ClipOutliers\""}, \""transformation_params\"": {\""0\"": {\""method\"": \""zscore\"", \""method_params\"": {\""distribution\"": \""chi2\"", \""alpha\"": 0.05}, \""fillna\"": \""ffill\"", \""transform_dict\"": null, \""isolated_only\"": false, \""on_inverse\"": false}, \""1\"": {\""model\"": \""ElasticNet\"", \""changepoint_spacing\"": 90, \""changepoint_distance_end\"": 180, \""datepart_method\"": null}, \""2\"": {\""method\"": \""clip\"", \""std_threshold\"": 2, \""fillna\"": null}}}""}, ""391cc75f9a7d750778405fc3cfcecb92"": {""Model"": ""RollingRegression"", ""ModelParameters"": ""{\""regression_model\"": {\""model\"": \""DecisionTree\"", \""model_params\"": {\""max_depth\"": null, \""min_samples_split\"": 0.05}}, \""holiday\"": false, \""mean_rolling_periods\"": null, \""macd_periods\"": null, \""std_rolling_periods\"": null, \""max_rolling_periods\"": 420, \""min_rolling_periods\"": 168, \""ewm_var_alpha\"": null, \""quantile90_rolling_periods\"": null, \""quantile10_rolling_periods\"": null, \""ewm_alpha\"": null, \""additional_lag_periods\"": 6, \""abs_energy\"": false, \""rolling_autocorr_periods\"": null, \""nonzero_last_n\"": null, \""add_date_part\"": \""expanded\"", \""polynomial_degree\"": null, \""x_transform\"": null, \""regression_type\"": null}"", ""TransformationParameters"": ""{\""fillna\"": \""mean\"", \""transformations\"": {\""0\"": \""STLFilter\"", \""1\"": \""RobustScaler\"", \""2\"": \""MaxAbsScaler\"", \""3\"": \""SeasonalDifference\"", \""4\"": \""AlignLastValue\""}, \""transformation_params\"": {\""0\"": {\""decomp_type\"": \""seasonal_decompose\"", \""part\"": \""trend\""}, \""1\"": {}, \""2\"": {}, \""3\"": {\""lag_1\"": 7, \""method\"": \""LastValue\""}, \""4\"": {\""rows\"": 1, \""lag\"": 2, \""method\"": \""additive\"", \""strength\"": 0.7, \""first_value_only\"": false, \""threshold\"": null, \""threshold_method\"": \""mean\"", \""mean_type\"": \""arithmetic\""}}}""}}, ""model_weights"": {""5bb9f16e5f9c93ddad63947a240ff284"": 4.0, ""290072eada53189c757f67ac7b1cfea9"": 3.0, ""391cc75f9a7d750778405fc3cfcecb92"": 2.0}, ""point_method"": ""mean""}","{""fillna"": ""ffill"", ""transformations"": {""0"": ""AlignLastValue"", ""1"": ""SeasonalDifference"", ""2"": ""AlignLastValue""}, ""transformation_params"": {""0"": {""rows"": 1, ""lag"": 1, ""method"": ""additive"", ""strength"": 0.7, ""first_value_only"": false, ""threshold"": 1, ""threshold_method"": ""max""}, ""1"": {""lag_1"": 7, ""method"": 20}, ""2"": {""rows"": 1, ""lag"": 28, ""method"": ""multiplicative"", ""strength"": 1.0, ""first_value_only"": false, ""threshold"": null, ""threshold_method"": ""mean""}}}",1,1,20.091484272577485,1.4135958005905465,1.6096603861736098,0.5449455044309338,1.4135958005905465,0.0,-2.629235973626866,0.8305995818039827,167.0022600972387,1.4100814673064965,1.2341579592419214,0.0,0.55,3.5415754875809853,0.7,1.7238166172459206,1.1902095591200974,6.532294576226748,2.872585875994022,0.4376648677348775,164.37302412361183,57.6344382892297,15.619856403104198,0.20978875709620504,20.091484272577485,1.4135958005905465,1.6096603861736098,0.5449455044309338,1.4135958005905465,0.0,0.8305995818039827,1.4100814673064965,1.2341579592419214,3.5415754875809853,0.7,1.7238166172459206,1.1902095591200974,6.532294576226748,2.872585875994022,0.4376648677348775,164.37302412361183,57.6344382892297,15.619856403104198,0.20978875709620504,0.0,0.55,3.3512,42.62172786788286,20.079199218428602,Wh,20.079199218428602,Wh
98,af09eb9749992451a2c534ab4a8b2e32,DatepartRegression,"{""regression_model"": {""model"": ""DecisionTree"", ""model_params"": {""max_depth"": 3, ""min_samples_split"": 2}}, ""datepart_method"": ""recurring"", ""polynomial_degree"": null, ""holiday_countries_used"": false, ""lags"": null, ""forward_lags"": null, ""regression_type"": null}","{""fillna"": ""mean"", ""transformations"": {""0"": ""ClipOutliers"", ""1"": ""QuantileTransformer"", ""2"": ""DifferencedTransformer""}, ""transformation_params"": {""0"": {""method"": ""clip"", ""std_threshold"": 3, ""fillna"": null}, ""1"": {""output_distribution"": ""uniform"", ""n_quantiles"": 27}, ""2"": {}}}",0,1,29.18969567246574,1.7594544865591837,2.039406037559767,0.730644877488159,1.7594544865591837,0.0,-113.89948633406642,1.3853714396367134,97.23505205303564,1.3137911041780335,0.6099956051220261,1.0,0.5,4.515550136566162,0.75,1.8753529696620563,1.4745433488738389,7.226122046246103,5.477937610802308,0.5444123265896936,16.66443428103077,29.91781774814301,5.83240155135304,0.021268763376281044,29.18969567246574,1.7594544865591837,2.039406037559767,0.730644877488159,1.7594544865591837,0.0,1.3853714396367134,1.3137911041780335,0.6099956051220261,4.515550136566162,0.75,1.8753529696620563,1.4745433488738389,7.226122046246103,5.477937610802308,0.5444123265896936,16.66443428103077,29.91781774814301,5.83240155135304,0.021268763376281044,1.0,0.5,0.226,42.61681241752962,24.99189452644171,Wh,24.99189452644171,Wh
99,bd48c82fe60c34c9615844af01551a4b,Ensemble,"{""model_name"": ""BestN"", ""model_count"": 3, ""model_metric"": ""horizontal"", ""models"": {""391cc75f9a7d750778405fc3cfcecb92"": {""Model"": ""RollingRegression"", ""ModelParameters"": ""{\""regression_model\"": {\""model\"": \""DecisionTree\"", \""model_params\"": {\""max_depth\"": null, \""min_samples_split\"": 0.05}}, \""holiday\"": false, \""mean_rolling_periods\"": null, \""macd_periods\"": null, \""std_rolling_periods\"": null, \""max_rolling_periods\"": 420, \""min_rolling_periods\"": 168, \""ewm_var_alpha\"": null, \""quantile90_rolling_periods\"": null, \""quantile10_rolling_periods\"": null, \""ewm_alpha\"": null, \""additional_lag_periods\"": 6, \""abs_energy\"": false, \""rolling_autocorr_periods\"": null, \""nonzero_last_n\"": null, \""add_date_part\"": \""expanded\"", \""polynomial_degree\"": null, \""x_transform\"": null, \""regression_type\"": null}"", ""TransformationParameters"": ""{\""fillna\"": \""mean\"", \""transformations\"": {\""0\"": \""STLFilter\"", \""1\"": \""RobustScaler\"", \""2\"": \""MaxAbsScaler\"", \""3\"": \""SeasonalDifference\"", \""4\"": \""AlignLastValue\""}, \""transformation_params\"": {\""0\"": {\""decomp_type\"": \""seasonal_decompose\"", \""part\"": \""trend\""}, \""1\"": {}, \""2\"": {}, \""3\"": {\""lag_1\"": 7, \""method\"": \""LastValue\""}, \""4\"": {\""rows\"": 1, \""lag\"": 2, \""method\"": \""additive\"", \""strength\"": 0.7, \""first_value_only\"": false, \""threshold\"": null, \""threshold_method\"": \""mean\"", \""mean_type\"": \""arithmetic\""}}}""}, ""290072eada53189c757f67ac7b1cfea9"": {""Model"": ""ARIMA"", ""ModelParameters"": ""{\""p\"": 0, \""d\"": 0, \""q\"": 2, \""regression_type\"": \""Holiday\""}"", ""TransformationParameters"": ""{\""fillna\"": \""mean\"", \""transformations\"": {\""0\"": \""AnomalyRemoval\"", \""1\"": \""ChangepointDetrend\"", \""2\"": \""ClipOutliers\""}, \""transformation_params\"": {\""0\"": {\""method\"": \""zscore\"", \""method_params\"": {\""distribution\"": \""chi2\"", \""alpha\"": 0.05}, \""fillna\"": \""ffill\"", \""transform_dict\"": null, \""isolated_only\"": false, \""on_inverse\"": false}, \""1\"": {\""model\"": \""ElasticNet\"", \""changepoint_spacing\"": 90, \""changepoint_distance_end\"": 180, \""datepart_method\"": null}, \""2\"": {\""method\"": \""clip\"", \""std_threshold\"": 2, \""fillna\"": null}}}""}, ""5bb9f16e5f9c93ddad63947a240ff284"": {""Model"": ""FBProphet"", ""ModelParameters"": ""{\""holiday\"": false, \""regression_type\"": null, \""growth\"": \""linear\"", \""seasonality_mode\"": \""additive\"", \""changepoint_prior_scale\"": 0.05, \""n_changepoints\"": 25, \""changepoint_range\"": 360, \""changepoint_spacing\"": null, \""changepoint_distance_end\"": null, \""seasonality_prior_scale\"": 10.0, \""yearly_seasonality_prior_scale\"": null, \""yearly_seasonality_order\"": null, \""weekly_seasonality_prior_scale\"": null, \""holidays_prior_scale\"": 10.0, \""trend_phi\"": null}"", ""TransformationParameters"": ""{\""fillna\"": \""rolling_mean\"", \""transformations\"": {\""0\"": \""StandardScaler\"", \""1\"": \""bkfilter\"", \""2\"": \""HPFilter\""}, \""transformation_params\"": {\""0\"": {}, \""1\"": {}, \""2\"": {\""part\"": \""trend\"", \""lamb\"": 6.25}}}""}}, ""model_weights"": {}, ""point_method"": ""mean""}","{""fillna"": ""ffill"", ""transformations"": {""0"": ""AlignLastValue"", ""1"": ""SeasonalDifference"", ""2"": ""AlignLastValue""}, ""transformation_params"": {""0"": {""rows"": 1, ""lag"": 1, ""method"": ""additive"", ""strength"": 0.7, ""first_value_only"": false, ""threshold"": 1, ""threshold_method"": ""max""}, ""1"": {""lag_1"": 7, ""method"": 20}, ""2"": {""rows"": 1, ""lag"": 28, ""method"": ""multiplicative"", ""strength"": 1.0, ""first_value_only"": false, ""threshold"": null, ""threshold_method"": ""mean""}}}",1,1,20.06342758441829,1.4113433641776572,1.607308590828162,0.5449568320633003,1.4113433641776572,0.0,-2.6410357716894364,0.8297286670979478,166.72016792962944,1.4078066584840747,1.2324149172381629,0.0,0.55,3.5379149283892275,0.7,1.7227372312385927,1.1881195549474168,6.520374655490966,2.8630978990045914,0.4375814378862663,164.07913215794,57.539532796136314,15.624210128074676,0.20941366373445922,20.06342758441829,1.4113433641776572,1.607308590828162,0.5449568320633003,1.4113433641776572,0.0,0.8297286670979478,1.4078066584840747,1.2324149172381629,3.5379149283892275,0.7,1.7227372312385927,1.1881195549474168,6.520374655490966,2.8630978990045914,0.4375814378862663,164.07913215794,57.539532796136314,15.624210128074676,0.20941366373445922,0.0,0.55,2.0274,42.56053746246569,20.04720483966605,Wh,20.04720483966605,Wh
100,836a3464396d061a4b0432482995fa60,Ensemble,"{""model_name"": ""BestN"", ""model_count"": 5, ""model_metric"": ""best_score_unique"", ""models"": {""5bb9f16e5f9c93ddad63947a240ff284"": {""Model"": ""FBProphet"", ""ModelParameters"": ""{\""holiday\"": false, \""regression_type\"": null, \""growth\"": \""linear\"", \""seasonality_mode\"": \""additive\"", \""changepoint_prior_scale\"": 0.05, \""n_changepoints\"": 25, \""changepoint_range\"": 360, \""changepoint_spacing\"": null, \""changepoint_distance_end\"": null, \""seasonality_prior_scale\"": 10.0, \""yearly_seasonality_prior_scale\"": null, \""yearly_seasonality_order\"": null, \""weekly_seasonality_prior_scale\"": null, \""holidays_prior_scale\"": 10.0, \""trend_phi\"": null}"", ""TransformationParameters"": ""{\""fillna\"": \""rolling_mean\"", \""transformations\"": {\""0\"": \""StandardScaler\"", \""1\"": \""bkfilter\"", \""2\"": \""HPFilter\""}, \""transformation_params\"": {\""0\"": {}, \""1\"": {}, \""2\"": {\""part\"": \""trend\"", \""lamb\"": 6.25}}}""}, ""290072eada53189c757f67ac7b1cfea9"": {""Model"": ""ARIMA"", ""ModelParameters"": ""{\""p\"": 0, \""d\"": 0, \""q\"": 2, \""regression_type\"": \""Holiday\""}"", ""TransformationParameters"": ""{\""fillna\"": \""mean\"", \""transformations\"": {\""0\"": \""AnomalyRemoval\"", \""1\"": \""ChangepointDetrend\"", \""2\"": \""ClipOutliers\""}, \""transformation_params\"": {\""0\"": {\""method\"": \""zscore\"", \""method_params\"": {\""distribution\"": \""chi2\"", \""alpha\"": 0.05}, \""fillna\"": \""ffill\"", \""transform_dict\"": null, \""isolated_only\"": false, \""on_inverse\"": false}, \""1\"": {\""model\"": \""ElasticNet\"", \""changepoint_spacing\"": 90, \""changepoint_distance_end\"": 180, \""datepart_method\"": null}, \""2\"": {\""method\"": \""clip\"", \""std_threshold\"": 2, \""fillna\"": null}}}""}, ""7f1b9001e4365205912d8167e1108b4a"": {""Model"": ""DatepartRegression"", ""ModelParameters"": ""{\""regression_model\"": {\""model\"": \""ElasticNet\"", \""model_params\"": {\""l1_ratio\"": 0.5, \""fit_intercept\"": true, \""selection\"": \""cyclic\"", \""max_iter\"": 1000}}, \""datepart_method\"": \""simple_2\"", \""polynomial_degree\"": null, \""holiday_countries_used\"": false, \""lags\"": null, \""forward_lags\"": null, \""regression_type\"": null}"", ""TransformationParameters"": ""{\""fillna\"": \""ffill_mean_biased\"", \""transformations\"": {\""0\"": \""AlignLastValue\"", \""1\"": \""bkfilter\"", \""2\"": \""CointegrationTransformer\""}, \""transformation_params\"": {\""0\"": {\""rows\"": 7, \""lag\"": 2, \""method\"": \""additive\"", \""strength\"": 1.0, \""first_value_only\"": true, \""threshold\"": null, \""threshold_method\"": \""max\"", \""mean_type\"": \""arithmetic\""}, \""1\"": {}, \""2\"": {\""n_components\"": 5, \""max_components\"": 20, \""shrinkage\"": 0.01, \""method\"": \""cca\"", \""min_periods\"": 30}}}""}, ""391cc75f9a7d750778405fc3cfcecb92"": {""Model"": ""RollingRegression"", ""ModelParameters"": ""{\""regression_model\"": {\""model\"": \""DecisionTree\"", \""model_params\"": {\""max_depth\"": null, \""min_samples_split\"": 0.05}}, \""holiday\"": false, \""mean_rolling_periods\"": null, \""macd_periods\"": null, \""std_rolling_periods\"": null, \""max_rolling_periods\"": 420, \""min_rolling_periods\"": 168, \""ewm_var_alpha\"": null, \""quantile90_rolling_periods\"": null, \""quantile10_rolling_periods\"": null, \""ewm_alpha\"": null, \""additional_lag_periods\"": 6, \""abs_energy\"": false, \""rolling_autocorr_periods\"": null, \""nonzero_last_n\"": null, \""add_date_part\"": \""expanded\"", \""polynomial_degree\"": null, \""x_transform\"": null, \""regression_type\"": null}"", ""TransformationParameters"": ""{\""fillna\"": \""mean\"", \""transformations\"": {\""0\"": \""STLFilter\"", \""1\"": \""RobustScaler\"", \""2\"": \""MaxAbsScaler\"", \""3\"": \""SeasonalDifference\"", \""4\"": \""AlignLastValue\""}, \""transformation_params\"": {\""0\"": {\""decomp_type\"": \""seasonal_decompose\"", \""part\"": \""trend\""}, \""1\"": {}, \""2\"": {}, \""3\"": {\""lag_1\"": 7, \""method\"": \""LastValue\""}, \""4\"": {\""rows\"": 1, \""lag\"": 2, \""method\"": \""additive\"", \""strength\"": 0.7, \""first_value_only\"": false, \""threshold\"": null, \""threshold_method\"": \""mean\"", \""mean_type\"": \""arithmetic\""}}}""}}, ""point_method"": ""midhinge"", ""model_weights"": {}}","{""fillna"": ""ffill"", ""transformations"": {""0"": ""AlignLastValue"", ""1"": ""SeasonalDifference"", ""2"": ""AlignLastValue""}, ""transformation_params"": {""0"": {""rows"": 1, ""lag"": 1, ""method"": ""additive"", ""strength"": 0.7, ""first_value_only"": false, ""threshold"": 1, ""threshold_method"": ""max""}, ""1"": {""lag_1"": 7, ""method"": 20}, ""2"": {""rows"": 1, ""lag"": 28, ""method"": ""multiplicative"", ""strength"": 1.0, ""first_value_only"": false, ""threshold"": null, ""threshold_method"": ""mean""}}}",1,1,20.02118122574598,1.407945753956436,1.6041361182768397,0.5449656893465706,1.407945753956436,0.0,-2.6865322397720144,0.8283598669790737,166.2669582350003,1.4043254623525028,1.2331385069828529,0.0,0.55,3.5365096278049712,0.7,1.7213030413847439,1.1846821216637617,6.508449175323208,2.8526763355039573,0.4377207164891876,163.5804259952283,57.28342752340171,15.624304830430926,0.20877716667790552,20.02118122574598,1.407945753956436,1.6041361182768397,0.5449656893465706,1.407945753956436,0.0,0.8283598669790737,1.4043254623525028,1.2331385069828529,3.5365096278049712,0.7,1.7213030413847439,1.1846821216637617,6.508449175323208,2.8526763355039573,0.4377207164891876,163.5804259952283,57.28342752340171,15.624304830430926,0.20877716667790552,0.0,0.55,2.861,42.5169936324453,19.998944019656566,Wh,19.998944019656566,Wh
101,6824387a998998a4c8f8b8d5a9d8d5d3,ARIMA,"{""p"": 4, ""d"": 2, ""q"": 12, ""regression_type"": null}","{""fillna"": ""ffill"", ""transformations"": {""0"": ""StandardScaler"", ""1"": ""HPFilter"", ""2"": ""ScipyFilter"", ""3"": ""ScipyFilter"", ""4"": ""AlignLastValue""}, ""transformation_params"": {""0"": {}, ""1"": {""part"": ""trend"", ""lamb"": 129600}, ""2"": {""method"": ""savgol_filter"", ""method_args"": {""window_length"": 7, ""polyorder"": 1, ""deriv"": 1, ""mode"": ""mirror""}}, ""3"": {""method"": ""savgol_filter"", ""method_args"": {""window_length"": 7, ""polyorder"": 1, ""deriv"": 0, ""mode"": ""interp""}}, ""4"": {""rows"": 2, ""lag"": 1, ""method"": ""additive"", ""strength"": 0.9, ""first_value_only"": false, ""threshold"": 10, ""threshold_method"": ""max"", ""mean_type"": ""arithmetic""}}}",0,1,20.2579930901342,1.4223078382291081,1.6223774849857335,0.4750319812740852,1.4223078382291081,0.0,-1.5233595791723618,0.8275138028188868,169.1535810083206,1.4206646570215653,1.1534883644649505,0.008333333333333333,0.5,3.4599223890257633,0.875,1.60506642349839,1.2088028202337915,6.7866823718488005,3.0771059389642095,0.002325867897016569,167.6302214291482,56.82692405594979,30.422725825153687,0.21394590744364717,20.2579930901342,1.4223078382291081,1.6223774849857335,0.4750319812740852,1.4223078382291081,0.0,0.8275138028188868,1.4206646570215653,1.1534883644649505,3.4599223890257633,0.875,1.60506642349839,1.2088028202337915,6.7866823718488005,3.0771059389642095,0.002325867897016569,167.6302214291482,56.82692405594979,30.422725825153687,0.21394590744364717,0.008333333333333333,0.5,0.4794,41.64923146211387,20.202947986831884,Wh,20.202947986831884,Wh
102,a730f5006be105465d43cf3d4230a83d,FBProphet,"{""holiday"": false, ""regression_type"": null, ""growth"": ""linear"", ""seasonality_mode"": ""multiplicative"", ""changepoint_prior_scale"": 0.05, ""n_changepoints"": 25, ""changepoint_range"": 0.8, ""changepoint_spacing"": 60, ""changepoint_distance_end"": null, ""seasonality_prior_scale"": 1.0, ""yearly_seasonality_prior_scale"": null, ""yearly_seasonality_order"": null, ""weekly_seasonality_prior_scale"": 0.0001, ""holidays_prior_scale"": 0.1, ""trend_phi"": null}","{""fillna"": ""mean"", ""transformations"": {""0"": ""CenterSplit"", ""1"": ""FFTDecomposition"", ""2"": ""HPFilter""}, ""transformation_params"": {""0"": {""fillna"": ""mean"", ""center"": ""median""}, ""1"": {""n_harmonics"": 10, ""detrend"": ""linear""}, ""2"": {""part"": ""trend"", ""lamb"": 6.25}}}",0,1,21.130137536080547,1.5182258106645243,1.8073858311478448,0.5457267290380946,1.5182258106645243,0.0,-4.320736532065174,0.8527162416993507,177.86636074767776,1.5065918614462215,0.9229475825608916,0.24166666666666667,0.45,4.284552343866537,0.5333333333333333,2.008191514578678,1.2414724647022626,6.912518636832375,7.226514062408385,0.13474844970038674,173.54562421561258,61.3851880277726,18.026842725411075,0.22149571681724936,21.130137536080547,1.5182258106645243,1.8073858311478448,0.5457267290380946,1.5182258106645243,0.0,0.8527162416993507,1.5065918614462215,0.9229475825608916,4.284552343866537,0.5333333333333333,2.008191514578678,1.2414724647022626,6.912518636832375,7.226514062408385,0.13474844970038674,173.54562421561258,61.3851880277726,18.026842725411075,0.22149571681724936,0.24166666666666667,0.45,1.8545,39.959900143932195,21.565399740263715,Wh,21.565399740263715,Wh
103,a5e2a0a13cf3bea59791b08c52cd5a4f,RollingRegression,"{""regression_model"": {""model"": ""HistGradientBoost"", ""model_params"": {""loss"": ""squared_error"", ""learning_rate"": 0.01, ""max_depth"": null, ""min_samples_leaf"": 30, ""max_iter"": 100, ""l2_regularization"": 0}}, ""holiday"": true, ""mean_rolling_periods"": 30, ""macd_periods"": 28, ""std_rolling_periods"": 30, ""max_rolling_periods"": 60, ""min_rolling_periods"": null, ""ewm_var_alpha"": null, ""quantile90_rolling_periods"": null, ""quantile10_rolling_periods"": null, ""ewm_alpha"": 0.1, ""additional_lag_periods"": 9, ""abs_energy"": false, ""rolling_autocorr_periods"": 2, ""nonzero_last_n"": null, ""add_date_part"": null, ""polynomial_degree"": null, ""x_transform"": null, ""regression_type"": null}","{""fillna"": ""mean"", ""transformations"": {""0"": ""StandardScaler"", ""1"": ""SeasonalDifference"", ""2"": ""Discretize"", ""3"": ""RobustScaler"", ""4"": ""AlignLastValue""}, ""transformation_params"": {""0"": {}, ""1"": {""lag_1"": 12, ""method"": ""LastValue""}, ""2"": {""discretization"": ""upper"", ""n_bins"": 20}, ""3"": {}, ""4"": {""rows"": 1, ""lag"": 28, ""method"": ""additive"", ""strength"": 1.0, ""first_value_only"": false, ""threshold"": 10, ""threshold_method"": ""mean"", ""mean_type"": ""geometric""}}}",0,1,24.572992871414364,1.8006676689783738,2.033383142421733,0.9016352689275173,1.8006676689783738,0.0,-12.163780307769773,1.0051105832066107,203.9163399696351,1.7650212158090948,0.6170063374174801,0.5916666666666667,0.575,4.475433063507081,0.4166666666666667,2.20268864666448,1.5322812968609378,7.845065694265892,8.262853643023002,0.8852857164473054,191.7525596618653,70.81600952458065,22.3374677743279,0.24473316942338852,24.572992871414364,1.8006676689783738,2.033383142421733,0.9016352689275173,1.8006676689783738,0.0,1.0051105832066107,1.7650212158090948,0.6170063374174801,4.475433063507081,0.4166666666666667,2.20268864666448,1.5322812968609378,7.845065694265892,8.262853643023002,0.8852857164473054,191.7525596618653,70.81600952458065,22.3374677743279,0.24473316942338852,0.5916666666666667,0.575,16.1409,39.89514963531666,25.577300694084997,Wh,25.577300694084997,Wh
104,c604052a7a02d4f530204fb068a0a708,FBProphet,"{""holiday"": true, ""regression_type"": null, ""growth"": ""linear"", ""seasonality_mode"": ""additive"", ""changepoint_prior_scale"": 0.05, ""n_changepoints"": 25, ""changepoint_range"": 0.85, ""changepoint_spacing"": null, ""changepoint_distance_end"": null, ""seasonality_prior_scale"": 10.0, ""yearly_seasonality_prior_scale"": null, ""yearly_seasonality_order"": null, ""weekly_seasonality_prior_scale"": null, ""holidays_prior_scale"": 10.0, ""trend_phi"": 0.8}","{""fillna"": ""rolling_mean"", ""transformations"": {""0"": ""StandardScaler"", ""1"": ""ReconciliationTransformer"", ""2"": ""AlignLastValue""}, ""transformation_params"": {""0"": {}, ""1"": {""group_size"": 5, ""hierarchy_map"": null, ""reconciliation_params"": {""method"": ""none"", ""cov_source"": ""historical"", ""weighting"": ""identity"", ""shrinkage"": 0.7, ""ledoit_wolf"": false, ""ridge"": 1e-05, ""volatility_params"": {""method"": ""variance"", ""power"": 0.8980386737268682, ""mix"": 0.3610006083227074}, ""iterative_params"": {""max_iterations"": 5, ""convergence_threshold"": 0.0001, ""damping_factor"": 0.649025056021839}}}, ""2"": {""rows"": 1, ""lag"": 1, ""method"": ""additive"", ""strength"": 1.0, ""first_value_only"": false, ""threshold"": 10, ""threshold_method"": ""max"", ""mean_type"": ""arithmetic""}}}",0,1,20.248270148812367,1.4255365403272777,1.6251281965313273,0.5430325021532685,1.4255365403272777,0.0,-2.142814558817016,0.8313168831920985,168.9215702804563,1.4221871196574272,1.0274291986865733,0.0,0.4583333333333333,3.6072520161383057,0.6916666666666667,1.7288780996651045,1.2096794259543817,6.592127250336356,2.9721128064559967,0.3729050274150515,166.7787557216393,58.80994788489941,16.244626004386113,0.21285918452520766,20.248270148812367,1.4255365403272777,1.6251281965313273,0.5430325021532685,1.4255365403272777,0.0,0.8313168831920985,1.4221871196574272,1.0274291986865733,3.6072520161383057,0.6916666666666667,1.7288780996651045,1.2096794259543817,6.592127250336356,2.9721128064559967,0.3729050274150515,166.7787557216393,58.80994788489941,16.244626004386113,0.21285918452520766,0.0,0.4583333333333333,2.0486,39.87873934463145,20.248809577973443,Wh,20.248809577973443,Wh
105,4516ee5e3c2a99230593e91cb9349a18,FBProphet,"{""holiday"": false, ""regression_type"": null, ""growth"": ""linear"", ""seasonality_mode"": ""multiplicative"", ""changepoint_prior_scale"": 0.01, ""n_changepoints"": 25, ""changepoint_range"": 0.95, ""changepoint_spacing"": null, ""changepoint_distance_end"": null, ""seasonality_prior_scale"": 10.0, ""yearly_seasonality_prior_scale"": null, ""yearly_seasonality_order"": null, ""weekly_seasonality_prior_scale"": null, ""holidays_prior_scale"": 10.0, ""trend_phi"": 0.8}","{""fillna"": ""ffill"", ""transformations"": {""0"": ""ClipOutliers"", ""1"": ""Detrend"", ""2"": ""MinMaxScaler"", ""3"": ""AlignLastValue""}, ""transformation_params"": {""0"": {""method"": ""clip"", ""std_threshold"": 4, ""fillna"": null}, ""1"": {""model"": ""GLS"", ""phi"": 1, ""window"": null, ""transform_dict"": null}, ""2"": {}, ""3"": {""rows"": 1, ""lag"": 1, ""method"": ""additive"", ""strength"": 1.0, ""first_value_only"": false, ""threshold"": null, ""threshold_method"": ""max"", ""mean_type"": ""arithmetic""}}}",0,1,20.702791518255115,1.4609883995987913,1.6572191258514413,0.5213306670921211,1.4609883995987913,0.0,-1.5861815088857343,0.8458537519123492,173.73242644296923,1.4588474102730653,0.9633097076691268,0.0,0.45,3.6252581983259997,0.65,1.767582108425737,1.2442942977370237,6.777696881772594,3.092765639608403,0.29214492786675306,172.14624493408348,60.827003250942724,19.264521128270143,0.21970969358294182,20.702791518255115,1.4609883995987913,1.6572191258514413,0.5213306670921211,1.4609883995987913,0.0,0.8458537519123492,1.4588474102730653,0.9633097076691268,3.6252581983259997,0.65,1.767582108425737,1.2442942977370237,6.777696881772594,3.092765639608403,0.29214492786675306,172.14624493408348,60.827003250942724,19.264521128270143,0.21970969358294182,0.0,0.45,0.7475,39.52365372481086,20.752379937109367,Wh,20.752379937109367,Wh
106,a5244d499ee10aa05f4f1a21472f9b3b,FBProphet,"{""holiday"": false, ""regression_type"": null, ""growth"": ""linear"", ""seasonality_mode"": ""multiplicative"", ""changepoint_prior_scale"": 0.001, ""n_changepoints"": 50, ""changepoint_range"": 0.8, ""changepoint_spacing"": null, ""changepoint_distance_end"": null, ""seasonality_prior_scale"": 0.1, ""yearly_seasonality_prior_scale"": null, ""yearly_seasonality_order"": null, ""weekly_seasonality_prior_scale"": null, ""holidays_prior_scale"": 10.0, ""trend_phi"": 0.999}","{""fillna"": ""linear"", ""transformations"": {""0"": ""DatepartRegression"", ""1"": ""AlignLastValue"", ""2"": ""RobustScaler"", ""3"": ""UpscaleDownscaleTransformer"", ""4"": ""AlignLastValue""}, ""transformation_params"": {""0"": {""regression_model"": {""model"": ""ElasticNet"", ""model_params"": {""l1_ratio"": 0.5, ""fit_intercept"": true, ""selection"": ""cyclic"", ""max_iter"": 1000}}, ""datepart_method"": ""expanded"", ""polynomial_degree"": null, ""transform_dict"": {""fillna"": null, ""transformations"": {""0"": ""ScipyFilter""}, ""transformation_params"": {""0"": {""method"": ""savgol_filter"", ""method_args"": {""window_length"": 31, ""polyorder"": 3, ""deriv"": 0, ""mode"": ""interp""}}}}, ""holiday_countries_used"": false, ""lags"": null, ""forward_lags"": null}, ""1"": {""rows"": 1, ""lag"": 1, ""method"": ""additive"", ""strength"": 1.0, ""first_value_only"": false, ""threshold"": 10, ""threshold_method"": ""max"", ""mean_type"": ""arithmetic""}, ""2"": {}, ""3"": {""mode"": ""upscale"", ""factor"": 1, ""down_method"": ""decimate"", ""fill_method"": ""seasonal_linear""}, ""4"": {""rows"": 1, ""lag"": 1, ""method"": ""additive"", ""strength"": 1.0, ""first_value_only"": false, ""threshold"": 10, ""threshold_method"": ""max"", ""mean_type"": ""geometric""}}}",0,1,18.530617979045065,1.284317662107686,1.4507449070222205,0.4738685393832245,1.284317662107686,0.0,-0.8098547087157106,0.7796857126936492,153.3082647442066,1.2833061469676579,1.1051781049759486,0.0,0.5,3.2435549802533723,0.9833333333333333,1.454531706662997,1.0910360110961317,5.722691119305983,2.1752635272003,0.010495267328511011,152.4984100354909,57.089299399805725,30.382697754233803,0.19463322568327338,18.530617979045065,1.284317662107686,1.4507449070222205,0.4738685393832245,1.284317662107686,0.0,0.7796857126936492,1.2833061469676579,1.1051781049759486,3.2435549802533723,0.9833333333333333,1.454531706662997,1.0910360110961317,5.722691119305983,2.1752635272003,0.010495267328511011,152.4984100354909,57.089299399805725,30.382697754233803,0.19463322568327338,0.0,0.5,5.4136,38.66394784120292,18.242888233279576,Wh,18.242888233279576,Wh
107,ab5c6d50524ccb425377c8e55814bfd8,Ensemble,"{""model_name"": ""BestN"", ""model_count"": 5, ""model_metric"": ""bestn_horizontal"", ""models"": {""5bb9f16e5f9c93ddad63947a240ff284"": {""Model"": ""FBProphet"", ""ModelParameters"": ""{\""holiday\"": false, \""regression_type\"": null, \""growth\"": \""linear\"", \""seasonality_mode\"": \""additive\"", \""changepoint_prior_scale\"": 0.05, \""n_changepoints\"": 25, \""changepoint_range\"": 360, \""changepoint_spacing\"": null, \""changepoint_distance_end\"": null, \""seasonality_prior_scale\"": 10.0, \""yearly_seasonality_prior_scale\"": null, \""yearly_seasonality_order\"": null, \""weekly_seasonality_prior_scale\"": null, \""holidays_prior_scale\"": 10.0, \""trend_phi\"": null}"", ""TransformationParameters"": ""{\""fillna\"": \""rolling_mean\"", \""transformations\"": {\""0\"": \""StandardScaler\"", \""1\"": \""bkfilter\"", \""2\"": \""HPFilter\""}, \""transformation_params\"": {\""0\"": {}, \""1\"": {}, \""2\"": {\""part\"": \""trend\"", \""lamb\"": 6.25}}}""}, ""5c9aafe0ed22a0009a0c5786b4223a8f"": {""Model"": ""FBProphet"", ""ModelParameters"": ""{\""holiday\"": false, \""regression_type\"": null, \""growth\"": \""linear\"", \""seasonality_mode\"": \""additive\"", \""changepoint_prior_scale\"": 0.05, \""n_changepoints\"": 25, \""changepoint_range\"": 0.8, \""changepoint_spacing\"": null, \""changepoint_distance_end\"": null, \""seasonality_prior_scale\"": 10.0, \""yearly_seasonality_prior_scale\"": null, \""yearly_seasonality_order\"": null, \""weekly_seasonality_prior_scale\"": 0.0001, \""holidays_prior_scale\"": 10.0, \""trend_phi\"": null}"", ""TransformationParameters"": ""{\""fillna\"": \""mean\"", \""transformations\"": {\""0\"": \""StandardScaler\"", \""1\"": \""bkfilter\"", \""2\"": \""HPFilter\""}, \""transformation_params\"": {\""0\"": {}, \""1\"": {}, \""2\"": {\""part\"": \""trend\"", \""lamb\"": 6.25}}}""}, ""2f39eb773641165ab62d1d03bee46b54"": {""Model"": ""FBProphet"", ""ModelParameters"": ""{\""holiday\"": false, \""regression_type\"": null, \""growth\"": \""linear\"", \""seasonality_mode\"": \""additive\"", \""changepoint_prior_scale\"": 0.05, \""n_changepoints\"": 25, \""changepoint_range\"": 360, \""changepoint_spacing\"": null, \""changepoint_distance_end\"": null, \""seasonality_prior_scale\"": 10.0, \""yearly_seasonality_prior_scale\"": null, \""yearly_seasonality_order\"": null, \""weekly_seasonality_prior_scale\"": null, \""holidays_prior_scale\"": 20, \""trend_phi\"": null}"", ""TransformationParameters"": ""{\""fillna\"": \""rolling_mean\"", \""transformations\"": {\""0\"": \""StandardScaler\"", \""1\"": \""bkfilter\"", \""2\"": \""HPFilter\""}, \""transformation_params\"": {\""0\"": {}, \""1\"": {}, \""2\"": {\""part\"": \""trend\"", \""lamb\"": 6.25}}}""}, ""03692eafcc5a0b55c93fa7a44934e875"": {""Model"": ""FBProphet"", ""ModelParameters"": ""{\""holiday\"": false, \""regression_type\"": null, \""growth\"": \""linear\"", \""seasonality_mode\"": \""multiplicative\"", \""changepoint_prior_scale\"": 0.05, \""n_changepoints\"": 25, \""changepoint_range\"": 0.8, \""changepoint_spacing\"": null, \""changepoint_distance_end\"": null, \""seasonality_prior_scale\"": 10.0, \""yearly_seasonality_prior_scale\"": null, \""yearly_seasonality_order\"": null, \""weekly_seasonality_prior_scale\"": 0.0001, \""holidays_prior_scale\"": 0.1, \""trend_phi\"": null}"", ""TransformationParameters"": ""{\""fillna\"": \""rolling_mean\"", \""transformations\"": {\""0\"": \""StandardScaler\"", \""1\"": \""bkfilter\"", \""2\"": \""HPFilter\""}, \""transformation_params\"": {\""0\"": {}, \""1\"": {}, \""2\"": {\""part\"": \""trend\"", \""lamb\"": 6.25}}}""}, ""0c0137540bc924eddab1cf1337a173c4"": {""Model"": ""FBProphet"", ""ModelParameters"": ""{\""holiday\"": false, \""regression_type\"": null, \""growth\"": \""linear\"", \""seasonality_mode\"": \""additive\"", \""changepoint_prior_scale\"": 0.05, \""n_changepoints\"": 25, \""changepoint_range\"": 0.85, \""changepoint_spacing\"": null, \""changepoint_distance_end\"": null, \""seasonality_prior_scale\"": 10.0, \""yearly_seasonality_prior_scale\"": null, \""yearly_seasonality_order\"": null, \""weekly_seasonality_prior_scale\"": 0.0001, \""holidays_prior_scale\"": 0.1, \""trend_phi\"": null}"", ""TransformationParameters"": ""{\""fillna\"": \""rolling_mean\"", \""transformations\"": {\""0\"": \""StandardScaler\"", \""1\"": \""bkfilter\"", \""2\"": \""HPFilter\""}, \""transformation_params\"": {\""0\"": {}, \""1\"": {}, \""2\"": {\""part\"": \""trend\"", \""lamb\"": 6.25}}}""}}, ""point_method"": ""median"", ""model_weights"": {}}","{""fillna"": ""cubic"", ""transformations"": {""0"": ""ScipyFilter"", ""1"": ""DatepartRegression""}, ""transformation_params"": {""0"": {""method"": ""butter"", ""method_args"": {""N"": 1, ""btype"": ""highpass"", ""analog"": false, ""output"": ""sos"", ""Wn"": 0.024390243902439025}}, ""1"": {""regression_model"": {""model"": ""ElasticNet"", ""model_params"": {""l1_ratio"": 0.5, ""fit_intercept"": true, ""selection"": ""cyclic"", ""max_iter"": 1000}}, ""datepart_method"": [""weekdayofmonth"", ""common_fourier""], ""polynomial_degree"": null, ""transform_dict"": null, ""holiday_countries_used"": false, ""lags"": null, ""forward_lags"": null}}}",1,1,20.85802995579687,1.4831110642277339,1.6407657565956726,0.476008604726229,1.4831110642277339,0.0,-0.10010644181359574,0.8656501316454437,177.87322126551447,1.48307190171602,0.8322306761100094,0.16666666666666666,0.48333333333333334,3.7052509728100667,0.425,1.8753959714216264,1.294895576417334,5.807619658183861,2.4334291368057177,0.019464805672252485,177.77311482370084,74.36607113360428,29.625025703834872,0.22689124935694252,20.85802995579687,1.4831110642277339,1.6407657565956726,0.476008604726229,1.4831110642277339,0.0,0.8656501316454437,1.48307190171602,0.8322306761100094,3.7052509728100667,0.425,1.8753959714216264,1.294895576417334,5.807619658183861,2.4334291368057177,0.019464805672252485,177.77311482370084,74.36607113360428,29.625025703834872,0.22689124935694252,0.16666666666666666,0.48333333333333334,3.2715,37.84159308078388,21.06661784736734,Wh,21.06661784736734,Wh
108,62a7bec86810dd8f540f8f422c516f70,FBProphet,"{""holiday"": false, ""regression_type"": null, ""growth"": ""linear"", ""seasonality_mode"": ""multiplicative"", ""changepoint_prior_scale"": 0.001, ""n_changepoints"": 25, ""changepoint_range"": 0.8, ""changepoint_spacing"": null, ""changepoint_distance_end"": null, ""seasonality_prior_scale"": 10.0, ""yearly_seasonality_prior_scale"": null, ""yearly_seasonality_order"": 2, ""weekly_seasonality_prior_scale"": null, ""holidays_prior_scale"": 10.0, ""trend_phi"": null}","{""fillna"": ""cubic"", ""transformations"": {""0"": ""bkfilter"", ""1"": ""RobustScaler"", ""2"": ""LevelShiftTransformer"", ""3"": ""BKBandpassFilter"", ""4"": ""SeasonalDifference"", ""5"": ""Detrend""}, ""transformation_params"": {""0"": {}, ""1"": {}, ""2"": {""window_size"": 30, ""alpha"": 2.5, ""grouping_forward_limit"": 2, ""max_level_shifts"": 5, ""alignment"": ""rolling_diff"", ""output"": ""multivariate"", ""remove_at_shift"": false, ""shift_remove_window"": 1, ""shift_fillna"": ""ffill"", ""window_method"": ""diff_overlap""}, ""3"": {""low"": 6, ""high"": 32, ""K"": 25, ""lanczos_factor"": false, ""return_diff"": false, ""on_transform"": true, ""on_inverse"": false}, ""4"": {""lag_1"": 7, ""method"": ""LastValue""}, ""5"": {""model"": ""Linear"", ""phi"": 0.999, ""window"": null, ""transform_dict"": null}}}",0,1,20.100346298832434,1.4093271009049648,1.5846997440615642,0.4764343482978537,1.4093271009049648,0.0,-0.7278946623262748,0.8296453128688338,168.39135744626952,1.4086038426451677,0.8953709512681768,0.15,0.5333333333333333,3.3921799612293873,0.8333333333333334,1.5787251700382843,1.2095300328536398,6.432927800402925,2.6389807331118136,0.0682409592437791,167.66346278394326,60.930373948578385,26.184289693858634,0.21398833327686298,20.100346298832434,1.4093271009049648,1.5846997440615642,0.4764343482978537,1.4093271009049648,0.0,0.8296453128688338,1.4086038426451677,0.8953709512681768,3.3921799612293873,0.8333333333333334,1.5787251700382843,1.2095300328536398,6.432927800402925,2.6389807331118136,0.0682409592437791,167.66346278394326,60.930373948578385,26.184289693858634,0.21398833327686298,0.15,0.5333333333333333,0.7528,37.693658655897735,20.018565145127997,Wh,20.018565145127997,Wh
109,04e108cd33ccdb72fef7ad87d6075248,ARIMA,"{""p"": 4, ""d"": 1, ""q"": 0, ""regression_type"": null}","{""fillna"": ""zero"", ""transformations"": {""0"": ""bkfilter"", ""1"": ""AlignLastValue""}, ""transformation_params"": {""0"": {}, ""1"": {""rows"": 1, ""lag"": 7, ""method"": ""additive"", ""strength"": 1.0, ""first_value_only"": false, ""threshold"": 10, ""threshold_method"": ""mean"", ""mean_type"": ""arithmetic""}}}",0,1,19.98309925227244,1.3991955028049408,1.581901928460716,0.48052759616736423,1.3991955028049408,0.0,-1.4174432602757978,0.8238341456056676,166.4860170763171,1.397133559503384,0.8798041458815569,1.0,0.4583333333333333,3.4135204720518546,0.9833333333333333,1.4881420852025657,1.1954276264897288,6.495210535419079,3.1252918377612096,0.01332327273724808,165.0685738160413,58.149754117455906,29.476733953733238,0.21067648491073798,19.98309925227244,1.3991955028049408,1.581901928460716,0.48052759616736423,1.3991955028049408,0.0,0.8238341456056676,1.397133559503384,0.8798041458815569,3.4135204720518546,0.9833333333333333,1.4881420852025657,1.1954276264897288,6.495210535419079,3.1252918377612096,0.01332327273724808,165.0685738160413,58.149754117455906,29.476733953733238,0.21067648491073798,1.0,0.4583333333333333,0.0468,37.33213587379647,19.87465245341906,Wh,19.87465245341906,Wh
110,07a6958c401eb449432582e1ea186203,Ensemble,"{""model_name"": ""BestN"", ""model_count"": 3, ""model_metric"": ""best_score"", ""models"": {""5bb9f16e5f9c93ddad63947a240ff284"": {""Model"": ""FBProphet"", ""ModelParameters"": ""{\""holiday\"": false, \""regression_type\"": null, \""growth\"": \""linear\"", \""seasonality_mode\"": \""additive\"", \""changepoint_prior_scale\"": 0.05, \""n_changepoints\"": 25, \""changepoint_range\"": 360, \""changepoint_spacing\"": null, \""changepoint_distance_end\"": null, \""seasonality_prior_scale\"": 10.0, \""yearly_seasonality_prior_scale\"": null, \""yearly_seasonality_order\"": null, \""weekly_seasonality_prior_scale\"": null, \""holidays_prior_scale\"": 10.0, \""trend_phi\"": null}"", ""TransformationParameters"": ""{\""fillna\"": \""rolling_mean\"", \""transformations\"": {\""0\"": \""StandardScaler\"", \""1\"": \""bkfilter\"", \""2\"": \""HPFilter\""}, \""transformation_params\"": {\""0\"": {}, \""1\"": {}, \""2\"": {\""part\"": \""trend\"", \""lamb\"": 6.25}}}""}, ""5c9aafe0ed22a0009a0c5786b4223a8f"": {""Model"": ""FBProphet"", ""ModelParameters"": ""{\""holiday\"": false, \""regression_type\"": null, \""growth\"": \""linear\"", \""seasonality_mode\"": \""additive\"", \""changepoint_prior_scale\"": 0.05, \""n_changepoints\"": 25, \""changepoint_range\"": 0.8, \""changepoint_spacing\"": null, \""changepoint_distance_end\"": null, \""seasonality_prior_scale\"": 10.0, \""yearly_seasonality_prior_scale\"": null, \""yearly_seasonality_order\"": null, \""weekly_seasonality_prior_scale\"": 0.0001, \""holidays_prior_scale\"": 10.0, \""trend_phi\"": null}"", ""TransformationParameters"": ""{\""fillna\"": \""mean\"", \""transformations\"": {\""0\"": \""StandardScaler\"", \""1\"": \""bkfilter\"", \""2\"": \""HPFilter\""}, \""transformation_params\"": {\""0\"": {}, \""1\"": {}, \""2\"": {\""part\"": \""trend\"", \""lamb\"": 6.25}}}""}, ""2f39eb773641165ab62d1d03bee46b54"": {""Model"": ""FBProphet"", ""ModelParameters"": ""{\""holiday\"": false, \""regression_type\"": null, \""growth\"": \""linear\"", \""seasonality_mode\"": \""additive\"", \""changepoint_prior_scale\"": 0.05, \""n_changepoints\"": 25, \""changepoint_range\"": 360, \""changepoint_spacing\"": null, \""changepoint_distance_end\"": null, \""seasonality_prior_scale\"": 10.0, \""yearly_seasonality_prior_scale\"": null, \""yearly_seasonality_order\"": null, \""weekly_seasonality_prior_scale\"": null, \""holidays_prior_scale\"": 20, \""trend_phi\"": null}"", ""TransformationParameters"": ""{\""fillna\"": \""rolling_mean\"", \""transformations\"": {\""0\"": \""StandardScaler\"", \""1\"": \""bkfilter\"", \""2\"": \""HPFilter\""}, \""transformation_params\"": {\""0\"": {}, \""1\"": {}, \""2\"": {\""part\"": \""trend\"", \""lamb\"": 6.25}}}""}}, ""model_weights"": {}, ""point_method"": ""mean""}","{""fillna"": ""cubic"", ""transformations"": {""0"": ""ScipyFilter"", ""1"": ""DatepartRegression""}, ""transformation_params"": {""0"": {""method"": ""butter"", ""method_args"": {""N"": 1, ""btype"": ""highpass"", ""analog"": false, ""output"": ""sos"", ""Wn"": 0.024390243902439025}}, ""1"": {""regression_model"": {""model"": ""ElasticNet"", ""model_params"": {""l1_ratio"": 0.5, ""fit_intercept"": true, ""selection"": ""cyclic"", ""max_iter"": 1000}}, ""datepart_method"": [""weekdayofmonth"", ""common_fourier""], ""polynomial_degree"": null, ""transform_dict"": null, ""holiday_countries_used"": false, ""lags"": null, ""forward_lags"": null}}}",1,1,20.489418840394638,1.4537281011563814,1.6152075176698877,0.4774111909857971,1.4537281011563814,0.0,-0.08918229952145929,0.8522684931474045,174.3581898392443,1.4536968089169278,0.8204559451370947,0.18333333333333332,0.475,3.672341809226923,0.44166666666666665,1.8550829622367493,1.2648249755493859,5.6805872256215,2.3572155456837174,0.03810397164973282,174.26900753972285,73.01436538337579,28.29862186420062,0.22241896860554214,20.489418840394638,1.4537281011563814,1.6152075176698877,0.4774111909857971,1.4537281011563814,0.0,0.8522684931474045,1.4536968089169278,0.8204559451370947,3.672341809226923,0.44166666666666665,1.8550829622367493,1.2648249755493859,5.6805872256215,2.3572155456837174,0.03810397164973282,174.26900753972285,73.01436538337579,28.29862186420062,0.22241896860554214,0.18333333333333332,0.475,1.9757,37.21433616818075,20.64925216978755,Wh,20.64925216978755,Wh
111,e13ea23e61417754df6d989f90653e9a,RollingRegression,"{""regression_model"": {""model"": ""ElasticNet"", ""model_params"": {""l1_ratio"": 0.5, ""fit_intercept"": true, ""selection"": ""cyclic"", ""max_iter"": 1000}}, ""holiday"": false, ""mean_rolling_periods"": 30, ""macd_periods"": 7, ""std_rolling_periods"": 7, ""max_rolling_periods"": 420, ""min_rolling_periods"": 7, ""ewm_var_alpha"": null, ""quantile90_rolling_periods"": null, ""quantile10_rolling_periods"": null, ""ewm_alpha"": null, ""additional_lag_periods"": 27, ""abs_energy"": false, ""rolling_autocorr_periods"": null, ""nonzero_last_n"": null, ""add_date_part"": null, ""polynomial_degree"": null, ""x_transform"": null, ""regression_type"": null}","{""fillna"": ""ffill"", ""transformations"": {""0"": ""bkfilter"", ""1"": ""SeasonalDifference"", ""2"": ""Discretize"", ""3"": ""Round""}, ""transformation_params"": {""0"": {}, ""1"": {""lag_1"": 12, ""method"": ""LastValue""}, ""2"": {""discretization"": ""upper"", ""n_bins"": 20}, ""3"": {""decimals"": 1, ""on_transform"": false, ""on_inverse"": true}}}",0,1,22.51687666960799,1.6195778875277635,1.8639115095492578,0.8727578292431695,1.6195778875277635,0.0,-14.082069801976935,0.9401426556522977,180.26727670135466,1.5768592485934145,0.5565085446039332,0.65,0.575,4.39290084632359,0.5,2.052794128782661,1.355869642616371,7.120213036376799,6.789880098944907,0.8321835843495407,166.18520689937776,59.6688916464851,19.351530769641837,0.2121016400901517,22.51687666960799,1.6195778875277635,1.8639115095492578,0.8727578292431695,1.6195778875277635,0.0,0.9401426556522977,1.5768592485934145,0.5565085446039332,4.39290084632359,0.5,2.052794128782661,1.355869642616371,7.120213036376799,6.789880098944907,0.8321835843495407,166.18520689937776,59.6688916464851,19.351530769641837,0.2121016400901517,0.65,0.575,0.8052,36.295784670290494,23.00503937536188,Wh,23.00503937536188,Wh
112,fefa9a2394d01369cd6e257e0c8c11fb,Ensemble,"{""model_name"": ""BestN"", ""model_count"": 5, ""model_metric"": ""best_score_unique"", ""models"": {""5bb9f16e5f9c93ddad63947a240ff284"": {""Model"": ""FBProphet"", ""ModelParameters"": ""{\""holiday\"": false, \""regression_type\"": null, \""growth\"": \""linear\"", \""seasonality_mode\"": \""additive\"", \""changepoint_prior_scale\"": 0.05, \""n_changepoints\"": 25, \""changepoint_range\"": 360, \""changepoint_spacing\"": null, \""changepoint_distance_end\"": null, \""seasonality_prior_scale\"": 10.0, \""yearly_seasonality_prior_scale\"": null, \""yearly_seasonality_order\"": null, \""weekly_seasonality_prior_scale\"": null, \""holidays_prior_scale\"": 10.0, \""trend_phi\"": null}"", ""TransformationParameters"": ""{\""fillna\"": \""rolling_mean\"", \""transformations\"": {\""0\"": \""StandardScaler\"", \""1\"": \""bkfilter\"", \""2\"": \""HPFilter\""}, \""transformation_params\"": {\""0\"": {}, \""1\"": {}, \""2\"": {\""part\"": \""trend\"", \""lamb\"": 6.25}}}""}, ""290072eada53189c757f67ac7b1cfea9"": {""Model"": ""ARIMA"", ""ModelParameters"": ""{\""p\"": 0, \""d\"": 0, \""q\"": 2, \""regression_type\"": \""Holiday\""}"", ""TransformationParameters"": ""{\""fillna\"": \""mean\"", \""transformations\"": {\""0\"": \""AnomalyRemoval\"", \""1\"": \""ChangepointDetrend\"", \""2\"": \""ClipOutliers\""}, \""transformation_params\"": {\""0\"": {\""method\"": \""zscore\"", \""method_params\"": {\""distribution\"": \""chi2\"", \""alpha\"": 0.05}, \""fillna\"": \""ffill\"", \""transform_dict\"": null, \""isolated_only\"": false, \""on_inverse\"": false}, \""1\"": {\""model\"": \""ElasticNet\"", \""changepoint_spacing\"": 90, \""changepoint_distance_end\"": 180, \""datepart_method\"": null}, \""2\"": {\""method\"": \""clip\"", \""std_threshold\"": 2, \""fillna\"": null}}}""}, ""7f1b9001e4365205912d8167e1108b4a"": {""Model"": ""DatepartRegression"", ""ModelParameters"": ""{\""regression_model\"": {\""model\"": \""ElasticNet\"", \""model_params\"": {\""l1_ratio\"": 0.5, \""fit_intercept\"": true, \""selection\"": \""cyclic\"", \""max_iter\"": 1000}}, \""datepart_method\"": \""simple_2\"", \""polynomial_degree\"": null, \""holiday_countries_used\"": false, \""lags\"": null, \""forward_lags\"": null, \""regression_type\"": null}"", ""TransformationParameters"": ""{\""fillna\"": \""ffill_mean_biased\"", \""transformations\"": {\""0\"": \""AlignLastValue\"", \""1\"": \""bkfilter\"", \""2\"": \""CointegrationTransformer\""}, \""transformation_params\"": {\""0\"": {\""rows\"": 7, \""lag\"": 2, \""method\"": \""additive\"", \""strength\"": 1.0, \""first_value_only\"": true, \""threshold\"": null, \""threshold_method\"": \""max\"", \""mean_type\"": \""arithmetic\""}, \""1\"": {}, \""2\"": {\""n_components\"": 5, \""max_components\"": 20, \""shrinkage\"": 0.01, \""method\"": \""cca\"", \""min_periods\"": 30}}}""}, ""391cc75f9a7d750778405fc3cfcecb92"": {""Model"": ""RollingRegression"", ""ModelParameters"": ""{\""regression_model\"": {\""model\"": \""DecisionTree\"", \""model_params\"": {\""max_depth\"": null, \""min_samples_split\"": 0.05}}, \""holiday\"": false, \""mean_rolling_periods\"": null, \""macd_periods\"": null, \""std_rolling_periods\"": null, \""max_rolling_periods\"": 420, \""min_rolling_periods\"": 168, \""ewm_var_alpha\"": null, \""quantile90_rolling_periods\"": null, \""quantile10_rolling_periods\"": null, \""ewm_alpha\"": null, \""additional_lag_periods\"": 6, \""abs_energy\"": false, \""rolling_autocorr_periods\"": null, \""nonzero_last_n\"": null, \""add_date_part\"": \""expanded\"", \""polynomial_degree\"": null, \""x_transform\"": null, \""regression_type\"": null}"", ""TransformationParameters"": ""{\""fillna\"": \""mean\"", \""transformations\"": {\""0\"": \""STLFilter\"", \""1\"": \""RobustScaler\"", \""2\"": \""MaxAbsScaler\"", \""3\"": \""SeasonalDifference\"", \""4\"": \""AlignLastValue\""}, \""transformation_params\"": {\""0\"": {\""decomp_type\"": \""seasonal_decompose\"", \""part\"": \""trend\""}, \""1\"": {}, \""2\"": {}, \""3\"": {\""lag_1\"": 7, \""method\"": \""LastValue\""}, \""4\"": {\""rows\"": 1, \""lag\"": 2, \""method\"": \""additive\"", \""strength\"": 0.7, \""first_value_only\"": false, \""threshold\"": null, \""threshold_method\"": \""mean\"", \""mean_type\"": \""arithmetic\""}}}""}}, ""point_method"": ""midhinge"", ""model_weights"": {}}","{""fillna"": ""cubic"", ""transformations"": {""0"": ""ScipyFilter"", ""1"": ""DatepartRegression""}, ""transformation_params"": {""0"": {""method"": ""butter"", ""method_args"": {""N"": 1, ""btype"": ""highpass"", ""analog"": false, ""output"": ""sos"", ""Wn"": 0.024390243902439025}}, ""1"": {""regression_model"": {""model"": ""ElasticNet"", ""model_params"": {""l1_ratio"": 0.5, ""fit_intercept"": true, ""selection"": ""cyclic"", ""max_iter"": 1000}}, ""datepart_method"": [""weekdayofmonth"", ""common_fourier""], ""polynomial_degree"": null, ""transform_dict"": null, ""holiday_countries_used"": false, ""lags"": null, ""forward_lags"": null}}}",1,1,21.49640449885606,1.5312793817122166,1.6863177093503334,0.4808578836801118,1.5312793817122166,0.0,-0.4852524787452692,0.8861495650198319,183.2682733267207,1.53063928597805,0.6681128046866374,0.3,0.4166666666666667,3.7479931957089665,0.4083333333333333,1.9136271685095416,1.3441610747525474,6.188252992052247,2.8199509622120984,0.04148522405907365,182.78302084797545,73.98614899254895,28.636784009706567,0.23328537615241338,21.49640449885606,1.5312793817122166,1.6863177093503334,0.4808578836801118,1.5312793817122166,0.0,0.8861495650198319,1.53063928597805,0.6681128046866374,3.7479931957089665,0.4083333333333333,1.9136271685095416,1.3441610747525474,6.188252992052247,2.8199509622120984,0.04148522405907365,182.78302084797545,73.98614899254895,28.636784009706567,0.23328537615241338,0.3,0.4166666666666667,3.4429,36.27670692679116,21.75081713713843,Wh,21.75081713713843,Wh
113,ca28ed0cdab4b6f2821101cebb8d0d18,Ensemble,"{""model_name"": ""BestN"", ""model_count"": 3, ""model_metric"": ""horizontal"", ""models"": {""391cc75f9a7d750778405fc3cfcecb92"": {""Model"": ""RollingRegression"", ""ModelParameters"": ""{\""regression_model\"": {\""model\"": \""DecisionTree\"", \""model_params\"": {\""max_depth\"": null, \""min_samples_split\"": 0.05}}, \""holiday\"": false, \""mean_rolling_periods\"": null, \""macd_periods\"": null, \""std_rolling_periods\"": null, \""max_rolling_periods\"": 420, \""min_rolling_periods\"": 168, \""ewm_var_alpha\"": null, \""quantile90_rolling_periods\"": null, \""quantile10_rolling_periods\"": null, \""ewm_alpha\"": null, \""additional_lag_periods\"": 6, \""abs_energy\"": false, \""rolling_autocorr_periods\"": null, \""nonzero_last_n\"": null, \""add_date_part\"": \""expanded\"", \""polynomial_degree\"": null, \""x_transform\"": null, \""regression_type\"": null}"", ""TransformationParameters"": ""{\""fillna\"": \""mean\"", \""transformations\"": {\""0\"": \""STLFilter\"", \""1\"": \""RobustScaler\"", \""2\"": \""MaxAbsScaler\"", \""3\"": \""SeasonalDifference\"", \""4\"": \""AlignLastValue\""}, \""transformation_params\"": {\""0\"": {\""decomp_type\"": \""seasonal_decompose\"", \""part\"": \""trend\""}, \""1\"": {}, \""2\"": {}, \""3\"": {\""lag_1\"": 7, \""method\"": \""LastValue\""}, \""4\"": {\""rows\"": 1, \""lag\"": 2, \""method\"": \""additive\"", \""strength\"": 0.7, \""first_value_only\"": false, \""threshold\"": null, \""threshold_method\"": \""mean\"", \""mean_type\"": \""arithmetic\""}}}""}, ""290072eada53189c757f67ac7b1cfea9"": {""Model"": ""ARIMA"", ""ModelParameters"": ""{\""p\"": 0, \""d\"": 0, \""q\"": 2, \""regression_type\"": \""Holiday\""}"", ""TransformationParameters"": ""{\""fillna\"": \""mean\"", \""transformations\"": {\""0\"": \""AnomalyRemoval\"", \""1\"": \""ChangepointDetrend\"", \""2\"": \""ClipOutliers\""}, \""transformation_params\"": {\""0\"": {\""method\"": \""zscore\"", \""method_params\"": {\""distribution\"": \""chi2\"", \""alpha\"": 0.05}, \""fillna\"": \""ffill\"", \""transform_dict\"": null, \""isolated_only\"": false, \""on_inverse\"": false}, \""1\"": {\""model\"": \""ElasticNet\"", \""changepoint_spacing\"": 90, \""changepoint_distance_end\"": 180, \""datepart_method\"": null}, \""2\"": {\""method\"": \""clip\"", \""std_threshold\"": 2, \""fillna\"": null}}}""}, ""5bb9f16e5f9c93ddad63947a240ff284"": {""Model"": ""FBProphet"", ""ModelParameters"": ""{\""holiday\"": false, \""regression_type\"": null, \""growth\"": \""linear\"", \""seasonality_mode\"": \""additive\"", \""changepoint_prior_scale\"": 0.05, \""n_changepoints\"": 25, \""changepoint_range\"": 360, \""changepoint_spacing\"": null, \""changepoint_distance_end\"": null, \""seasonality_prior_scale\"": 10.0, \""yearly_seasonality_prior_scale\"": null, \""yearly_seasonality_order\"": null, \""weekly_seasonality_prior_scale\"": null, \""holidays_prior_scale\"": 10.0, \""trend_phi\"": null}"", ""TransformationParameters"": ""{\""fillna\"": \""rolling_mean\"", \""transformations\"": {\""0\"": \""StandardScaler\"", \""1\"": \""bkfilter\"", \""2\"": \""HPFilter\""}, \""transformation_params\"": {\""0\"": {}, \""1\"": {}, \""2\"": {\""part\"": \""trend\"", \""lamb\"": 6.25}}}""}}, ""model_weights"": {}, ""point_method"": ""mean""}","{""fillna"": ""cubic"", ""transformations"": {""0"": ""ScipyFilter"", ""1"": ""DatepartRegression""}, ""transformation_params"": {""0"": {""method"": ""butter"", ""method_args"": {""N"": 1, ""btype"": ""highpass"", ""analog"": false, ""output"": ""sos"", ""Wn"": 0.024390243902439025}}, ""1"": {""regression_model"": {""model"": ""ElasticNet"", ""model_params"": {""l1_ratio"": 0.5, ""fit_intercept"": true, ""selection"": ""cyclic"", ""max_iter"": 1000}}, ""datepart_method"": [""weekdayofmonth"", ""common_fourier""], ""polynomial_degree"": null, ""transform_dict"": null, ""holiday_countries_used"": false, ""lags"": null, ""forward_lags"": null}}}",1,1,20.896474896574073,1.4814261354215683,1.6431707217292484,0.4795868052936634,1.4814261354215683,0.0,-0.647094450224011,0.863677201772258,177.12404180036418,1.4808474367919784,0.7163350023537267,0.23333333333333334,0.4583333333333333,3.7145717891178744,0.44166666666666665,1.8743386983890153,1.295459824650116,6.091050135496204,2.622797517439759,0.060406541713991936,176.4769473501402,69.96041993135657,28.354572904856216,0.22523695501809576,20.896474896574073,1.4814261354215683,1.6431707217292484,0.4795868052936634,1.4814261354215683,0.0,0.863677201772258,1.4808474367919784,0.7163350023537267,3.7145717891178744,0.44166666666666665,1.8743386983890153,1.295459824650116,6.091050135496204,2.622797517439759,0.060406541713991936,176.4769473501402,69.96041993135657,28.354572904856216,0.22523695501809576,0.23333333333333334,0.4583333333333333,2.1359,36.197529674242624,21.042684541146613,Wh,21.042684541146613,Wh
114,458413346f37102a12c649c2826888f5,Ensemble,"{""model_name"": ""BestN"", ""model_count"": 3, ""model_metric"": ""bestn_horizontal"", ""models"": {""5bb9f16e5f9c93ddad63947a240ff284"": {""Model"": ""FBProphet"", ""ModelParameters"": ""{\""holiday\"": false, \""regression_type\"": null, \""growth\"": \""linear\"", \""seasonality_mode\"": \""additive\"", \""changepoint_prior_scale\"": 0.05, \""n_changepoints\"": 25, \""changepoint_range\"": 360, \""changepoint_spacing\"": null, \""changepoint_distance_end\"": null, \""seasonality_prior_scale\"": 10.0, \""yearly_seasonality_prior_scale\"": null, \""yearly_seasonality_order\"": null, \""weekly_seasonality_prior_scale\"": null, \""holidays_prior_scale\"": 10.0, \""trend_phi\"": null}"", ""TransformationParameters"": ""{\""fillna\"": \""rolling_mean\"", \""transformations\"": {\""0\"": \""StandardScaler\"", \""1\"": \""bkfilter\"", \""2\"": \""HPFilter\""}, \""transformation_params\"": {\""0\"": {}, \""1\"": {}, \""2\"": {\""part\"": \""trend\"", \""lamb\"": 6.25}}}""}, ""290072eada53189c757f67ac7b1cfea9"": {""Model"": ""ARIMA"", ""ModelParameters"": ""{\""p\"": 0, \""d\"": 0, \""q\"": 2, \""regression_type\"": \""Holiday\""}"", ""TransformationParameters"": ""{\""fillna\"": \""mean\"", \""transformations\"": {\""0\"": \""AnomalyRemoval\"", \""1\"": \""ChangepointDetrend\"", \""2\"": \""ClipOutliers\""}, \""transformation_params\"": {\""0\"": {\""method\"": \""zscore\"", \""method_params\"": {\""distribution\"": \""chi2\"", \""alpha\"": 0.05}, \""fillna\"": \""ffill\"", \""transform_dict\"": null, \""isolated_only\"": false, \""on_inverse\"": false}, \""1\"": {\""model\"": \""ElasticNet\"", \""changepoint_spacing\"": 90, \""changepoint_distance_end\"": 180, \""datepart_method\"": null}, \""2\"": {\""method\"": \""clip\"", \""std_threshold\"": 2, \""fillna\"": null}}}""}, ""391cc75f9a7d750778405fc3cfcecb92"": {""Model"": ""RollingRegression"", ""ModelParameters"": ""{\""regression_model\"": {\""model\"": \""DecisionTree\"", \""model_params\"": {\""max_depth\"": null, \""min_samples_split\"": 0.05}}, \""holiday\"": false, \""mean_rolling_periods\"": null, \""macd_periods\"": null, \""std_rolling_periods\"": null, \""max_rolling_periods\"": 420, \""min_rolling_periods\"": 168, \""ewm_var_alpha\"": null, \""quantile90_rolling_periods\"": null, \""quantile10_rolling_periods\"": null, \""ewm_alpha\"": null, \""additional_lag_periods\"": 6, \""abs_energy\"": false, \""rolling_autocorr_periods\"": null, \""nonzero_last_n\"": null, \""add_date_part\"": \""expanded\"", \""polynomial_degree\"": null, \""x_transform\"": null, \""regression_type\"": null}"", ""TransformationParameters"": ""{\""fillna\"": \""mean\"", \""transformations\"": {\""0\"": \""STLFilter\"", \""1\"": \""RobustScaler\"", \""2\"": \""MaxAbsScaler\"", \""3\"": \""SeasonalDifference\"", \""4\"": \""AlignLastValue\""}, \""transformation_params\"": {\""0\"": {\""decomp_type\"": \""seasonal_decompose\"", \""part\"": \""trend\""}, \""1\"": {}, \""2\"": {}, \""3\"": {\""lag_1\"": 7, \""method\"": \""LastValue\""}, \""4\"": {\""rows\"": 1, \""lag\"": 2, \""method\"": \""additive\"", \""strength\"": 0.7, \""first_value_only\"": false, \""threshold\"": null, \""threshold_method\"": \""mean\"", \""mean_type\"": \""arithmetic\""}}}""}}, ""model_weights"": {""5bb9f16e5f9c93ddad63947a240ff284"": 4.0, ""290072eada53189c757f67ac7b1cfea9"": 3.0, ""391cc75f9a7d750778405fc3cfcecb92"": 2.0}, ""point_method"": ""mean""}","{""fillna"": ""cubic"", ""transformations"": {""0"": ""ScipyFilter"", ""1"": ""DatepartRegression""}, ""transformation_params"": {""0"": {""method"": ""butter"", ""method_args"": {""N"": 1, ""btype"": ""highpass"", ""analog"": false, ""output"": ""sos"", ""Wn"": 0.024390243902439025}}, ""1"": {""regression_model"": {""model"": ""ElasticNet"", ""model_params"": {""l1_ratio"": 0.5, ""fit_intercept"": true, ""selection"": ""cyclic"", ""max_iter"": 1000}}, ""datepart_method"": [""weekdayofmonth"", ""common_fourier""], ""polynomial_degree"": null, ""transform_dict"": null, ""holiday_countries_used"": false, ""lags"": null, ""forward_lags"": null}}}",1,1,20.86799680000056,1.4804569053729617,1.6404456502564797,0.47886602584660665,1.4804569053729617,0.0,-0.4331580036534364,0.8637697726270288,177.22167064110198,1.4801675403546095,0.7122171992495793,0.25,0.4083333333333333,3.7116541817523654,0.4166666666666667,1.8848761591735124,1.294093616879383,5.994834611928861,2.536177922503365,0.05731111252474434,176.78851263744855,71.35479216548228,28.403728035330552,0.22563460478287461,20.86799680000056,1.4804569053729617,1.6404456502564797,0.47886602584660665,1.4804569053729617,0.0,0.8637697726270288,1.4801675403546095,0.7122171992495793,3.7116541817523654,0.4166666666666667,1.8848761591735124,1.294093616879383,5.994834611928861,2.536177922503365,0.05731111252474434,176.78851263744855,71.35479216548228,28.403728035330552,0.22563460478287461,0.25,0.4083333333333333,3.4608,36.11248400440568,21.02891726536217,Wh,21.02891726536217,Wh
115,b7ddc7ce719f3073aa3d919ad7c24dc1,ARIMA,"{""p"": 4, ""d"": 2, ""q"": 12, ""regression_type"": null}","{""fillna"": ""ffill"", ""transformations"": {""0"": ""CointegrationTransformer"", ""1"": ""ChangepointDetrend""}, ""transformation_params"": {""0"": {""n_components"": 3, ""max_components"": 5, ""shrinkage"": 1e-06, ""method"": ""rrr"", ""min_periods"": 10}, ""1"": {""model"": ""ElasticNet"", ""changepoint_spacing"": 90, ""changepoint_distance_end"": 180, ""datepart_method"": null}}}",0,1,21.68909091094082,1.237029113886334,1.3999506536070845,0.5000309645280073,1.237029113886334,0.0,-136.95254017385273,1.209134984165889,11.490953492507359,0.7906549895465129,0.7893459567384362,1.0,0.5,2.8778189554185203,0.9833333333333333,1.4516099892559526,1.0258877521762215,6.020060187191093,3.976111977109832,0.10171770222638972,125.46158668134535,34.94078722660344,24.034316902995908,0.160126215804144,21.68909091094082,1.237029113886334,1.3999506536070845,0.5000309645280073,1.237029113886334,0.0,1.209134984165889,0.7906549895465129,0.7893459567384362,2.8778189554185203,0.9833333333333333,1.4516099892559526,1.0258877521762215,6.020060187191093,3.976111977109832,0.10171770222638972,125.46158668134535,34.94078722660344,24.034316902995908,0.160126215804144,1.0,0.5,4.0656,35.864255736686474,17.571185487636072,Wh,17.571185487636072,Wh
116,ad7d86a1e697707287821e5f2310d509,Ensemble,"{""model_name"": ""BestN"", ""model_count"": 3, ""model_metric"": ""best_score_unique"", ""models"": {""5bb9f16e5f9c93ddad63947a240ff284"": {""Model"": ""FBProphet"", ""ModelParameters"": ""{\""holiday\"": false, \""regression_type\"": null, \""growth\"": \""linear\"", \""seasonality_mode\"": \""additive\"", \""changepoint_prior_scale\"": 0.05, \""n_changepoints\"": 25, \""changepoint_range\"": 360, \""changepoint_spacing\"": null, \""changepoint_distance_end\"": null, \""seasonality_prior_scale\"": 10.0, \""yearly_seasonality_prior_scale\"": null, \""yearly_seasonality_order\"": null, \""weekly_seasonality_prior_scale\"": null, \""holidays_prior_scale\"": 10.0, \""trend_phi\"": null}"", ""TransformationParameters"": ""{\""fillna\"": \""rolling_mean\"", \""transformations\"": {\""0\"": \""StandardScaler\"", \""1\"": \""bkfilter\"", \""2\"": \""HPFilter\""}, \""transformation_params\"": {\""0\"": {}, \""1\"": {}, \""2\"": {\""part\"": \""trend\"", \""lamb\"": 6.25}}}""}, ""290072eada53189c757f67ac7b1cfea9"": {""Model"": ""ARIMA"", ""ModelParameters"": ""{\""p\"": 0, \""d\"": 0, \""q\"": 2, \""regression_type\"": \""Holiday\""}"", ""TransformationParameters"": ""{\""fillna\"": \""mean\"", \""transformations\"": {\""0\"": \""AnomalyRemoval\"", \""1\"": \""ChangepointDetrend\"", \""2\"": \""ClipOutliers\""}, \""transformation_params\"": {\""0\"": {\""method\"": \""zscore\"", \""method_params\"": {\""distribution\"": \""chi2\"", \""alpha\"": 0.05}, \""fillna\"": \""ffill\"", \""transform_dict\"": null, \""isolated_only\"": false, \""on_inverse\"": false}, \""1\"": {\""model\"": \""ElasticNet\"", \""changepoint_spacing\"": 90, \""changepoint_distance_end\"": 180, \""datepart_method\"": null}, \""2\"": {\""method\"": \""clip\"", \""std_threshold\"": 2, \""fillna\"": null}}}""}, ""7f1b9001e4365205912d8167e1108b4a"": {""Model"": ""DatepartRegression"", ""ModelParameters"": ""{\""regression_model\"": {\""model\"": \""ElasticNet\"", \""model_params\"": {\""l1_ratio\"": 0.5, \""fit_intercept\"": true, \""selection\"": \""cyclic\"", \""max_iter\"": 1000}}, \""datepart_method\"": \""simple_2\"", \""polynomial_degree\"": null, \""holiday_countries_used\"": false, \""lags\"": null, \""forward_lags\"": null, \""regression_type\"": null}"", ""TransformationParameters"": ""{\""fillna\"": \""ffill_mean_biased\"", \""transformations\"": {\""0\"": \""AlignLastValue\"", \""1\"": \""bkfilter\"", \""2\"": \""CointegrationTransformer\""}, \""transformation_params\"": {\""0\"": {\""rows\"": 7, \""lag\"": 2, \""method\"": \""additive\"", \""strength\"": 1.0, \""first_value_only\"": true, \""threshold\"": null, \""threshold_method\"": \""max\"", \""mean_type\"": \""arithmetic\""}, \""1\"": {}, \""2\"": {\""n_components\"": 5, \""max_components\"": 20, \""shrinkage\"": 0.01, \""method\"": \""cca\"", \""min_periods\"": 30}}}""}}, ""model_weights"": {}, ""point_method"": ""mean""}","{""fillna"": ""cubic"", ""transformations"": {""0"": ""ScipyFilter"", ""1"": ""DatepartRegression""}, ""transformation_params"": {""0"": {""method"": ""butter"", ""method_args"": {""N"": 1, ""btype"": ""highpass"", ""analog"": false, ""output"": ""sos"", ""Wn"": 0.024390243902439025}}, ""1"": {""regression_model"": {""model"": ""ElasticNet"", ""model_params"": {""l1_ratio"": 0.5, ""fit_intercept"": true, ""selection"": ""cyclic"", ""max_iter"": 1000}}, ""datepart_method"": [""weekdayofmonth"", ""common_fourier""], ""polynomial_degree"": null, ""transform_dict"": null, ""holiday_countries_used"": false, ""lags"": null, ""forward_lags"": null}}}",1,1,21.525859287449055,1.536383872287726,1.6886695218945416,0.4799063637748564,1.536383872287726,0.0,-0.29527525244682806,0.8892864827862698,184.0707894220803,1.5360792720399852,0.6318200567210708,0.3333333333333333,0.4666666666666667,3.7753848291842047,0.36666666666666664,1.936696223229184,1.3499808393343313,6.062447145946977,2.6872369422033984,0.041350375713203186,183.77551416963348,76.29675349486833,28.751983193325447,0.2345520921569832,21.525859287449055,1.536383872287726,1.6886695218945416,0.4799063637748564,1.536383872287726,0.0,0.8892864827862698,1.5360792720399852,0.6318200567210708,3.7753848291842047,0.36666666666666664,1.936696223229184,1.3499808393343313,6.062447145946977,2.6872369422033984,0.041350375713203186,183.77551416963348,76.29675349486833,28.751983193325447,0.2345520921569832,0.3333333333333333,0.4666666666666667,0.9629,35.813946178444404,21.823323070681404,Wh,21.823323070681404,Wh
117,1699afd2bec24a307ad35a1158304059,FBProphet,"{""holiday"": true, ""regression_type"": null, ""growth"": ""linear"", ""seasonality_mode"": ""additive"", ""changepoint_prior_scale"": 0.5, ""n_changepoints"": 25, ""changepoint_range"": 0.9, ""changepoint_spacing"": null, ""changepoint_distance_end"": null, ""seasonality_prior_scale"": 10.0, ""yearly_seasonality_prior_scale"": null, ""yearly_seasonality_order"": null, ""weekly_seasonality_prior_scale"": null, ""holidays_prior_scale"": 10.0, ""trend_phi"": null}","{""fillna"": ""ffill_mean_biased"", ""transformations"": {""0"": ""BKBandpassFilter"", ""1"": ""AlignLastValue""}, ""transformation_params"": {""0"": {""low"": 6, ""high"": 728, ""K"": 6, ""lanczos_factor"": false, ""return_diff"": true, ""on_transform"": true, ""on_inverse"": false}, ""1"": {""rows"": 84, ""lag"": 1, ""method"": ""additive"", ""strength"": 1.0, ""first_value_only"": false, ""threshold"": null, ""threshold_method"": ""max"", ""mean_type"": ""arithmetic""}}}",0,1,23.38413812108496,1.2983593121297254,1.5231438287226098,0.5241314033472853,1.2983593121297254,0.0,-140.25657094995196,1.2551016897856628,15.546546505615098,0.8159416699576651,0.6456127844421453,0.9833333333333333,0.475,3.418451342367694,0.9833333333333333,1.4691974753913792,1.0449951768323114,6.576878136140971,4.668692883142757,0.3057896551697788,124.71002444433684,30.34159731711223,18.073635982946545,0.15916699936079445,23.38413812108496,1.2983593121297254,1.5231438287226098,0.5241314033472853,1.2983593121297254,0.0,1.2551016897856628,0.8159416699576651,0.6456127844421453,3.418451342367694,0.9833333333333333,1.4691974753913792,1.0449951768323114,6.576878136140971,4.668692883142757,0.3057896551697788,124.71002444433684,30.34159731711223,18.073635982946545,0.15916699936079445,0.9833333333333333,0.475,1.1922,35.593537903027496,18.442340642539847,Wh,18.442340642539847,Wh
118,3575e72c47065508251d92cf65620996,ARIMA,"{""p"": 1, ""d"": 1, ""q"": 2, ""regression_type"": null}","{""fillna"": ""rolling_mean_24"", ""transformations"": {""0"": ""bkfilter"", ""1"": ""SeasonalDifference"", ""2"": ""AlignLastValue"", ""3"": ""AlignLastValue"", ""4"": ""QuantileTransformer""}, ""transformation_params"": {""0"": {}, ""1"": {""lag_1"": 12, ""method"": ""Mean""}, ""2"": {""rows"": 1, ""lag"": 1, ""method"": ""additive"", ""strength"": 1.0, ""first_value_only"": false, ""threshold"": 1, ""threshold_method"": ""mean"", ""mean_type"": ""arithmetic""}, ""3"": {""rows"": 1, ""lag"": 1, ""method"": ""additive"", ""strength"": 1.0, ""first_value_only"": false, ""threshold"": null, ""threshold_method"": ""max"", ""mean_type"": ""arithmetic""}, ""4"": {""output_distribution"": ""normal"", ""n_quantiles"": 27}}}",0,1,22.813856739791156,1.6501676956478302,1.8410961264372356,0.639912742380272,1.6501676956478302,0.0,-0.5360595117643596,0.921253361768136,197.48406396597528,1.649537537169518,0.4677871588627094,0.6833333333333333,0.575,3.748895291823235,0.4166666666666667,2.029254228269941,1.4350483755015,7.49048648181888,4.826568686201348,0.7058223347771241,196.9480044542109,72.4446655098571,4.3303278474512705,0.2513640987462467,22.813856739791156,1.6501676956478302,1.8410961264372356,0.639912742380272,1.6501676956478302,0.0,0.921253361768136,1.649537537169518,0.4677871588627094,3.748895291823235,0.4166666666666667,2.029254228269941,1.4350483755015,7.49048648181888,4.826568686201348,0.7058223347771241,196.9480044542109,72.4446655098571,4.3303278474512705,0.2513640987462467,0.6833333333333333,0.575,0.1117,35.305706963795956,23.439547493622932,Wh,23.439547493622932,Wh
119,27951684075164e068d603f01a8d8e26,FBProphet,"{""holiday"": false, ""regression_type"": null, ""growth"": ""linear"", ""seasonality_mode"": ""multiplicative"", ""changepoint_prior_scale"": 0.001, ""n_changepoints"": 25, ""changepoint_range"": 0.95, ""changepoint_spacing"": null, ""changepoint_distance_end"": null, ""seasonality_prior_scale"": 10.0, ""yearly_seasonality_prior_scale"": null, ""yearly_seasonality_order"": 12, ""weekly_seasonality_prior_scale"": null, ""holidays_prior_scale"": 10.0, ""trend_phi"": null}","{""fillna"": ""ffill"", ""transformations"": {""0"": ""SeasonalDifference"", ""1"": ""QuantileTransformer"", ""2"": ""ClipOutliers"", ""3"": ""RobustScaler""}, ""transformation_params"": {""0"": {""lag_1"": 7, ""method"": ""LastValue""}, ""1"": {""output_distribution"": ""uniform"", ""n_quantiles"": 27}, ""2"": {""method"": ""clip"", ""std_threshold"": 3, ""fillna"": null}, ""3"": {}}}",0,1,19.60147058693466,1.3806040317986037,1.635612316356349,0.85784747315718,1.3806040317986037,0.0,-17.733812265699584,0.8468407573305146,147.93867155013282,1.3295511759989305,0.6741224384573893,0.5166666666666667,0.525,3.950151202950611,0.6916666666666667,1.8034531595432457,1.1302315998501906,6.1632441778512055,3.025747944148298,0.7694783431725737,130.20485928443327,44.49412452172088,11.565356824830374,0.16618003922970784,19.60147058693466,1.3806040317986037,1.635612316356349,0.85784747315718,1.3806040317986037,0.0,0.8468407573305146,1.3295511759989305,0.6741224384573893,3.950151202950611,0.6916666666666667,1.8034531595432457,1.1302315998501906,6.1632441778512055,3.025747944148298,0.7694783431725737,130.20485928443327,44.49412452172088,11.565356824830374,0.16618003922970784,0.5166666666666667,0.525,3.1164,34.217188596982716,19.610572827585475,Wh,19.610572827585475,Wh
120,0d16abbc8a18fb49705b0a8898544da9,FBProphet,"{""holiday"": false, ""regression_type"": null, ""growth"": ""linear"", ""seasonality_mode"": ""multiplicative"", ""changepoint_prior_scale"": 0.05, ""n_changepoints"": 25, ""changepoint_range"": 0.8, ""changepoint_spacing"": null, ""changepoint_distance_end"": null, ""seasonality_prior_scale"": 10.0, ""yearly_seasonality_prior_scale"": null, ""yearly_seasonality_order"": null, ""weekly_seasonality_prior_scale"": null, ""holidays_prior_scale"": 10.0, ""trend_phi"": 0.999}","{""fillna"": ""ffill_mean_biased"", ""transformations"": {""0"": ""AlignLastValue"", ""1"": ""AlignLastValue"", ""2"": ""AnomalyRemoval""}, ""transformation_params"": {""0"": {""rows"": 1, ""lag"": 1, ""method"": ""additive"", ""strength"": 1.0, ""first_value_only"": false, ""threshold"": 1, ""threshold_method"": ""max"", ""mean_type"": ""arithmetic""}, ""1"": {""rows"": 1, ""lag"": 7, ""method"": ""additive"", ""strength"": 1.0, ""first_value_only"": false, ""threshold"": 10, ""threshold_method"": ""mean"", ""mean_type"": ""arithmetic""}, ""2"": {""method"": ""rolling_zscore"", ""method_params"": {""distribution"": ""uniform"", ""alpha"": 0.05, ""rolling_periods"": 200, ""center"": true}, ""fillna"": ""rolling_mean_24"", ""transform_dict"": {""fillna"": ""ffill"", ""transformations"": {""0"": ""cffilter"", ""1"": ""ConvolutionFilter""}, ""transformation_params"": {""0"": {}, ""1"": {""weight"": [1.0, 0.5, 0.3333333333333333]}}}, ""isolated_only"": false, ""on_inverse"": false}}}",0,1,16.367386779829722,1.121291103121237,1.3014476950412557,0.5026904684661544,1.121291103121237,0.0,-2.475469032728517,0.706277444559091,132.07946334181992,1.117677242128128,0.9523104264109642,0.0,0.48333333333333334,3.078472355131561,0.875,1.4617948822950892,0.9250027639522278,4.879516347742132,1.69502988004313,0.26607151927320966,129.60399430909138,48.967399917466686,21.636518185729983,0.16541315721222533,16.367386779829722,1.121291103121237,1.3014476950412557,0.5026904684661544,1.121291103121237,0.0,0.706277444559091,1.117677242128128,0.9523104264109642,3.078472355131561,0.875,1.4617948822950892,0.9250027639522278,4.879516347742132,1.69502988004313,0.26607151927320966,129.60399430909138,48.967399917466686,21.636518185729983,0.16541315721222533,0.0,0.48333333333333334,1.1001,33.82866592670961,15.927203117055905,Wh,15.927203117055905,Wh
121,426ac7c777d90531af9afc1dff06e114,FBProphet,"{""holiday"": true, ""regression_type"": null, ""growth"": ""linear"", ""seasonality_mode"": ""multiplicative"", ""changepoint_prior_scale"": 0.001, ""n_changepoints"": 25, ""changepoint_range"": 0.8, ""changepoint_spacing"": null, ""changepoint_distance_end"": null, ""seasonality_prior_scale"": 25, ""yearly_seasonality_prior_scale"": null, ""yearly_seasonality_order"": null, ""weekly_seasonality_prior_scale"": null, ""holidays_prior_scale"": 10.0, ""trend_phi"": 0.999}","{""fillna"": ""cubic"", ""transformations"": {""0"": ""bkfilter"", ""1"": ""ShiftFirstValue"", ""2"": ""RobustScaler""}, ""transformation_params"": {""0"": {}, ""1"": {""rows"": 2}, ""2"": {}}}",0,1,16.455907761073227,1.0961417319187372,1.3255388174883622,0.9422054251347344,1.0961417319187372,0.0,-48.05999428674002,0.8090396040842003,83.47701354350842,0.965213487603606,0.9547412091259604,0.0,0.525,3.5693985540856144,0.7,1.640896461562516,0.8707174866783353,4.701989077494507,1.7701381694032343,0.9589667063251099,35.4170192567684,10.983363839615086,11.036794183202565,0.04520262670559752,16.455907761073227,1.0961417319187372,1.3255388174883622,0.9422054251347344,1.0961417319187372,0.0,0.8090396040842003,0.965213487603606,0.9547412091259604,3.5693985540856144,0.7,1.640896461562516,0.8707174866783353,4.701989077494507,1.7701381694032343,0.9589667063251099,35.4170192567684,10.983363839615086,11.036794183202565,0.04520262670559752,0.0,0.525,1.8184,33.80822270984452,15.569972829315773,Wh,15.569972829315773,Wh
122,feab1b4c9aaceb5d00c2555ab19ee19d,DatepartRegression,"{""regression_model"": {""model"": ""ElasticNet"", ""model_params"": {""l1_ratio"": 0.1, ""fit_intercept"": true, ""selection"": ""cyclic"", ""max_iter"": 1000}}, ""datepart_method"": ""anchored_warped_fourier:us_school"", ""polynomial_degree"": null, ""holiday_countries_used"": true, ""lags"": null, ""forward_lags"": null, ""regression_type"": null}","{""fillna"": ""linear"", ""transformations"": {""0"": ""AlignLastValue"", ""1"": ""Slice"", ""2"": ""Constraint"", ""3"": ""Log"", ""4"": ""AlignLastValue""}, ""transformation_params"": {""0"": {""rows"": 1, ""lag"": 1, ""method"": ""multiplicative"", ""strength"": 1.0, ""first_value_only"": false, ""threshold"": null, ""threshold_method"": ""max""}, ""1"": {""method"": 0.5}, ""2"": {""constraint_method"": ""slope"", ""constraint_direction"": ""upper"", ""constraint_regularization"": 0.7, ""constraint_value"": {""slope"": 0.1, ""window"": 30, ""window_agg"": ""max"", ""threshold"": 0.01}, ""bounds_only"": false, ""fillna"": null}, ""3"": {}, ""4"": {""rows"": 1, ""lag"": 1, ""method"": ""additive"", ""strength"": 0.7, ""first_value_only"": false, ""threshold"": 3, ""threshold_method"": ""max"", ""mean_type"": ""arithmetic""}}}",0,1,21.549740785858152,1.5262584964434305,1.7026347425268489,0.47331165295059524,1.5262584964434305,0.0,-0.47674083709716797,0.8764653467534712,182.6742787361145,1.5258256324573967,0.48154307518660966,0.7166666666666667,0.5083333333333333,3.5517196655273438,0.0,2.086562270768405,1.3205291430155437,7.0210808497908115,3.2126280499581235,0.0,182.19753789901733,65.7963470826994,30.786912378311555,0.23253812616527086,21.549740785858152,1.5262584964434305,1.7026347425268489,0.47331165295059524,1.5262584964434305,0.0,0.8764653467534712,1.5258256324573967,0.48154307518660966,3.5517196655273438,0.0,2.086562270768405,1.3205291430155437,7.0210808497908115,3.2126280499581235,0.0,182.19753789901733,65.7963470826994,30.786912378311555,0.23253812616527086,0.7166666666666667,0.5083333333333333,0.7871,33.64415300621116,21.67949876202532,Wh,21.67949876202532,Wh
123,b8a638f07098489800eef99cb2e9bce2,ARIMA,"{""p"": 4, ""d"": 1, ""q"": 1, ""regression_type"": ""Holiday""}","{""fillna"": ""zero"", ""transformations"": {""0"": ""bkfilter"", ""1"": ""Detrend"", ""2"": ""AlignLastValue"", ""3"": ""AlignLastValue"", ""4"": ""AlignLastValue""}, ""transformation_params"": {""0"": {}, ""1"": {""model"": ""GLS"", ""phi"": 1, ""window"": 10, ""transform_dict"": {""fillna"": null, ""transformations"": {""0"": ""ClipOutliers""}, ""transformation_params"": {""0"": {""method"": ""clip"", ""std_threshold"": 4}}}}, ""2"": {""rows"": 1, ""lag"": 1, ""method"": ""additive"", ""strength"": 1.0, ""first_value_only"": false, ""threshold"": 1, ""threshold_method"": ""mean"", ""mean_type"": ""arithmetic""}, ""3"": {""rows"": 1, ""lag"": 1, ""method"": ""additive"", ""strength"": 1.0, ""first_value_only"": false, ""threshold"": null, ""threshold_method"": ""mean"", ""mean_type"": ""arithmetic""}, ""4"": {""rows"": 1, ""lag"": 1, ""method"": ""additive"", ""strength"": 1.0, ""first_value_only"": false, ""threshold"": null, ""threshold_method"": ""max"", ""mean_type"": ""arithmetic""}}}",0,1,21.591492335418966,1.5305488391041706,1.7093565348687427,0.4891525796076919,1.5305488391041706,0.0,-0.5343421277602349,0.8770651603807788,183.13151856474025,1.53011781308453,0.4515980304369739,0.65,0.5166666666666667,3.5733631592421133,0.08333333333333333,2.0684088048975267,1.3264282464417578,7.056918197546368,3.2910048340229032,0.06448272127235014,182.59717643698002,65.83220503390362,29.165450450560122,0.23304818353395373,21.591492335418966,1.5305488391041706,1.7093565348687427,0.4891525796076919,1.5305488391041706,0.0,0.8770651603807788,1.53011781308453,0.4515980304369739,3.5733631592421133,0.08333333333333333,2.0684088048975267,1.3264282464417578,7.056918197546368,3.2910048340229032,0.06448272127235014,182.59717643698002,65.83220503390362,29.165450450560122,0.23304818353395373,0.65,0.5166666666666667,0.2693,33.288118533421894,21.74044025956255,Wh,21.74044025956255,Wh
124,9217691be9740335502e848e997b0ac7,DatepartRegression,"{""regression_model"": {""model"": ""ElasticNet"", ""model_params"": {""l1_ratio"": 0.5, ""fit_intercept"": true, ""selection"": ""cyclic"", ""max_iter"": 1000}}, ""datepart_method"": ""common_fourier"", ""polynomial_degree"": null, ""holiday_countries_used"": false, ""lags"": null, ""forward_lags"": 1, ""regression_type"": null}","{""fillna"": ""ffill"", ""transformations"": {""0"": ""QuantileTransformer"", ""1"": ""bkfilter""}, ""transformation_params"": {""0"": {""output_distribution"": ""normal"", ""n_quantiles"": 20}, ""1"": {}}}",0,1,21.560427156010515,1.5271320741590535,1.703440660843097,0.47331813069604,1.5271320741590535,0.0,-0.4749334349269141,0.8768374552064291,182.78091546415953,1.526702070828751,0.4385807823869525,0.7083333333333334,0.5,3.5526233666124707,0.016666666666666666,2.0842988694244435,1.32139740484243,7.024566853222856,3.21579208809893,7.59409816476354e-06,182.3059820292326,65.84337551462865,30.786135048858178,0.23267653305662994,21.560427156010515,1.5271320741590535,1.703440660843097,0.47331813069604,1.5271320741590535,0.0,0.8768374552064291,1.526702070828751,0.4385807823869525,3.5526233666124707,0.016666666666666666,2.0842988694244435,1.32139740484243,7.024566853222856,3.21579208809893,7.59409816476354e-06,182.3059820292326,65.84337551462865,30.786135048858178,0.23267653305662994,0.7083333333333334,0.5,0.1986,33.04676434708008,21.69190735929015,Wh,21.69190735929015,Wh
125,28a8d0b40ec224ad047cb573071f2dd3,FBProphet,"{""holiday"": true, ""regression_type"": null, ""growth"": ""flat"", ""seasonality_mode"": ""multiplicative"", ""changepoint_prior_scale"": 0.05, ""n_changepoints"": 50, ""changepoint_range"": 0.9, ""changepoint_spacing"": null, ""changepoint_distance_end"": null, ""seasonality_prior_scale"": 10.0, ""yearly_seasonality_prior_scale"": null, ""yearly_seasonality_order"": null, ""weekly_seasonality_prior_scale"": null, ""holidays_prior_scale"": 0.1, ""trend_phi"": 0.999}","{""fillna"": ""akima"", ""transformations"": {""0"": ""EWMAFilter"", ""1"": ""AlignLastValue""}, ""transformation_params"": {""0"": {""span"": 10}, ""1"": {""rows"": 1, ""lag"": 7, ""method"": ""additive"", ""strength"": 1.0, ""first_value_only"": false, ""threshold"": 10, ""threshold_method"": ""mean"", ""mean_type"": ""arithmetic""}}}",0,1,15.932769465750106,1.0834399841058147,1.2626144294395465,0.5197277089451455,1.0834399841058147,0.0,-6.789672486557489,0.6957984528115346,123.22312560614029,1.0718909315142207,0.9319340481883243,0.0,0.475,2.9832223301280916,0.9833333333333333,1.3954463489034523,0.8878248223262549,5.054837217899172,1.936483018521591,0.2530587583606759,116.4334531195828,37.089817560087724,21.27557963759072,0.14860363824667097,15.932769465750106,1.0834399841058147,1.2626144294395465,0.5197277089451455,1.0834399841058147,0.0,0.6957984528115346,1.0718909315142207,0.9319340481883243,2.9832223301280916,0.9833333333333333,1.3954463489034523,0.8878248223262549,5.054837217899172,1.936483018521591,0.2530587583606759,116.4334531195828,37.089817560087724,21.27557963759072,0.14860363824667097,0.0,0.475,0.563,32.92089438806095,15.389552850244408,Wh,15.389552850244408,Wh
126,2029b9acb271e5ea07d21e723f4db2f0,Ensemble,"{""model_name"": ""BestN"", ""model_count"": 5, ""model_metric"": ""bestn_horizontal"", ""models"": {""5bb9f16e5f9c93ddad63947a240ff284"": {""Model"": ""FBProphet"", ""ModelParameters"": ""{\""holiday\"": false, \""regression_type\"": null, \""growth\"": \""linear\"", \""seasonality_mode\"": \""additive\"", \""changepoint_prior_scale\"": 0.05, \""n_changepoints\"": 25, \""changepoint_range\"": 360, \""changepoint_spacing\"": null, \""changepoint_distance_end\"": null, \""seasonality_prior_scale\"": 10.0, \""yearly_seasonality_prior_scale\"": null, \""yearly_seasonality_order\"": null, \""weekly_seasonality_prior_scale\"": null, \""holidays_prior_scale\"": 10.0, \""trend_phi\"": null}"", ""TransformationParameters"": ""{\""fillna\"": \""rolling_mean\"", \""transformations\"": {\""0\"": \""StandardScaler\"", \""1\"": \""bkfilter\"", \""2\"": \""HPFilter\""}, \""transformation_params\"": {\""0\"": {}, \""1\"": {}, \""2\"": {\""part\"": \""trend\"", \""lamb\"": 6.25}}}""}, ""5c9aafe0ed22a0009a0c5786b4223a8f"": {""Model"": ""FBProphet"", ""ModelParameters"": ""{\""holiday\"": false, \""regression_type\"": null, \""growth\"": \""linear\"", \""seasonality_mode\"": \""additive\"", \""changepoint_prior_scale\"": 0.05, \""n_changepoints\"": 25, \""changepoint_range\"": 0.8, \""changepoint_spacing\"": null, \""changepoint_distance_end\"": null, \""seasonality_prior_scale\"": 10.0, \""yearly_seasonality_prior_scale\"": null, \""yearly_seasonality_order\"": null, \""weekly_seasonality_prior_scale\"": 0.0001, \""holidays_prior_scale\"": 10.0, \""trend_phi\"": null}"", ""TransformationParameters"": ""{\""fillna\"": \""mean\"", \""transformations\"": {\""0\"": \""StandardScaler\"", \""1\"": \""bkfilter\"", \""2\"": \""HPFilter\""}, \""transformation_params\"": {\""0\"": {}, \""1\"": {}, \""2\"": {\""part\"": \""trend\"", \""lamb\"": 6.25}}}""}, ""2f39eb773641165ab62d1d03bee46b54"": {""Model"": ""FBProphet"", ""ModelParameters"": ""{\""holiday\"": false, \""regression_type\"": null, \""growth\"": \""linear\"", \""seasonality_mode\"": \""additive\"", \""changepoint_prior_scale\"": 0.05, \""n_changepoints\"": 25, \""changepoint_range\"": 360, \""changepoint_spacing\"": null, \""changepoint_distance_end\"": null, \""seasonality_prior_scale\"": 10.0, \""yearly_seasonality_prior_scale\"": null, \""yearly_seasonality_order\"": null, \""weekly_seasonality_prior_scale\"": null, \""holidays_prior_scale\"": 20, \""trend_phi\"": null}"", ""TransformationParameters"": ""{\""fillna\"": \""rolling_mean\"", \""transformations\"": {\""0\"": \""StandardScaler\"", \""1\"": \""bkfilter\"", \""2\"": \""HPFilter\""}, \""transformation_params\"": {\""0\"": {}, \""1\"": {}, \""2\"": {\""part\"": \""trend\"", \""lamb\"": 6.25}}}""}, ""03692eafcc5a0b55c93fa7a44934e875"": {""Model"": ""FBProphet"", ""ModelParameters"": ""{\""holiday\"": false, \""regression_type\"": null, \""growth\"": \""linear\"", \""seasonality_mode\"": \""multiplicative\"", \""changepoint_prior_scale\"": 0.05, \""n_changepoints\"": 25, \""changepoint_range\"": 0.8, \""changepoint_spacing\"": null, \""changepoint_distance_end\"": null, \""seasonality_prior_scale\"": 10.0, \""yearly_seasonality_prior_scale\"": null, \""yearly_seasonality_order\"": null, \""weekly_seasonality_prior_scale\"": 0.0001, \""holidays_prior_scale\"": 0.1, \""trend_phi\"": null}"", ""TransformationParameters"": ""{\""fillna\"": \""rolling_mean\"", \""transformations\"": {\""0\"": \""StandardScaler\"", \""1\"": \""bkfilter\"", \""2\"": \""HPFilter\""}, \""transformation_params\"": {\""0\"": {}, \""1\"": {}, \""2\"": {\""part\"": \""trend\"", \""lamb\"": 6.25}}}""}, ""0c0137540bc924eddab1cf1337a173c4"": {""Model"": ""FBProphet"", ""ModelParameters"": ""{\""holiday\"": false, \""regression_type\"": null, \""growth\"": \""linear\"", \""seasonality_mode\"": \""additive\"", \""changepoint_prior_scale\"": 0.05, \""n_changepoints\"": 25, \""changepoint_range\"": 0.85, \""changepoint_spacing\"": null, \""changepoint_distance_end\"": null, \""seasonality_prior_scale\"": 10.0, \""yearly_seasonality_prior_scale\"": null, \""yearly_seasonality_order\"": null, \""weekly_seasonality_prior_scale\"": 0.0001, \""holidays_prior_scale\"": 0.1, \""trend_phi\"": null}"", ""TransformationParameters"": ""{\""fillna\"": \""rolling_mean\"", \""transformations\"": {\""0\"": \""StandardScaler\"", \""1\"": \""bkfilter\"", \""2\"": \""HPFilter\""}, \""transformation_params\"": {\""0\"": {}, \""1\"": {}, \""2\"": {\""part\"": \""trend\"", \""lamb\"": 6.25}}}""}}, ""point_method"": ""median"", ""model_weights"": {}}","{""fillna"": ""linear"", ""transformations"": {""0"": ""Constraint""}, ""transformation_params"": {""0"": {""constraint_method"": ""quantile"", ""constraint_direction"": ""lower"", ""constraint_regularization"": 0.7, ""constraint_value"": 0.5, ""bounds_only"": false, ""fillna"": ""linear""}}}",1,1,16.78102665107173,1.1475845420710986,1.3213826191973825,0.47475260502139077,1.1475845420710986,0.0,-2.0799475802911553,0.7178405735498352,135.63019746824068,1.1450595395705803,0.8515519152808103,0.1,0.5,3.1044786493420675,0.9833333333333333,1.4134811029707302,0.9560574567593614,5.205302784456804,1.8411106608809815,0.007150380475745539,133.55024988794955,48.032825671492176,30.347115038170905,0.17044975039706592,16.78102665107173,1.1475845420710986,1.3213826191973825,0.47475260502139077,1.1475845420710986,0.0,0.7178405735498352,1.1450595395705803,0.8515519152808103,3.1044786493420675,0.9833333333333333,1.4134811029707302,0.9560574567593614,5.205302784456804,1.8411106608809815,0.007150380475745539,133.55024988794955,48.032825671492176,30.347115038170905,0.17044975039706592,0.1,0.5,3.2116,32.83639909355704,16.30068413517389,Wh,16.30068413517389,Wh
127,d4a753d01a59e3301ebc4e41ac539c33,FBProphet,"{""holiday"": true, ""regression_type"": null, ""growth"": ""linear"", ""seasonality_mode"": ""multiplicative"", ""changepoint_prior_scale"": 0.001, ""n_changepoints"": 50, ""changepoint_range"": 0.85, ""changepoint_spacing"": null, ""changepoint_distance_end"": null, ""seasonality_prior_scale"": 10.0, ""yearly_seasonality_prior_scale"": null, ""yearly_seasonality_order"": null, ""weekly_seasonality_prior_scale"": null, ""holidays_prior_scale"": 10.0, ""trend_phi"": 0.999}","{""fillna"": ""ffill"", ""transformations"": {""0"": ""SeasonalDifference""}, ""transformation_params"": {""0"": {""lag_1"": 7, ""method"": ""LastValue""}}}",0,1,15.732438848852398,1.0766443931445033,1.3043540752538745,0.7559828387094185,1.0766443931445033,0.0,-20.094446605745492,0.7204076036350242,109.1028805715949,1.0250082091969377,0.9268091472148636,0.0,0.5333333333333333,3.390777029460372,0.7,1.6183872774612806,0.85699524838651,4.660161208380779,1.8556163111150796,0.6075623949351545,89.0084339658494,29.798917097183967,6.063290821409046,0.11360117532870076,15.732438848852398,1.0766443931445033,1.3043540752538745,0.7559828387094185,1.0766443931445033,0.0,0.7204076036350242,1.0250082091969377,0.9268091472148636,3.390777029460372,0.7,1.6183872774612806,0.85699524838651,4.660161208380779,1.8556163111150796,0.6075623949351545,89.0084339658494,29.798917097183967,6.063290821409046,0.11360117532870076,0.0,0.5333333333333333,0.8827,32.81139280317828,15.293025947248434,Wh,15.293025947248434,Wh
128,9fad61b57546043bb5964e73175c755c,ARIMA,"{""p"": 4, ""d"": 0, ""q"": 0, ""regression_type"": ""Holiday""}","{""fillna"": ""cubic"", ""transformations"": {""0"": ""bkfilter"", ""1"": ""AlignLastValue""}, ""transformation_params"": {""0"": {}, ""1"": {""rows"": 1, ""lag"": 1, ""method"": ""multiplicative"", ""strength"": 1.0, ""first_value_only"": false, ""threshold"": 1, ""threshold_method"": ""max"", ""mean_type"": ""arithmetic""}}}",0,1,14.52122535531674,0.9900056081967603,1.1636442382700865,0.4926456172718824,0.9900056081967603,0.0,-1.2556285022066742,0.6447510577836025,117.54504448140457,0.9882333603986055,1.0329267790882917,1.0,0.475,3.037133146620091,0.8083333333333333,1.4825267321968838,0.7992001908076852,3.7103264656917068,1.2197775304042209,0.06459334189394854,116.28941597919788,52.039386427344056,28.37560473971629,0.1484198041119755,14.52122535531674,0.9900056081967603,1.1636442382700865,0.4926456172718824,0.9900056081967603,0.0,0.6447510577836025,0.9882333603986055,1.0329267790882917,3.037133146620091,0.8083333333333333,1.4825267321968838,0.7992001908076852,3.7103264656917068,1.2197775304042209,0.06459334189394854,116.28941597919788,52.039386427344056,28.37560473971629,0.1484198041119755,1.0,0.475,0.2066,32.74959031949622,14.062378953049972,Wh,14.062378953049972,Wh
129,1c6cc9b6346bc8a18af31fea2d91f267,ARIMA,"{""p"": 1, ""d"": 1, ""q"": 5, ""regression_type"": ""Holiday""}","{""fillna"": ""quadratic"", ""transformations"": {""0"": ""G711Scaler"", ""1"": ""MinMaxScaler"", ""2"": ""AnomalyRemoval""}, ""transformation_params"": {""0"": {""mode"": ""a"", ""mu"": 100.0, ""A"": 87.6, ""center"": ""median"", ""scale_method"": ""std"", ""scale_factor"": 1.9442254002713342, ""min_scale"": 1e-06, ""clip"": true, ""zero_offset"": 0.0, ""fill_method"": ""ffill"", ""on_transform"": true, ""on_inverse"": true, ""bounds_only"": false}, ""1"": {}, ""2"": {""method"": ""rolling_zscore"", ""method_params"": {""distribution"": ""uniform"", ""alpha"": 0.05, ""rolling_periods"": 200, ""center"": true}, ""fillna"": ""rolling_mean_24"", ""transform_dict"": {""fillna"": ""ffill"", ""transformations"": {""0"": ""cffilter"", ""1"": ""ConvolutionFilter""}, ""transformation_params"": {""0"": {}, ""1"": {""weight"": [1.0, 0.5, 0.3333333333333333]}}}, ""isolated_only"": false, ""on_inverse"": false}}}",0,1,20.950819760816614,1.4777180757077906,1.6580920500502403,0.47706951464145236,1.4777180757077906,0.0,-0.5608885510602697,0.8553129979310445,176.76528053387457,1.4771441762386,0.4653360726995933,0.9166666666666666,0.5333333333333333,3.510147436244033,0.9833333333333333,1.510822555321372,1.275711534759142,6.825434643837809,3.048642061308207,0.03510924129274836,176.20439198281431,63.27584764130841,29.956441604762595,0.22488909348755534,20.950819760816614,1.4777180757077906,1.6580920500502403,0.47706951464145236,1.4777180757077906,0.0,0.8553129979310445,1.4771441762386,0.4653360726995933,3.510147436244033,0.9833333333333333,1.510822555321372,1.275711534759142,6.825434643837809,3.048642061308207,0.03510924129274836,176.20439198281431,63.27584764130841,29.956441604762595,0.22488909348755534,0.9166666666666666,0.5333333333333333,0.639,32.653016561400015,20.99001399014776,Wh,20.99001399014776,Wh
130,357e548a4da20ea99321bed99ba39559,Ensemble,"{""model_name"": ""BestN"", ""model_count"": 3, ""model_metric"": ""best_score"", ""models"": {""5bb9f16e5f9c93ddad63947a240ff284"": {""Model"": ""FBProphet"", ""ModelParameters"": ""{\""holiday\"": false, \""regression_type\"": null, \""growth\"": \""linear\"", \""seasonality_mode\"": \""additive\"", \""changepoint_prior_scale\"": 0.05, \""n_changepoints\"": 25, \""changepoint_range\"": 360, \""changepoint_spacing\"": null, \""changepoint_distance_end\"": null, \""seasonality_prior_scale\"": 10.0, \""yearly_seasonality_prior_scale\"": null, \""yearly_seasonality_order\"": null, \""weekly_seasonality_prior_scale\"": null, \""holidays_prior_scale\"": 10.0, \""trend_phi\"": null}"", ""TransformationParameters"": ""{\""fillna\"": \""rolling_mean\"", \""transformations\"": {\""0\"": \""StandardScaler\"", \""1\"": \""bkfilter\"", \""2\"": \""HPFilter\""}, \""transformation_params\"": {\""0\"": {}, \""1\"": {}, \""2\"": {\""part\"": \""trend\"", \""lamb\"": 6.25}}}""}, ""5c9aafe0ed22a0009a0c5786b4223a8f"": {""Model"": ""FBProphet"", ""ModelParameters"": ""{\""holiday\"": false, \""regression_type\"": null, \""growth\"": \""linear\"", \""seasonality_mode\"": \""additive\"", \""changepoint_prior_scale\"": 0.05, \""n_changepoints\"": 25, \""changepoint_range\"": 0.8, \""changepoint_spacing\"": null, \""changepoint_distance_end\"": null, \""seasonality_prior_scale\"": 10.0, \""yearly_seasonality_prior_scale\"": null, \""yearly_seasonality_order\"": null, \""weekly_seasonality_prior_scale\"": 0.0001, \""holidays_prior_scale\"": 10.0, \""trend_phi\"": null}"", ""TransformationParameters"": ""{\""fillna\"": \""mean\"", \""transformations\"": {\""0\"": \""StandardScaler\"", \""1\"": \""bkfilter\"", \""2\"": \""HPFilter\""}, \""transformation_params\"": {\""0\"": {}, \""1\"": {}, \""2\"": {\""part\"": \""trend\"", \""lamb\"": 6.25}}}""}, ""2f39eb773641165ab62d1d03bee46b54"": {""Model"": ""FBProphet"", ""ModelParameters"": ""{\""holiday\"": false, \""regression_type\"": null, \""growth\"": \""linear\"", \""seasonality_mode\"": \""additive\"", \""changepoint_prior_scale\"": 0.05, \""n_changepoints\"": 25, \""changepoint_range\"": 360, \""changepoint_spacing\"": null, \""changepoint_distance_end\"": null, \""seasonality_prior_scale\"": 10.0, \""yearly_seasonality_prior_scale\"": null, \""yearly_seasonality_order\"": null, \""weekly_seasonality_prior_scale\"": null, \""holidays_prior_scale\"": 20, \""trend_phi\"": null}"", ""TransformationParameters"": ""{\""fillna\"": \""rolling_mean\"", \""transformations\"": {\""0\"": \""StandardScaler\"", \""1\"": \""bkfilter\"", \""2\"": \""HPFilter\""}, \""transformation_params\"": {\""0\"": {}, \""1\"": {}, \""2\"": {\""part\"": \""trend\"", \""lamb\"": 6.25}}}""}}, ""model_weights"": {}, ""point_method"": ""mean""}","{""fillna"": ""linear"", ""transformations"": {""0"": ""Constraint""}, ""transformation_params"": {""0"": {""constraint_method"": ""quantile"", ""constraint_direction"": ""lower"", ""constraint_regularization"": 0.7, ""constraint_value"": 0.5, ""bounds_only"": false, ""fillna"": ""linear""}}}",1,1,16.678164186986518,1.1396889943701445,1.313865550860977,0.4751333384293013,1.1396889943701445,0.0,-2.1318308108306043,0.7141495836714504,134.63084851358673,1.1370551925411612,0.8475115502732185,0.1,0.48333333333333334,3.0946059002671245,0.9833333333333333,1.411083868076676,0.9484212820375174,5.1687860785364705,1.8215246635944502,0.012974589022381773,132.49901770275613,47.627313946423534,29.862617264261367,0.16910806617164578,16.678164186986518,1.1396889943701445,1.313865550860977,0.4751333384293013,1.1396889943701445,0.0,0.7141495836714504,1.1370551925411612,0.8475115502732185,3.0946059002671245,0.9833333333333333,1.411083868076676,0.9484212820375174,5.1687860785364705,1.8215246635944502,0.012974589022381773,132.49901770275613,47.627313946423534,29.862617264261367,0.16910806617164578,0.1,0.48333333333333334,1.9193,32.65083016398583,16.188533069671408,Wh,16.188533069671408,Wh
131,ef54cd4b9441e58c1bc55b54a794a3c6,Ensemble,"{""model_name"": ""BestN"", ""model_count"": 5, ""model_metric"": ""best_score_unique"", ""models"": {""5bb9f16e5f9c93ddad63947a240ff284"": {""Model"": ""FBProphet"", ""ModelParameters"": ""{\""holiday\"": false, \""regression_type\"": null, \""growth\"": \""linear\"", \""seasonality_mode\"": \""additive\"", \""changepoint_prior_scale\"": 0.05, \""n_changepoints\"": 25, \""changepoint_range\"": 360, \""changepoint_spacing\"": null, \""changepoint_distance_end\"": null, \""seasonality_prior_scale\"": 10.0, \""yearly_seasonality_prior_scale\"": null, \""yearly_seasonality_order\"": null, \""weekly_seasonality_prior_scale\"": null, \""holidays_prior_scale\"": 10.0, \""trend_phi\"": null}"", ""TransformationParameters"": ""{\""fillna\"": \""rolling_mean\"", \""transformations\"": {\""0\"": \""StandardScaler\"", \""1\"": \""bkfilter\"", \""2\"": \""HPFilter\""}, \""transformation_params\"": {\""0\"": {}, \""1\"": {}, \""2\"": {\""part\"": \""trend\"", \""lamb\"": 6.25}}}""}, ""290072eada53189c757f67ac7b1cfea9"": {""Model"": ""ARIMA"", ""ModelParameters"": ""{\""p\"": 0, \""d\"": 0, \""q\"": 2, \""regression_type\"": \""Holiday\""}"", ""TransformationParameters"": ""{\""fillna\"": \""mean\"", \""transformations\"": {\""0\"": \""AnomalyRemoval\"", \""1\"": \""ChangepointDetrend\"", \""2\"": \""ClipOutliers\""}, \""transformation_params\"": {\""0\"": {\""method\"": \""zscore\"", \""method_params\"": {\""distribution\"": \""chi2\"", \""alpha\"": 0.05}, \""fillna\"": \""ffill\"", \""transform_dict\"": null, \""isolated_only\"": false, \""on_inverse\"": false}, \""1\"": {\""model\"": \""ElasticNet\"", \""changepoint_spacing\"": 90, \""changepoint_distance_end\"": 180, \""datepart_method\"": null}, \""2\"": {\""method\"": \""clip\"", \""std_threshold\"": 2, \""fillna\"": null}}}""}, ""7f1b9001e4365205912d8167e1108b4a"": {""Model"": ""DatepartRegression"", ""ModelParameters"": ""{\""regression_model\"": {\""model\"": \""ElasticNet\"", \""model_params\"": {\""l1_ratio\"": 0.5, \""fit_intercept\"": true, \""selection\"": \""cyclic\"", \""max_iter\"": 1000}}, \""datepart_method\"": \""simple_2\"", \""polynomial_degree\"": null, \""holiday_countries_used\"": false, \""lags\"": null, \""forward_lags\"": null, \""regression_type\"": null}"", ""TransformationParameters"": ""{\""fillna\"": \""ffill_mean_biased\"", \""transformations\"": {\""0\"": \""AlignLastValue\"", \""1\"": \""bkfilter\"", \""2\"": \""CointegrationTransformer\""}, \""transformation_params\"": {\""0\"": {\""rows\"": 7, \""lag\"": 2, \""method\"": \""additive\"", \""strength\"": 1.0, \""first_value_only\"": true, \""threshold\"": null, \""threshold_method\"": \""max\"", \""mean_type\"": \""arithmetic\""}, \""1\"": {}, \""2\"": {\""n_components\"": 5, \""max_components\"": 20, \""shrinkage\"": 0.01, \""method\"": \""cca\"", \""min_periods\"": 30}}}""}, ""391cc75f9a7d750778405fc3cfcecb92"": {""Model"": ""RollingRegression"", ""ModelParameters"": ""{\""regression_model\"": {\""model\"": \""DecisionTree\"", \""model_params\"": {\""max_depth\"": null, \""min_samples_split\"": 0.05}}, \""holiday\"": false, \""mean_rolling_periods\"": null, \""macd_periods\"": null, \""std_rolling_periods\"": null, \""max_rolling_periods\"": 420, \""min_rolling_periods\"": 168, \""ewm_var_alpha\"": null, \""quantile90_rolling_periods\"": null, \""quantile10_rolling_periods\"": null, \""ewm_alpha\"": null, \""additional_lag_periods\"": 6, \""abs_energy\"": false, \""rolling_autocorr_periods\"": null, \""nonzero_last_n\"": null, \""add_date_part\"": \""expanded\"", \""polynomial_degree\"": null, \""x_transform\"": null, \""regression_type\"": null}"", ""TransformationParameters"": ""{\""fillna\"": \""mean\"", \""transformations\"": {\""0\"": \""STLFilter\"", \""1\"": \""RobustScaler\"", \""2\"": \""MaxAbsScaler\"", \""3\"": \""SeasonalDifference\"", \""4\"": \""AlignLastValue\""}, \""transformation_params\"": {\""0\"": {\""decomp_type\"": \""seasonal_decompose\"", \""part\"": \""trend\""}, \""1\"": {}, \""2\"": {}, \""3\"": {\""lag_1\"": 7, \""method\"": \""LastValue\""}, \""4\"": {\""rows\"": 1, \""lag\"": 2, \""method\"": \""additive\"", \""strength\"": 0.7, \""first_value_only\"": false, \""threshold\"": null, \""threshold_method\"": \""mean\"", \""mean_type\"": \""arithmetic\""}}}""}}, ""point_method"": ""midhinge"", ""model_weights"": {}}","{""fillna"": ""quadratic"", ""transformations"": {""0"": ""AlignLastValue"", ""1"": ""ChangepointDetrend""}, ""transformation_params"": {""0"": {""rows"": 1, ""lag"": 1, ""method"": ""multiplicative"", ""strength"": 1.0, ""first_value_only"": false, ""threshold"": null, ""threshold_method"": ""mean""}, ""1"": {""model"": ""Linear"", ""changepoint_spacing"": 180, ""changepoint_distance_end"": 360, ""datepart_method"": null}}}",1,1,18.141293474201312,1.2555493912775295,1.4116206766469448,0.4746634794139024,1.2555493912775295,0.0,-0.6906437232219789,0.7711214069910368,149.97528323008157,1.2547371723427183,0.70686354931397,0.2,0.475,3.1767093029386775,0.8166666666666667,1.5266110218812003,1.067719523018455,5.393211208100126,1.9723651930439254,0.02074956895733198,149.2846395068596,58.435587707471555,29.919707632745066,0.19053150079022185,18.141293474201312,1.2555493912775295,1.4116206766469448,0.4746634794139024,1.2555493912775295,0.0,0.7711214069910368,1.2547371723427183,0.70686354931397,3.1767093029386775,0.8166666666666667,1.5266110218812003,1.067719523018455,5.393211208100126,1.9723651930439254,0.02074956895733198,149.2846395068596,58.435587707471555,29.919707632745066,0.19053150079022185,0.2,0.475,3.4594,32.46838692898792,17.83425385496075,Wh,17.83425385496075,Wh
132,2c4f447ed8f76f167e82aa89ba784e93,ARIMA,"{""p"": 0, ""d"": 2, ""q"": 0, ""regression_type"": null}","{""fillna"": ""ffill"", ""transformations"": {""0"": ""RollingMeanTransformer"", ""1"": ""AlignLastValue""}, ""transformation_params"": {""0"": {""fixed"": true, ""window"": 90, ""macro_micro"": false, ""center"": true, ""mean_type"": ""arithmetic""}, ""1"": {""rows"": 1, ""lag"": 1, ""method"": ""additive"", ""strength"": 1.0, ""first_value_only"": false, ""threshold"": 10, ""threshold_method"": ""mean"", ""mean_type"": ""arithmetic""}}}",0,1,8.14170843465948,0.5289087970096997,0.6867343649621023,0.4756971404038537,0.5289087970096997,0.0,-16.06115151760595,0.41536214254787596,47.40790412355801,0.5038460137835212,1.5662006622721318,0.9333333333333333,0.5083333333333333,2.3371520099276974,0.9833333333333333,1.212813798295362,0.38224602087690945,1.9282799375915736,0.5774723541806259,0.0028731623691369878,31.34675260595207,15.990230200183394,29.710470709276738,0.04000775859218529,8.14170843465948,0.5289087970096997,0.6867343649621023,0.4756971404038537,0.5289087970096997,0.0,0.41536214254787596,0.5038460137835212,1.5662006622721318,2.3371520099276974,0.9833333333333333,1.212813798295362,0.38224602087690945,1.9282799375915736,0.5774723541806259,0.0028731623691369878,31.34675260595207,15.990230200183394,29.710470709276738,0.04000775859218529,0.9333333333333333,0.5083333333333333,0.0474,32.46424145446057,7.512801820082175,Wh,7.512801820082175,Wh
133,6a95b6c211abef30deea471602199457,Ensemble,"{""model_name"": ""BestN"", ""model_count"": 3, ""model_metric"": ""horizontal"", ""models"": {""391cc75f9a7d750778405fc3cfcecb92"": {""Model"": ""RollingRegression"", ""ModelParameters"": ""{\""regression_model\"": {\""model\"": \""DecisionTree\"", \""model_params\"": {\""max_depth\"": null, \""min_samples_split\"": 0.05}}, \""holiday\"": false, \""mean_rolling_periods\"": null, \""macd_periods\"": null, \""std_rolling_periods\"": null, \""max_rolling_periods\"": 420, \""min_rolling_periods\"": 168, \""ewm_var_alpha\"": null, \""quantile90_rolling_periods\"": null, \""quantile10_rolling_periods\"": null, \""ewm_alpha\"": null, \""additional_lag_periods\"": 6, \""abs_energy\"": false, \""rolling_autocorr_periods\"": null, \""nonzero_last_n\"": null, \""add_date_part\"": \""expanded\"", \""polynomial_degree\"": null, \""x_transform\"": null, \""regression_type\"": null}"", ""TransformationParameters"": ""{\""fillna\"": \""mean\"", \""transformations\"": {\""0\"": \""STLFilter\"", \""1\"": \""RobustScaler\"", \""2\"": \""MaxAbsScaler\"", \""3\"": \""SeasonalDifference\"", \""4\"": \""AlignLastValue\""}, \""transformation_params\"": {\""0\"": {\""decomp_type\"": \""seasonal_decompose\"", \""part\"": \""trend\""}, \""1\"": {}, \""2\"": {}, \""3\"": {\""lag_1\"": 7, \""method\"": \""LastValue\""}, \""4\"": {\""rows\"": 1, \""lag\"": 2, \""method\"": \""additive\"", \""strength\"": 0.7, \""first_value_only\"": false, \""threshold\"": null, \""threshold_method\"": \""mean\"", \""mean_type\"": \""arithmetic\""}}}""}, ""290072eada53189c757f67ac7b1cfea9"": {""Model"": ""ARIMA"", ""ModelParameters"": ""{\""p\"": 0, \""d\"": 0, \""q\"": 2, \""regression_type\"": \""Holiday\""}"", ""TransformationParameters"": ""{\""fillna\"": \""mean\"", \""transformations\"": {\""0\"": \""AnomalyRemoval\"", \""1\"": \""ChangepointDetrend\"", \""2\"": \""ClipOutliers\""}, \""transformation_params\"": {\""0\"": {\""method\"": \""zscore\"", \""method_params\"": {\""distribution\"": \""chi2\"", \""alpha\"": 0.05}, \""fillna\"": \""ffill\"", \""transform_dict\"": null, \""isolated_only\"": false, \""on_inverse\"": false}, \""1\"": {\""model\"": \""ElasticNet\"", \""changepoint_spacing\"": 90, \""changepoint_distance_end\"": 180, \""datepart_method\"": null}, \""2\"": {\""method\"": \""clip\"", \""std_threshold\"": 2, \""fillna\"": null}}}""}, ""5bb9f16e5f9c93ddad63947a240ff284"": {""Model"": ""FBProphet"", ""ModelParameters"": ""{\""holiday\"": false, \""regression_type\"": null, \""growth\"": \""linear\"", \""seasonality_mode\"": \""additive\"", \""changepoint_prior_scale\"": 0.05, \""n_changepoints\"": 25, \""changepoint_range\"": 360, \""changepoint_spacing\"": null, \""changepoint_distance_end\"": null, \""seasonality_prior_scale\"": 10.0, \""yearly_seasonality_prior_scale\"": null, \""yearly_seasonality_order\"": null, \""weekly_seasonality_prior_scale\"": null, \""holidays_prior_scale\"": 10.0, \""trend_phi\"": null}"", ""TransformationParameters"": ""{\""fillna\"": \""rolling_mean\"", \""transformations\"": {\""0\"": \""StandardScaler\"", \""1\"": \""bkfilter\"", \""2\"": \""HPFilter\""}, \""transformation_params\"": {\""0\"": {}, \""1\"": {}, \""2\"": {\""part\"": \""trend\"", \""lamb\"": 6.25}}}""}}, ""model_weights"": {}, ""point_method"": ""mean""}","{""fillna"": ""linear"", ""transformations"": {""0"": ""Constraint""}, ""transformation_params"": {""0"": {""constraint_method"": ""quantile"", ""constraint_direction"": ""lower"", ""constraint_regularization"": 0.7, ""constraint_value"": 0.5, ""bounds_only"": false, ""fillna"": ""linear""}}}",1,1,16.829180390613676,1.1510259350788474,1.3288837802744382,0.4752066966858789,1.1510259350788474,0.0,-2.480856281790164,0.7185467273225556,135.6422559276715,1.1478982791511185,0.8149966636049085,0.15,0.4583333333333333,3.1072748942344095,0.9833333333333333,1.4145639002045132,0.9584462989519877,5.297143838244716,1.9245521586249983,0.0199073510791196,133.16139964588135,46.71114082544535,29.97614808429897,0.16995346209541187,16.829180390613676,1.1510259350788474,1.3288837802744382,0.4752066966858789,1.1510259350788474,0.0,0.7185467273225556,1.1478982791511185,0.8149966636049085,3.1072748942344095,0.9833333333333333,1.4145639002045132,0.9584462989519877,5.297143838244716,1.9245521586249983,0.0199073510791196,133.16139964588135,46.71114082544535,29.97614808429897,0.16995346209541187,0.15,0.4583333333333333,2.0697,32.38116283828706,16.34956686088843,Wh,16.34956686088843,Wh
134,945574f27f09c671b858d9a52b6dd775,Ensemble,"{""model_name"": ""BestN"", ""model_count"": 5, ""model_metric"": ""best_score_unique"", ""models"": {""5bb9f16e5f9c93ddad63947a240ff284"": {""Model"": ""FBProphet"", ""ModelParameters"": ""{\""holiday\"": false, \""regression_type\"": null, \""growth\"": \""linear\"", \""seasonality_mode\"": \""additive\"", \""changepoint_prior_scale\"": 0.05, \""n_changepoints\"": 25, \""changepoint_range\"": 360, \""changepoint_spacing\"": null, \""changepoint_distance_end\"": null, \""seasonality_prior_scale\"": 10.0, \""yearly_seasonality_prior_scale\"": null, \""yearly_seasonality_order\"": null, \""weekly_seasonality_prior_scale\"": null, \""holidays_prior_scale\"": 10.0, \""trend_phi\"": null}"", ""TransformationParameters"": ""{\""fillna\"": \""rolling_mean\"", \""transformations\"": {\""0\"": \""StandardScaler\"", \""1\"": \""bkfilter\"", \""2\"": \""HPFilter\""}, \""transformation_params\"": {\""0\"": {}, \""1\"": {}, \""2\"": {\""part\"": \""trend\"", \""lamb\"": 6.25}}}""}, ""290072eada53189c757f67ac7b1cfea9"": {""Model"": ""ARIMA"", ""ModelParameters"": ""{\""p\"": 0, \""d\"": 0, \""q\"": 2, \""regression_type\"": \""Holiday\""}"", ""TransformationParameters"": ""{\""fillna\"": \""mean\"", \""transformations\"": {\""0\"": \""AnomalyRemoval\"", \""1\"": \""ChangepointDetrend\"", \""2\"": \""ClipOutliers\""}, \""transformation_params\"": {\""0\"": {\""method\"": \""zscore\"", \""method_params\"": {\""distribution\"": \""chi2\"", \""alpha\"": 0.05}, \""fillna\"": \""ffill\"", \""transform_dict\"": null, \""isolated_only\"": false, \""on_inverse\"": false}, \""1\"": {\""model\"": \""ElasticNet\"", \""changepoint_spacing\"": 90, \""changepoint_distance_end\"": 180, \""datepart_method\"": null}, \""2\"": {\""method\"": \""clip\"", \""std_threshold\"": 2, \""fillna\"": null}}}""}, ""7f1b9001e4365205912d8167e1108b4a"": {""Model"": ""DatepartRegression"", ""ModelParameters"": ""{\""regression_model\"": {\""model\"": \""ElasticNet\"", \""model_params\"": {\""l1_ratio\"": 0.5, \""fit_intercept\"": true, \""selection\"": \""cyclic\"", \""max_iter\"": 1000}}, \""datepart_method\"": \""simple_2\"", \""polynomial_degree\"": null, \""holiday_countries_used\"": false, \""lags\"": null, \""forward_lags\"": null, \""regression_type\"": null}"", ""TransformationParameters"": ""{\""fillna\"": \""ffill_mean_biased\"", \""transformations\"": {\""0\"": \""AlignLastValue\"", \""1\"": \""bkfilter\"", \""2\"": \""CointegrationTransformer\""}, \""transformation_params\"": {\""0\"": {\""rows\"": 7, \""lag\"": 2, \""method\"": \""additive\"", \""strength\"": 1.0, \""first_value_only\"": true, \""threshold\"": null, \""threshold_method\"": \""max\"", \""mean_type\"": \""arithmetic\""}, \""1\"": {}, \""2\"": {\""n_components\"": 5, \""max_components\"": 20, \""shrinkage\"": 0.01, \""method\"": \""cca\"", \""min_periods\"": 30}}}""}, ""391cc75f9a7d750778405fc3cfcecb92"": {""Model"": ""RollingRegression"", ""ModelParameters"": ""{\""regression_model\"": {\""model\"": \""DecisionTree\"", \""model_params\"": {\""max_depth\"": null, \""min_samples_split\"": 0.05}}, \""holiday\"": false, \""mean_rolling_periods\"": null, \""macd_periods\"": null, \""std_rolling_periods\"": null, \""max_rolling_periods\"": 420, \""min_rolling_periods\"": 168, \""ewm_var_alpha\"": null, \""quantile90_rolling_periods\"": null, \""quantile10_rolling_periods\"": null, \""ewm_alpha\"": null, \""additional_lag_periods\"": 6, \""abs_energy\"": false, \""rolling_autocorr_periods\"": null, \""nonzero_last_n\"": null, \""add_date_part\"": \""expanded\"", \""polynomial_degree\"": null, \""x_transform\"": null, \""regression_type\"": null}"", ""TransformationParameters"": ""{\""fillna\"": \""mean\"", \""transformations\"": {\""0\"": \""STLFilter\"", \""1\"": \""RobustScaler\"", \""2\"": \""MaxAbsScaler\"", \""3\"": \""SeasonalDifference\"", \""4\"": \""AlignLastValue\""}, \""transformation_params\"": {\""0\"": {\""decomp_type\"": \""seasonal_decompose\"", \""part\"": \""trend\""}, \""1\"": {}, \""2\"": {}, \""3\"": {\""lag_1\"": 7, \""method\"": \""LastValue\""}, \""4\"": {\""rows\"": 1, \""lag\"": 2, \""method\"": \""additive\"", \""strength\"": 0.7, \""first_value_only\"": false, \""threshold\"": null, \""threshold_method\"": \""mean\"", \""mean_type\"": \""arithmetic\""}}}""}}, ""point_method"": ""midhinge"", ""model_weights"": {}}","{""fillna"": ""linear"", ""transformations"": {""0"": ""Constraint""}, ""transformation_params"": {""0"": {""constraint_method"": ""quantile"", ""constraint_direction"": ""lower"", ""constraint_regularization"": 0.7, ""constraint_value"": 0.5, ""bounds_only"": false, ""fillna"": ""linear""}}}",1,1,16.985055305599207,1.1631419770296714,1.3390793821073639,0.4760389022455203,1.1631419770296714,0.0,-2.2619077741643316,0.7244989978210765,137.31512946939625,1.1603348798068598,0.7996869243560907,0.16666666666666666,0.4583333333333333,3.117301316211737,0.9833333333333333,1.4182148134056234,0.9705187507676736,5.321275796155041,1.9625061691392591,0.014033982843223713,135.0532216952319,47.91885954380307,30.05232292753451,0.17236798843570714,16.985055305599207,1.1631419770296714,1.3390793821073639,0.4760389022455203,1.1631419770296714,0.0,0.7244989978210765,1.1603348798068598,0.7996869243560907,3.117301316211737,0.9833333333333333,1.4182148134056234,0.9705187507676736,5.321275796155041,1.9625061691392591,0.014033982843223713,135.0532216952319,47.91885954380307,30.05232292753451,0.17236798843570714,0.16666666666666666,0.4583333333333333,3.1572,32.35566330846434,16.521667273161725,Wh,16.521667273161725,Wh
135,13e96ec15e312a49d171d315de40695a,Ensemble,"{""model_name"": ""BestN"", ""model_count"": 3, ""model_metric"": ""bestn_horizontal"", ""models"": {""5bb9f16e5f9c93ddad63947a240ff284"": {""Model"": ""FBProphet"", ""ModelParameters"": ""{\""holiday\"": false, \""regression_type\"": null, \""growth\"": \""linear\"", \""seasonality_mode\"": \""additive\"", \""changepoint_prior_scale\"": 0.05, \""n_changepoints\"": 25, \""changepoint_range\"": 360, \""changepoint_spacing\"": null, \""changepoint_distance_end\"": null, \""seasonality_prior_scale\"": 10.0, \""yearly_seasonality_prior_scale\"": null, \""yearly_seasonality_order\"": null, \""weekly_seasonality_prior_scale\"": null, \""holidays_prior_scale\"": 10.0, \""trend_phi\"": null}"", ""TransformationParameters"": ""{\""fillna\"": \""rolling_mean\"", \""transformations\"": {\""0\"": \""StandardScaler\"", \""1\"": \""bkfilter\"", \""2\"": \""HPFilter\""}, \""transformation_params\"": {\""0\"": {}, \""1\"": {}, \""2\"": {\""part\"": \""trend\"", \""lamb\"": 6.25}}}""}, ""290072eada53189c757f67ac7b1cfea9"": {""Model"": ""ARIMA"", ""ModelParameters"": ""{\""p\"": 0, \""d\"": 0, \""q\"": 2, \""regression_type\"": \""Holiday\""}"", ""TransformationParameters"": ""{\""fillna\"": \""mean\"", \""transformations\"": {\""0\"": \""AnomalyRemoval\"", \""1\"": \""ChangepointDetrend\"", \""2\"": \""ClipOutliers\""}, \""transformation_params\"": {\""0\"": {\""method\"": \""zscore\"", \""method_params\"": {\""distribution\"": \""chi2\"", \""alpha\"": 0.05}, \""fillna\"": \""ffill\"", \""transform_dict\"": null, \""isolated_only\"": false, \""on_inverse\"": false}, \""1\"": {\""model\"": \""ElasticNet\"", \""changepoint_spacing\"": 90, \""changepoint_distance_end\"": 180, \""datepart_method\"": null}, \""2\"": {\""method\"": \""clip\"", \""std_threshold\"": 2, \""fillna\"": null}}}""}, ""391cc75f9a7d750778405fc3cfcecb92"": {""Model"": ""RollingRegression"", ""ModelParameters"": ""{\""regression_model\"": {\""model\"": \""DecisionTree\"", \""model_params\"": {\""max_depth\"": null, \""min_samples_split\"": 0.05}}, \""holiday\"": false, \""mean_rolling_periods\"": null, \""macd_periods\"": null, \""std_rolling_periods\"": null, \""max_rolling_periods\"": 420, \""min_rolling_periods\"": 168, \""ewm_var_alpha\"": null, \""quantile90_rolling_periods\"": null, \""quantile10_rolling_periods\"": null, \""ewm_alpha\"": null, \""additional_lag_periods\"": 6, \""abs_energy\"": false, \""rolling_autocorr_periods\"": null, \""nonzero_last_n\"": null, \""add_date_part\"": \""expanded\"", \""polynomial_degree\"": null, \""x_transform\"": null, \""regression_type\"": null}"", ""TransformationParameters"": ""{\""fillna\"": \""mean\"", \""transformations\"": {\""0\"": \""STLFilter\"", \""1\"": \""RobustScaler\"", \""2\"": \""MaxAbsScaler\"", \""3\"": \""SeasonalDifference\"", \""4\"": \""AlignLastValue\""}, \""transformation_params\"": {\""0\"": {\""decomp_type\"": \""seasonal_decompose\"", \""part\"": \""trend\""}, \""1\"": {}, \""2\"": {}, \""3\"": {\""lag_1\"": 7, \""method\"": \""LastValue\""}, \""4\"": {\""rows\"": 1, \""lag\"": 2, \""method\"": \""additive\"", \""strength\"": 0.7, \""first_value_only\"": false, \""threshold\"": null, \""threshold_method\"": \""mean\"", \""mean_type\"": \""arithmetic\""}}}""}}, ""model_weights"": {""5bb9f16e5f9c93ddad63947a240ff284"": 4.0, ""290072eada53189c757f67ac7b1cfea9"": 3.0, ""391cc75f9a7d750778405fc3cfcecb92"": 2.0}, ""point_method"": ""mean""}","{""fillna"": ""linear"", ""transformations"": {""0"": ""Constraint""}, ""transformation_params"": {""0"": {""constraint_method"": ""quantile"", ""constraint_direction"": ""lower"", ""constraint_regularization"": 0.7, ""constraint_value"": 0.5, ""bounds_only"": false, ""fillna"": ""linear""}}}",1,1,16.808189955460872,1.1494791137247133,1.326101207638519,0.47503918984219273,1.1494791137247133,0.0,-2.341312207445883,0.7180490951652337,135.59618143951974,1.146559536144025,0.8125860727508153,0.15,0.4666666666666667,3.1063996120247577,0.9833333333333333,1.4140807480429662,0.9574117974579918,5.2661077209080895,1.8947807982943874,0.018941370364998513,133.25486923207384,47.12945249568314,29.96613615866263,0.17007275702484553,16.808189955460872,1.1494791137247133,1.326101207638519,0.47503918984219273,1.1494791137247133,0.0,0.7180490951652337,1.146559536144025,0.8125860727508153,3.1063996120247577,0.9833333333333333,1.4140807480429662,0.9574117974579918,5.2661077209080895,1.8947807982943874,0.018941370364998513,133.25486923207384,47.12945249568314,29.96613615866263,0.17007275702484553,0.15,0.4666666666666667,3.3921,32.31843316235243,16.327595280248474,Wh,16.327595280248474,Wh
136,35a7d935321870a704138ab696b99436,RollingRegression,"{""regression_model"": {""model"": ""DecisionTree"", ""model_params"": {""max_depth"": null, ""min_samples_split"": 0.05}}, ""holiday"": false, ""mean_rolling_periods"": null, ""macd_periods"": null, ""std_rolling_periods"": null, ""max_rolling_periods"": null, ""min_rolling_periods"": 168, ""ewm_var_alpha"": null, ""quantile90_rolling_periods"": null, ""quantile10_rolling_periods"": null, ""ewm_alpha"": null, ""additional_lag_periods"": 6, ""abs_energy"": false, ""rolling_autocorr_periods"": null, ""nonzero_last_n"": null, ""add_date_part"": ""expanded"", ""polynomial_degree"": null, ""x_transform"": null, ""regression_type"": null}","{""fillna"": ""mean"", ""transformations"": {""0"": ""RobustScaler"", ""1"": ""Detrend"", ""2"": ""MaxAbsScaler"", ""3"": ""SeasonalDifference""}, ""transformation_params"": {""0"": {}, ""1"": {""model"": ""GLS"", ""phi"": 1, ""window"": null, ""transform_dict"": {""fillna"": null, ""transformations"": {""0"": ""ClipOutliers""}, ""transformation_params"": {""0"": {""method"": ""clip"", ""std_threshold"": 4}}}}, ""2"": {}, ""3"": {""lag_1"": 7, ""method"": ""LastValue""}}}",0,1,20.109465892188,1.2857632157292775,1.625012460521822,1.2153848028377405,1.2857632157292775,0.0,-64.08855059278262,0.9758827339643766,90.20303529473067,1.0489299647468462,0.5451757804755657,0.925,0.575,4.321367670386625,0.8583333333333333,1.6535802815162672,0.9725126508451857,5.099163070615227,2.6305487842890325,1.089597700007223,26.114484701948044,8.834301185314448,39.07599067916441,0.03332983205145377,20.109465892188,1.2857632157292775,1.625012460521822,1.2153848028377405,1.2857632157292775,0.0,0.9758827339643766,1.0489299647468462,0.5451757804755657,4.321367670386625,0.8583333333333333,1.6535802815162672,0.9725126508451857,5.099163070615227,2.6305487842890325,1.089597700007223,26.114484701948044,8.834301185314448,39.07599067916441,0.03332983205145377,0.925,0.575,3.4638,32.20119280786039,18.263421372340073,Wh,18.263421372340073,Wh
137,8e7fe16c8ab6e872b5d869480bf8e33a,Ensemble,"{""model_name"": ""BestN"", ""model_count"": 3, ""model_metric"": ""best_score_unique"", ""models"": {""5bb9f16e5f9c93ddad63947a240ff284"": {""Model"": ""FBProphet"", ""ModelParameters"": ""{\""holiday\"": false, \""regression_type\"": null, \""growth\"": \""linear\"", \""seasonality_mode\"": \""additive\"", \""changepoint_prior_scale\"": 0.05, \""n_changepoints\"": 25, \""changepoint_range\"": 360, \""changepoint_spacing\"": null, \""changepoint_distance_end\"": null, \""seasonality_prior_scale\"": 10.0, \""yearly_seasonality_prior_scale\"": null, \""yearly_seasonality_order\"": null, \""weekly_seasonality_prior_scale\"": null, \""holidays_prior_scale\"": 10.0, \""trend_phi\"": null}"", ""TransformationParameters"": ""{\""fillna\"": \""rolling_mean\"", \""transformations\"": {\""0\"": \""StandardScaler\"", \""1\"": \""bkfilter\"", \""2\"": \""HPFilter\""}, \""transformation_params\"": {\""0\"": {}, \""1\"": {}, \""2\"": {\""part\"": \""trend\"", \""lamb\"": 6.25}}}""}, ""290072eada53189c757f67ac7b1cfea9"": {""Model"": ""ARIMA"", ""ModelParameters"": ""{\""p\"": 0, \""d\"": 0, \""q\"": 2, \""regression_type\"": \""Holiday\""}"", ""TransformationParameters"": ""{\""fillna\"": \""mean\"", \""transformations\"": {\""0\"": \""AnomalyRemoval\"", \""1\"": \""ChangepointDetrend\"", \""2\"": \""ClipOutliers\""}, \""transformation_params\"": {\""0\"": {\""method\"": \""zscore\"", \""method_params\"": {\""distribution\"": \""chi2\"", \""alpha\"": 0.05}, \""fillna\"": \""ffill\"", \""transform_dict\"": null, \""isolated_only\"": false, \""on_inverse\"": false}, \""1\"": {\""model\"": \""ElasticNet\"", \""changepoint_spacing\"": 90, \""changepoint_distance_end\"": 180, \""datepart_method\"": null}, \""2\"": {\""method\"": \""clip\"", \""std_threshold\"": 2, \""fillna\"": null}}}""}, ""7f1b9001e4365205912d8167e1108b4a"": {""Model"": ""DatepartRegression"", ""ModelParameters"": ""{\""regression_model\"": {\""model\"": \""ElasticNet\"", \""model_params\"": {\""l1_ratio\"": 0.5, \""fit_intercept\"": true, \""selection\"": \""cyclic\"", \""max_iter\"": 1000}}, \""datepart_method\"": \""simple_2\"", \""polynomial_degree\"": null, \""holiday_countries_used\"": false, \""lags\"": null, \""forward_lags\"": null, \""regression_type\"": null}"", ""TransformationParameters"": ""{\""fillna\"": \""ffill_mean_biased\"", \""transformations\"": {\""0\"": \""AlignLastValue\"", \""1\"": \""bkfilter\"", \""2\"": \""CointegrationTransformer\""}, \""transformation_params\"": {\""0\"": {\""rows\"": 7, \""lag\"": 2, \""method\"": \""additive\"", \""strength\"": 1.0, \""first_value_only\"": true, \""threshold\"": null, \""threshold_method\"": \""max\"", \""mean_type\"": \""arithmetic\""}, \""1\"": {}, \""2\"": {\""n_components\"": 5, \""max_components\"": 20, \""shrinkage\"": 0.01, \""method\"": \""cca\"", \""min_periods\"": 30}}}""}}, ""model_weights"": {}, ""point_method"": ""mean""}","{""fillna"": ""linear"", ""transformations"": {""0"": ""Constraint""}, ""transformation_params"": {""0"": {""constraint_method"": ""quantile"", ""constraint_direction"": ""lower"", ""constraint_regularization"": 0.7, ""constraint_value"": 0.5, ""bounds_only"": false, ""fillna"": ""linear""}}}",1,1,16.968502014872676,1.1620082791252564,1.3360059684942944,0.47554759429601906,1.1620082791252564,0.0,-2.045011901650714,0.7242770960889275,137.39598159338004,1.159524179585392,0.7886571626095374,0.18333333333333332,0.475,3.125518806254309,0.9833333333333333,1.417856430062055,0.9704541097741423,5.279049304349771,1.9187670513131911,0.013986626653402012,135.35096969172935,48.61203037987132,30.03705245751047,0.17274800323707812,16.968502014872676,1.1620082791252564,1.3360059684942944,0.47554759429601906,1.1620082791252564,0.0,0.7242770960889275,1.159524179585392,0.7886571626095374,3.125518806254309,0.9833333333333333,1.417856430062055,0.9704541097741423,5.279049304349771,1.9187670513131911,0.013986626653402012,135.35096969172935,48.61203037987132,30.03705245751047,0.17274800323707812,0.18333333333333332,0.475,0.8973,32.17434331321283,16.50556383958704,Wh,16.50556383958704,Wh
138,6868582f6de21d407a58e492b4ab4962,RollingRegression,"{""regression_model"": {""model"": ""ExtraTrees"", ""model_params"": {""n_estimators"": 100, ""min_samples_leaf"": 1, ""max_depth"": 10}}, ""holiday"": true, ""mean_rolling_periods"": 7, ""macd_periods"": null, ""std_rolling_periods"": 7, ""max_rolling_periods"": null, ""min_rolling_periods"": 7, ""ewm_var_alpha"": null, ""quantile90_rolling_periods"": null, ""quantile10_rolling_periods"": null, ""ewm_alpha"": null, ""additional_lag_periods"": 363, ""abs_energy"": false, ""rolling_autocorr_periods"": null, ""nonzero_last_n"": null, ""add_date_part"": ""expanded"", ""polynomial_degree"": null, ""x_transform"": null, ""regression_type"": null}","{""fillna"": ""cubic"", ""transformations"": {""0"": ""Slice"", ""1"": ""CenterLastValue"", ""2"": ""AnomalyRemoval""}, ""transformation_params"": {""0"": {""method"": 0.5}, ""1"": {""rows"": 4}, ""2"": {""method"": ""rolling_zscore"", ""method_params"": {""distribution"": ""uniform"", ""alpha"": 0.05, ""rolling_periods"": 200, ""center"": true}, ""fillna"": ""rolling_mean_24"", ""transform_dict"": {""fillna"": ""ffill"", ""transformations"": {""0"": ""cffilter"", ""1"": ""ConvolutionFilter""}, ""transformation_params"": {""0"": {}, ""1"": {""weight"": [1.0, 0.5, 0.3333333333333333]}}}, ""isolated_only"": false, ""on_inverse"": false}}}",0,1,20.449713428610643,1.4283900081234424,1.662475011049871,0.9096334391588605,1.4283900081234424,0.0,-13.618336152827407,0.8697105330468297,157.78846482198568,1.3839025204330384,0.46094406747713274,0.6833333333333333,0.45,4.258398676135313,0.8666666666666667,1.6721834654992376,1.1635920620032632,6.389707833886009,4.550179210161007,0.8301929527493489,144.17012866915826,51.654955475315326,6.610885760220678,0.18400386721094583,20.449713428610643,1.4283900081234424,1.662475011049871,0.9096334391588605,1.4283900081234424,0.0,0.8697105330468297,1.3839025204330384,0.46094406747713274,4.258398676135313,0.8666666666666667,1.6721834654992376,1.1635920620032632,6.389707833886009,4.550179210161007,0.8301929527493489,144.17012866915826,51.654955475315326,6.610885760220678,0.18400386721094583,0.6833333333333333,0.45,9.0101,32.064202637855814,20.28934121248921,Wh,20.28934121248921,Wh
139,e4448aae91d287d5b38fdd2d9ae40cdb,DatepartRegression,"{""regression_model"": {""model"": ""ElasticNet"", ""model_params"": {""l1_ratio"": 0.5, ""fit_intercept"": true, ""selection"": ""cyclic"", ""max_iter"": 1000}}, ""datepart_method"": ""simple_2"", ""polynomial_degree"": null, ""holiday_countries_used"": false, ""lags"": null, ""forward_lags"": null, ""regression_type"": null}","{""fillna"": ""linear"", ""transformations"": {""0"": ""EWMAFilter"", ""1"": ""StandardScaler"", ""2"": ""AlignLastValue"", ""3"": ""AlignLastValue"", ""4"": ""G726Filter""}, ""transformation_params"": {""0"": {""span"": 10}, ""1"": {}, ""2"": {""rows"": 1, ""lag"": 1, ""method"": ""additive"", ""strength"": 0.2, ""first_value_only"": false, ""threshold"": 10, ""threshold_method"": ""mean"", ""mean_type"": ""arithmetic""}, ""3"": {""rows"": 168, ""lag"": 7, ""method"": ""additive"", ""strength"": 1.0, ""first_value_only"": false, ""threshold"": 10, ""threshold_method"": ""max"", ""mean_type"": ""arithmetic""}, ""4"": {""quant_bits"": 4, ""adaptation_rate"": 0.9257636010023248, ""prediction_alpha"": 0.8375194262243477, ""floor_step"": 0.03316899673320972, ""dynamic_range"": 0.9736616462014005, ""blend"": 0.08932580492140192, ""noise_gate"": 0.0, ""fill_method"": ""ffill"", ""on_transform"": false, ""on_inverse"": true, ""quantizer"": ""nonuniform"", ""use_adaptive_predictor"": false, ""predictor_leak"": 0.9999, ""bounds_only"": false}}}",0,1,20.55455155898139,1.4489690148778684,1.6723436917589432,0.480857999067502,1.4489690148778684,0.0,-2.3385342376224303,0.8330733886647764,171.53774754772178,1.4462867516623015,0.4490282174903726,0.625,0.4583333333333333,3.605778079182068,0.6333333333333333,1.8449420677856574,1.218616662860488,7.122063962212247,3.5058567453141536,0.04005427006355619,169.19921331009937,54.22972834869653,29.307466680137182,0.21594840668799548,20.55455155898139,1.4489690148778684,1.6723436917589432,0.480857999067502,1.4489690148778684,0.0,0.8330733886647764,1.4462867516623015,0.4490282174903726,3.605778079182068,0.6333333333333333,1.8449420677856574,1.218616662860488,7.122063962212247,3.5058567453141536,0.04005427006355619,169.19921331009937,54.22972834869653,29.307466680137182,0.21594840668799548,0.625,0.4583333333333333,0.1937,32.046289500607735,20.5816524772559,Wh,20.5816524772559,Wh
140,0a1ced6a1e90fdea0f6f9f91b5772698,FBProphet,"{""holiday"": true, ""regression_type"": null, ""growth"": ""linear"", ""seasonality_mode"": ""multiplicative"", ""changepoint_prior_scale"": 0.001, ""n_changepoints"": 50, ""changepoint_range"": 0.9, ""changepoint_spacing"": null, ""changepoint_distance_end"": null, ""seasonality_prior_scale"": 10.0, ""yearly_seasonality_prior_scale"": null, ""yearly_seasonality_order"": null, ""weekly_seasonality_prior_scale"": null, ""holidays_prior_scale"": 10.0, ""trend_phi"": 0.999}","{""fillna"": ""zero"", ""transformations"": {""0"": ""ClipOutliers"", ""1"": ""Detrend"", ""2"": ""AlignLastValue""}, ""transformation_params"": {""0"": {""method"": ""clip"", ""std_threshold"": 4, ""fillna"": null}, ""1"": {""model"": ""GLS"", ""phi"": 1, ""window"": null, ""transform_dict"": null}, ""2"": {""rows"": 1, ""lag"": 1, ""method"": ""additive"", ""strength"": 1.0, ""first_value_only"": false, ""threshold"": null, ""threshold_method"": ""max"", ""mean_type"": ""arithmetic""}}}",0,1,14.662735810380672,1.030725642617111,1.3993118022388977,1.130048381466807,1.030725642617111,0.0,-13.848232689740179,0.6503416647967949,109.83884442431312,1.0016363455266741,0.8841407602292659,0.0,0.5333333333333333,4.90958888719026,0.8416666666666667,1.648919163518466,0.7069682937081462,4.268018818286308,1.7668853475641564,1.2254424302786437,95.99061173457295,40.11170145546105,23.06152214614442,0.12251250614916265,14.662735810380672,1.030725642617111,1.3993118022388977,1.130048381466807,1.030725642617111,0.0,0.6503416647967949,1.0016363455266741,0.8841407602292659,4.90958888719026,0.8416666666666667,1.648919163518466,0.7069682937081462,4.268018818286308,1.7668853475641564,1.2254424302786437,95.99061173457295,40.11170145546105,23.06152214614442,0.12251250614916265,0.0,0.5333333333333333,7.1065,31.660803111668578,14.64078027750631,Wh,14.64078027750631,Wh
141,62043554a727a884ca47bd34f4e50a5d,Ensemble,"{""model_name"": ""BestN"", ""model_count"": 3, ""model_metric"": ""mixed_metric"", ""models"": {""ca2e0fcc7b23d74ee347d493f6ff4379"": {""Model"": ""ARIMA"", ""ModelParameters"": ""{\""p\"": 0, \""d\"": 2, \""q\"": 2, \""regression_type\"": null}"", ""TransformationParameters"": ""{\""fillna\"": \""cubic\"", \""transformations\"": {\""0\"": \""AlignLastValue\"", \""1\"": \""AlignLastValue\""}, \""transformation_params\"": {\""0\"": {\""rows\"": 84, \""lag\"": 1, \""method\"": \""additive\"", \""strength\"": 0.5, \""first_value_only\"": false, \""threshold\"": 10, \""threshold_method\"": \""max\"", \""mean_type\"": \""arithmetic\""}, \""1\"": {\""rows\"": 1, \""lag\"": 7, \""method\"": \""additive\"", \""strength\"": 1.0, \""first_value_only\"": false, \""threshold\"": 10, \""threshold_method\"": \""mean\"", \""mean_type\"": \""arithmetic\""}}}""}, ""216178f098ef6698659d5bd14449f8af"": {""Model"": ""ARIMA"", ""ModelParameters"": ""{\""p\"": 4, \""d\"": 2, \""q\"": 4, \""regression_type\"": null}"", ""TransformationParameters"": ""{\""fillna\"": \""cubic\"", \""transformations\"": {\""0\"": \""bkfilter\"", \""1\"": \""AlignLastValue\""}, \""transformation_params\"": {\""0\"": {}, \""1\"": {\""rows\"": 1, \""lag\"": 7, \""method\"": \""additive\"", \""strength\"": 1.0, \""first_value_only\"": false, \""threshold\"": 10, \""threshold_method\"": \""mean\"", \""mean_type\"": \""arithmetic\""}}}""}, ""5c9aafe0ed22a0009a0c5786b4223a8f"": {""Model"": ""FBProphet"", ""ModelParameters"": ""{\""holiday\"": false, \""regression_type\"": null, \""growth\"": \""linear\"", \""seasonality_mode\"": \""additive\"", \""changepoint_prior_scale\"": 0.05, \""n_changepoints\"": 25, \""changepoint_range\"": 0.8, \""changepoint_spacing\"": null, \""changepoint_distance_end\"": null, \""seasonality_prior_scale\"": 10.0, \""yearly_seasonality_prior_scale\"": null, \""yearly_seasonality_order\"": null, \""weekly_seasonality_prior_scale\"": 0.0001, \""holidays_prior_scale\"": 10.0, \""trend_phi\"": null}"", ""TransformationParameters"": ""{\""fillna\"": \""mean\"", \""transformations\"": {\""0\"": \""StandardScaler\"", \""1\"": \""bkfilter\"", \""2\"": \""HPFilter\""}, \""transformation_params\"": {\""0\"": {}, \""1\"": {}, \""2\"": {\""part\"": \""trend\"", \""lamb\"": 6.25}}}""}}, ""model_weights"": {}, ""point_method"": ""mean""}","{""fillna"": ""cubic"", ""transformations"": {""0"": ""ScipyFilter"", ""1"": ""DatepartRegression""}, ""transformation_params"": {""0"": {""method"": ""butter"", ""method_args"": {""N"": 1, ""btype"": ""highpass"", ""analog"": false, ""output"": ""sos"", ""Wn"": 0.024390243902439025}}, ""1"": {""regression_model"": {""model"": ""ElasticNet"", ""model_params"": {""l1_ratio"": 0.5, ""fit_intercept"": true, ""selection"": ""cyclic"", ""max_iter"": 1000}}, ""datepart_method"": [""weekdayofmonth"", ""common_fourier""], ""polynomial_degree"": null, ""transform_dict"": null, ""holiday_countries_used"": false, ""lags"": null, ""forward_lags"": null}}}",1,1,18.679484153149044,1.3126871620646372,1.4833340153581427,0.47698899118917243,1.3126871620646372,0.0,-0.16695125971577074,0.7899192353811547,157.3555081880407,1.3126490971660336,0.5783448887301765,0.95,0.4583333333333333,3.5242704488680943,0.5333333333333333,1.7175050336704212,1.1263304263642837,4.960187412996209,1.9265048750653593,0.029938306470218726,157.1885569283249,67.62783512324403,28.907635346873075,0.20061924493729846,18.679484153149044,1.3126871620646372,1.4833340153581427,0.47698899118917243,1.3126871620646372,0.0,0.7899192353811547,1.3126490971660336,0.5783448887301765,3.5242704488680943,0.5333333333333333,1.7175050336704212,1.1263304263642837,4.960187412996209,1.9265048750653593,0.029938306470218726,157.1885569283249,67.62783512324403,28.907635346873075,0.20061924493729846,0.95,0.4583333333333333,1.5583,31.497144591300067,18.64585833344884,Wh,18.64585833344884,Wh
142,90456766456292561f52d10770c88398,FBProphet,"{""holiday"": false, ""regression_type"": null, ""growth"": ""linear"", ""seasonality_mode"": ""multiplicative"", ""changepoint_prior_scale"": 0.05, ""n_changepoints"": 25, ""changepoint_range"": 0.8, ""changepoint_spacing"": null, ""changepoint_distance_end"": null, ""seasonality_prior_scale"": 10.0, ""yearly_seasonality_prior_scale"": null, ""yearly_seasonality_order"": null, ""weekly_seasonality_prior_scale"": null, ""holidays_prior_scale"": 0.1, ""trend_phi"": null}","{""fillna"": ""linear"", ""transformations"": {""0"": ""UpscaleDownscaleTransformer"", ""1"": ""AlignLastValue"", ""2"": ""HPFilter"", ""3"": ""Discretize"", ""4"": ""ClipOutliers"", ""5"": ""Slice""}, ""transformation_params"": {""0"": {""mode"": ""downscale"", ""factor"": 1, ""down_method"": ""decimate"", ""fill_method"": ""pchip""}, ""1"": {""rows"": 1, ""lag"": 1, ""method"": ""additive"", ""strength"": 1.0, ""first_value_only"": false, ""threshold"": null, ""threshold_method"": ""max"", ""mean_type"": ""arithmetic""}, ""2"": {""part"": ""trend"", ""lamb"": 6.25}, ""3"": {""discretization"": ""center"", ""n_bins"": 5}, ""4"": {""method"": ""clip"", ""std_threshold"": 5, ""fillna"": null}, ""5"": {""method"": 0.5}}}",0,1,22.648741338962616,1.2560247051972715,1.4898760703740828,0.46988224026585257,1.2560247051972715,0.0,-130.25948843922475,1.1977620024275646,20.46347618444778,0.8101765942838856,0.4073211611682638,0.7083333333333334,0.5666666666666667,3.295853896277019,0.9666666666666667,1.4570421017657762,0.993439272924457,6.492307164912227,4.5080550867080795,0.11485025836398265,109.796012254777,24.465441519369104,26.639881528241364,0.14013229401758376,22.648741338962616,1.2560247051972715,1.4898760703740828,0.46988224026585257,1.2560247051972715,0.0,1.1977620024275646,0.8101765942838856,0.4073211611682638,3.295853896277019,0.9666666666666667,1.4570421017657762,0.993439272924457,6.492307164912227,4.5080550867080795,0.11485025836398265,109.796012254777,24.465441519369104,26.639881528241364,0.14013229401758376,0.7083333333333334,0.5666666666666667,0.6114,31.380281875831255,17.841005376776113,Wh,17.841005376776113,Wh
143,6e68f8390dec077b7fb0d97dd6f13b0e,Ensemble,"{""model_name"": ""BestN"", ""model_count"": 5, ""model_metric"": ""mixed_metric"", ""models"": {""ca2e0fcc7b23d74ee347d493f6ff4379"": {""Model"": ""ARIMA"", ""ModelParameters"": ""{\""p\"": 0, \""d\"": 2, \""q\"": 2, \""regression_type\"": null}"", ""TransformationParameters"": ""{\""fillna\"": \""cubic\"", \""transformations\"": {\""0\"": \""AlignLastValue\"", \""1\"": \""AlignLastValue\""}, \""transformation_params\"": {\""0\"": {\""rows\"": 84, \""lag\"": 1, \""method\"": \""additive\"", \""strength\"": 0.5, \""first_value_only\"": false, \""threshold\"": 10, \""threshold_method\"": \""max\"", \""mean_type\"": \""arithmetic\""}, \""1\"": {\""rows\"": 1, \""lag\"": 7, \""method\"": \""additive\"", \""strength\"": 1.0, \""first_value_only\"": false, \""threshold\"": 10, \""threshold_method\"": \""mean\"", \""mean_type\"": \""arithmetic\""}}}""}, ""216178f098ef6698659d5bd14449f8af"": {""Model"": ""ARIMA"", ""ModelParameters"": ""{\""p\"": 4, \""d\"": 2, \""q\"": 4, \""regression_type\"": null}"", ""TransformationParameters"": ""{\""fillna\"": \""cubic\"", \""transformations\"": {\""0\"": \""bkfilter\"", \""1\"": \""AlignLastValue\""}, \""transformation_params\"": {\""0\"": {}, \""1\"": {\""rows\"": 1, \""lag\"": 7, \""method\"": \""additive\"", \""strength\"": 1.0, \""first_value_only\"": false, \""threshold\"": 10, \""threshold_method\"": \""mean\"", \""mean_type\"": \""arithmetic\""}}}""}, ""5c9aafe0ed22a0009a0c5786b4223a8f"": {""Model"": ""FBProphet"", ""ModelParameters"": ""{\""holiday\"": false, \""regression_type\"": null, \""growth\"": \""linear\"", \""seasonality_mode\"": \""additive\"", \""changepoint_prior_scale\"": 0.05, \""n_changepoints\"": 25, \""changepoint_range\"": 0.8, \""changepoint_spacing\"": null, \""changepoint_distance_end\"": null, \""seasonality_prior_scale\"": 10.0, \""yearly_seasonality_prior_scale\"": null, \""yearly_seasonality_order\"": null, \""weekly_seasonality_prior_scale\"": 0.0001, \""holidays_prior_scale\"": 10.0, \""trend_phi\"": null}"", ""TransformationParameters"": ""{\""fillna\"": \""mean\"", \""transformations\"": {\""0\"": \""StandardScaler\"", \""1\"": \""bkfilter\"", \""2\"": \""HPFilter\""}, \""transformation_params\"": {\""0\"": {}, \""1\"": {}, \""2\"": {\""part\"": \""trend\"", \""lamb\"": 6.25}}}""}, ""5bb9f16e5f9c93ddad63947a240ff284"": {""Model"": ""FBProphet"", ""ModelParameters"": ""{\""holiday\"": false, \""regression_type\"": null, \""growth\"": \""linear\"", \""seasonality_mode\"": \""additive\"", \""changepoint_prior_scale\"": 0.05, \""n_changepoints\"": 25, \""changepoint_range\"": 360, \""changepoint_spacing\"": null, \""changepoint_distance_end\"": null, \""seasonality_prior_scale\"": 10.0, \""yearly_seasonality_prior_scale\"": null, \""yearly_seasonality_order\"": null, \""weekly_seasonality_prior_scale\"": null, \""holidays_prior_scale\"": 10.0, \""trend_phi\"": null}"", ""TransformationParameters"": ""{\""fillna\"": \""rolling_mean\"", \""transformations\"": {\""0\"": \""StandardScaler\"", \""1\"": \""bkfilter\"", \""2\"": \""HPFilter\""}, \""transformation_params\"": {\""0\"": {}, \""1\"": {}, \""2\"": {\""part\"": \""trend\"", \""lamb\"": 6.25}}}""}, ""90456766456292561f52d10770c88398"": {""Model"": ""FBProphet"", ""ModelParameters"": ""{\""holiday\"": false, \""regression_type\"": null, \""growth\"": \""linear\"", \""seasonality_mode\"": \""multiplicative\"", \""changepoint_prior_scale\"": 0.05, \""n_changepoints\"": 25, \""changepoint_range\"": 0.8, \""changepoint_spacing\"": null, \""changepoint_distance_end\"": null, \""seasonality_prior_scale\"": 10.0, \""yearly_seasonality_prior_scale\"": null, \""yearly_seasonality_order\"": null, \""weekly_seasonality_prior_scale\"": null, \""holidays_prior_scale\"": 0.1, \""trend_phi\"": null}"", ""TransformationParameters"": ""{\""fillna\"": \""linear\"", \""transformations\"": {\""0\"": \""UpscaleDownscaleTransformer\"", \""1\"": \""AlignLastValue\"", \""2\"": \""HPFilter\"", \""3\"": \""Discretize\"", \""4\"": \""ClipOutliers\"", \""5\"": \""Slice\""}, \""transformation_params\"": {\""0\"": {\""mode\"": \""downscale\"", \""factor\"": 1, \""down_method\"": \""decimate\"", \""fill_method\"": \""pchip\""}, \""1\"": {\""rows\"": 1, \""lag\"": 1, \""method\"": \""additive\"", \""strength\"": 1.0, \""first_value_only\"": false, \""threshold\"": null, \""threshold_method\"": \""max\"", \""mean_type\"": \""arithmetic\""}, \""2\"": {\""part\"": \""trend\"", \""lamb\"": 6.25}, \""3\"": {\""discretization\"": \""center\"", \""n_bins\"": 5}, \""4\"": {\""method\"": \""clip\"", \""std_threshold\"": 5, \""fillna\"": null}, \""5\"": {\""method\"": 0.5}}}""}}, ""point_method"": ""kalman"", ""model_weights"": {}}","{""fillna"": ""cubic"", ""transformations"": {""0"": ""ScipyFilter"", ""1"": ""DatepartRegression""}, ""transformation_params"": {""0"": {""method"": ""butter"", ""method_args"": {""N"": 1, ""btype"": ""highpass"", ""analog"": false, ""output"": ""sos"", ""Wn"": 0.024390243902439025}}, ""1"": {""regression_model"": {""model"": ""ElasticNet"", ""model_params"": {""l1_ratio"": 0.5, ""fit_intercept"": true, ""selection"": ""cyclic"", ""max_iter"": 1000}}, ""datepart_method"": [""weekdayofmonth"", ""common_fourier""], ""polynomial_degree"": null, ""transform_dict"": null, ""holiday_countries_used"": false, ""lags"": null, ""forward_lags"": null}}}",1,1,16.58479509124378,1.1595635541083607,1.348945540372776,0.47575534213662773,1.1595635541083607,0.0,-1.0122156973510004,0.715956375283416,138.13541079565226,1.1589629778216777,0.7393159118092058,0.2,0.48333333333333334,3.300622437597573,0.6,1.6143157970385187,0.9724665647083737,3.997106968873705,1.5724340364343883,0.022297109771487505,137.12319509830127,64.4455331088212,29.447499936778705,0.1750098887704333,16.58479509124378,1.1595635541083607,1.348945540372776,0.47575534213662773,1.1595635541083607,0.0,0.715956375283416,1.1589629778216777,0.7393159118092058,3.300622437597573,0.6,1.6143157970385187,0.9724665647083737,3.997106968873705,1.5724340364343883,0.022297109771487505,137.12319509830127,64.4455331088212,29.447499936778705,0.1750098887704333,0.2,0.48333333333333334,2.622,31.294938116614883,16.470838127592128,Wh,16.470838127592128,Wh
144,7ae9c8c09d78c4e6b915fb62a8907da4,Ensemble,"{""model_name"": ""BestN"", ""model_count"": 3, ""model_metric"": ""horizontal"", ""models"": {""391cc75f9a7d750778405fc3cfcecb92"": {""Model"": ""RollingRegression"", ""ModelParameters"": ""{\""regression_model\"": {\""model\"": \""DecisionTree\"", \""model_params\"": {\""max_depth\"": null, \""min_samples_split\"": 0.05}}, \""holiday\"": false, \""mean_rolling_periods\"": null, \""macd_periods\"": null, \""std_rolling_periods\"": null, \""max_rolling_periods\"": 420, \""min_rolling_periods\"": 168, \""ewm_var_alpha\"": null, \""quantile90_rolling_periods\"": null, \""quantile10_rolling_periods\"": null, \""ewm_alpha\"": null, \""additional_lag_periods\"": 6, \""abs_energy\"": false, \""rolling_autocorr_periods\"": null, \""nonzero_last_n\"": null, \""add_date_part\"": \""expanded\"", \""polynomial_degree\"": null, \""x_transform\"": null, \""regression_type\"": null}"", ""TransformationParameters"": ""{\""fillna\"": \""mean\"", \""transformations\"": {\""0\"": \""STLFilter\"", \""1\"": \""RobustScaler\"", \""2\"": \""MaxAbsScaler\"", \""3\"": \""SeasonalDifference\"", \""4\"": \""AlignLastValue\""}, \""transformation_params\"": {\""0\"": {\""decomp_type\"": \""seasonal_decompose\"", \""part\"": \""trend\""}, \""1\"": {}, \""2\"": {}, \""3\"": {\""lag_1\"": 7, \""method\"": \""LastValue\""}, \""4\"": {\""rows\"": 1, \""lag\"": 2, \""method\"": \""additive\"", \""strength\"": 0.7, \""first_value_only\"": false, \""threshold\"": null, \""threshold_method\"": \""mean\"", \""mean_type\"": \""arithmetic\""}}}""}, ""290072eada53189c757f67ac7b1cfea9"": {""Model"": ""ARIMA"", ""ModelParameters"": ""{\""p\"": 0, \""d\"": 0, \""q\"": 2, \""regression_type\"": \""Holiday\""}"", ""TransformationParameters"": ""{\""fillna\"": \""mean\"", \""transformations\"": {\""0\"": \""AnomalyRemoval\"", \""1\"": \""ChangepointDetrend\"", \""2\"": \""ClipOutliers\""}, \""transformation_params\"": {\""0\"": {\""method\"": \""zscore\"", \""method_params\"": {\""distribution\"": \""chi2\"", \""alpha\"": 0.05}, \""fillna\"": \""ffill\"", \""transform_dict\"": null, \""isolated_only\"": false, \""on_inverse\"": false}, \""1\"": {\""model\"": \""ElasticNet\"", \""changepoint_spacing\"": 90, \""changepoint_distance_end\"": 180, \""datepart_method\"": null}, \""2\"": {\""method\"": \""clip\"", \""std_threshold\"": 2, \""fillna\"": null}}}""}, ""5bb9f16e5f9c93ddad63947a240ff284"": {""Model"": ""FBProphet"", ""ModelParameters"": ""{\""holiday\"": false, \""regression_type\"": null, \""growth\"": \""linear\"", \""seasonality_mode\"": \""additive\"", \""changepoint_prior_scale\"": 0.05, \""n_changepoints\"": 25, \""changepoint_range\"": 360, \""changepoint_spacing\"": null, \""changepoint_distance_end\"": null, \""seasonality_prior_scale\"": 10.0, \""yearly_seasonality_prior_scale\"": null, \""yearly_seasonality_order\"": null, \""weekly_seasonality_prior_scale\"": null, \""holidays_prior_scale\"": 10.0, \""trend_phi\"": null}"", ""TransformationParameters"": ""{\""fillna\"": \""rolling_mean\"", \""transformations\"": {\""0\"": \""StandardScaler\"", \""1\"": \""bkfilter\"", \""2\"": \""HPFilter\""}, \""transformation_params\"": {\""0\"": {}, \""1\"": {}, \""2\"": {\""part\"": \""trend\"", \""lamb\"": 6.25}}}""}}, ""model_weights"": {}, ""point_method"": ""mean""}","{""fillna"": ""quadratic"", ""transformations"": {""0"": ""AlignLastValue"", ""1"": ""ChangepointDetrend""}, ""transformation_params"": {""0"": {""rows"": 1, ""lag"": 1, ""method"": ""multiplicative"", ""strength"": 1.0, ""first_value_only"": false, ""threshold"": null, ""threshold_method"": ""mean""}, ""1"": {""model"": ""Linear"", ""changepoint_spacing"": 180, ""changepoint_distance_end"": 360, ""datepart_method"": null}}}",1,1,17.190969323369753,1.1807772615133119,1.3448225853143592,0.4735282497094626,1.1807772615133119,0.0,-1.0105917730128366,0.735028528201038,140.68267960858455,1.1794562850787442,0.7047096000189246,0.2,0.4583333333333333,3.1076741591770913,0.975,1.4260047530816402,0.9933061189979595,5.149320495343021,1.7932953358706343,0.03199091267537601,139.67208783557172,53.51933308818587,29.771184325240156,0.17826303229671767,17.190969323369753,1.1807772615133119,1.3448225853143592,0.4735282497094626,1.1807772615133119,0.0,0.735028528201038,1.1794562850787442,0.7047096000189246,3.1076741591770913,0.975,1.4260047530816402,0.9933061189979595,5.149320495343021,1.7932953358706343,0.03199091267537601,139.67208783557172,53.51933308818587,29.771184325240156,0.17826303229671767,0.2,0.4583333333333333,2.149,31.249694627987065,16.772164897923165,Wh,16.772164897923165,Wh
145,f1c636dbbf80fa23593cfb16971b247e,RollingRegression,"{""regression_model"": {""model"": ""BayesianRidge"", ""model_params"": {}}, ""holiday"": false, ""mean_rolling_periods"": 12, ""macd_periods"": null, ""std_rolling_periods"": null, ""max_rolling_periods"": 420, ""min_rolling_periods"": null, ""ewm_var_alpha"": null, ""quantile90_rolling_periods"": null, ""quantile10_rolling_periods"": null, ""ewm_alpha"": 0.8, ""additional_lag_periods"": 6, ""abs_energy"": false, ""rolling_autocorr_periods"": null, ""nonzero_last_n"": null, ""add_date_part"": null, ""polynomial_degree"": null, ""x_transform"": null, ""regression_type"": null}","{""fillna"": ""pchip"", ""transformations"": {""0"": ""STLFilter""}, ""transformation_params"": {""0"": {""decomp_type"": ""seasonal_decompose"", ""part"": ""trend""}}}",0,1,18.221318590612324,1.2589322532711213,1.439050658885074,0.4826779362746605,1.2589322532711213,0.0,-3.8752300810081213,0.7701514033397953,147.1966403115264,1.2525969686496674,0.6081713600165287,0.275,0.49166666666666664,3.2425923792171565,0.9833333333333333,1.4469753032475048,1.05949689959956,5.869887427661103,3.367939034944639,0.012012922178155137,143.32141023051827,48.22974254265961,29.096169610853455,0.1829206506228455,18.221318590612324,1.2589322532711213,1.439050658885074,0.4826779362746605,1.2589322532711213,0.0,0.7701514033397953,1.2525969686496674,0.6081713600165287,3.2425923792171565,0.9833333333333333,1.4469753032475048,1.05949689959956,5.869887427661103,3.367939034944639,0.012012922178155137,143.32141023051827,48.22974254265961,29.096169610853455,0.1829206506228455,0.275,0.49166666666666664,0.624,31.177954744555933,17.882305186090484,Wh,17.882305186090484,Wh
146,0134421f7563f374f78ecc83cce6eeff,ARIMA,"{""p"": 4, ""d"": 0, ""q"": 1, ""regression_type"": ""Holiday""}","{""fillna"": ""ffill"", ""transformations"": {""0"": ""SeasonalDifference""}, ""transformation_params"": {""0"": {""lag_1"": 12, ""method"": ""Median""}}}",0,1,20.048593983131564,1.4186138922082223,1.6070185076574792,0.6140768295320064,1.4186138922082223,0.0,-1.7115073977920412,0.8320811320732285,168.52215966719467,1.4165550645727298,0.42387141207352586,0.8083333333333333,0.575,3.427334485416381,0.575,1.801183365502115,1.2153303648403397,6.539024956415345,3.273649359641345,0.6862602208968,166.81065226940262,59.4031413291683,3.2145030321427095,0.21289989398557446,20.048593983131564,1.4186138922082223,1.6070185076574792,0.6140768295320064,1.4186138922082223,0.0,0.8320811320732285,1.4165550645727298,0.42387141207352586,3.427334485416381,0.575,1.801183365502115,1.2153303648403397,6.539024956415345,3.273649359641345,0.6862602208968,166.81065226940262,59.4031413291683,3.2145030321427095,0.21289989398557446,0.8083333333333333,0.575,0.214,31.036052274695102,20.150477911563904,Wh,20.150477911563904,Wh
147,d674b25f958dbed8b526696722d101f2,FBProphet,"{""holiday"": false, ""regression_type"": null, ""growth"": ""linear"", ""seasonality_mode"": ""multiplicative"", ""changepoint_prior_scale"": 0.05, ""n_changepoints"": 50, ""changepoint_range"": 60, ""changepoint_spacing"": null, ""changepoint_distance_end"": null, ""seasonality_prior_scale"": 0.1, ""yearly_seasonality_prior_scale"": 0.0001, ""yearly_seasonality_order"": 12, ""weekly_seasonality_prior_scale"": 10.0, ""holidays_prior_scale"": 0.1, ""trend_phi"": 0.999}","{""fillna"": ""nearest"", ""transformations"": {""0"": ""SeasonalDifference"", ""1"": ""Constraint"", ""2"": ""AlignLastValue""}, ""transformation_params"": {""0"": {""lag_1"": 12, ""method"": ""LastValue""}, ""1"": {""constraint_method"": ""dampening"", ""constraint_direction"": ""upper"", ""constraint_regularization"": 1.0, ""constraint_value"": 0.999, ""bounds_only"": false, ""fillna"": null}, ""2"": {""rows"": 84, ""lag"": 1, ""method"": ""additive"", ""strength"": 0.7, ""first_value_only"": true, ""threshold"": null, ""threshold_method"": ""mean"", ""mean_type"": ""arithmetic""}}}",0,1,15.687652011801545,0.9820626732345568,1.2693396253575322,0.9165595492965881,0.9820626732345568,0.0,-41.15784226744057,0.747151930212574,76.68967852070624,0.8439575879465036,0.8399652412891143,0.0,0.5583333333333333,3.6521225811520868,0.8583333333333333,1.4774348075509067,0.7181501402518986,4.012019169724794,3.0828774779988652,0.9320882493273415,35.53183625326566,12.347971465113222,22.863399477658948,0.04534916726550452,15.687652011801545,0.9820626732345568,1.2693396253575322,0.9165595492965881,0.9820626732345568,0.0,0.747151930212574,0.8439575879465036,0.8399652412891143,3.6521225811520868,0.8583333333333333,1.4774348075509067,0.7181501402518986,4.012019169724794,3.0828774779988652,0.9320882493273415,35.53183625326566,12.347971465113222,22.863399477658948,0.04534916726550452,0.0,0.5583333333333333,1.2858,30.99099413331621,13.949554782648162,Wh,13.949554782648162,Wh
148,55b837e3b34122105c51a6f75a7d3d0e,FBProphet,"{""holiday"": false, ""regression_type"": null, ""growth"": ""linear"", ""seasonality_mode"": ""multiplicative"", ""changepoint_prior_scale"": 0.001, ""n_changepoints"": 25, ""changepoint_range"": 0.85, ""changepoint_spacing"": null, ""changepoint_distance_end"": null, ""seasonality_prior_scale"": 10.0, ""yearly_seasonality_prior_scale"": null, ""yearly_seasonality_order"": null, ""weekly_seasonality_prior_scale"": null, ""holidays_prior_scale"": 10.0, ""trend_phi"": 0.999}","{""fillna"": ""cubic"", ""transformations"": {""0"": ""ClipOutliers"", ""1"": ""Detrend""}, ""transformation_params"": {""0"": {""method"": ""clip"", ""std_threshold"": 4, ""fillna"": null}, ""1"": {""model"": ""GLS"", ""phi"": 1, ""window"": null, ""transform_dict"": null}}}",0,1,14.944463945010012,0.9815321610776342,1.287018331497755,1.263577913381249,0.9815321610776342,0.0,-43.20194523312999,0.7346729424874802,74.58191409618613,0.8565839530597443,0.853217721080881,0.0,0.5416666666666666,4.4039210467656105,0.8583333333333333,1.5655607666955258,0.7074361450614123,4.1878353558182795,1.7446107674036753,1.3250681972037486,31.379968863056124,10.672732205803435,29.29878313846251,0.04005015239329956,14.944463945010012,0.9815321610776342,1.287018331497755,1.263577913381249,0.9815321610776342,0.0,0.7346729424874802,0.8565839530597443,0.853217721080881,4.4039210467656105,0.8583333333333333,1.5655607666955258,0.7074361450614123,4.1878353558182795,1.7446107674036753,1.3250681972037486,31.379968863056124,10.672732205803435,29.29878313846251,0.04005015239329956,0.0,0.5416666666666666,2.2819,30.76030335125874,13.942019206154377,Wh,13.942019206154377,Wh
149,73ee6d535d558d67cddb5e1810f41c30,ARIMA,"{""p"": 1, ""d"": 1, ""q"": 0, ""regression_type"": null}","{""fillna"": ""median"", ""transformations"": {""0"": ""bkfilter"", ""1"": ""AlignLastValue"", ""2"": ""StandardScaler"", ""3"": ""BKBandpassFilter""}, ""transformation_params"": {""0"": {}, ""1"": {""rows"": 1, ""lag"": 7, ""method"": ""additive"", ""strength"": 1.0, ""first_value_only"": false, ""threshold"": 10, ""threshold_method"": ""mean"", ""mean_type"": ""arithmetic""}, ""2"": {}, ""3"": {""low"": 6, ""high"": 32, ""K"": 25, ""lanczos_factor"": true, ""return_diff"": false, ""on_transform"": false, ""on_inverse"": true}}}",0,1,15.024245803858461,1.0134468412763469,1.186030423471391,0.47746595404996184,1.0134468412763469,0.0,-6.70767129395708,0.6639379938666695,114.90594965920457,1.0029229113587508,0.8621499476071883,0.008333333333333333,0.5083333333333333,2.935059169412595,0.9833333333333333,1.3727159252553562,0.8260437538980482,4.761452102499006,1.867050199606323,0.005168640510630265,108.19827836524746,33.73232590834149,30.26690238262601,0.13809311144099007,15.024245803858461,1.0134468412763469,1.186030423471391,0.47746595404996184,1.0134468412763469,0.0,0.6639379938666695,1.0029229113587508,0.8621499476071883,2.935059169412595,0.9833333333333333,1.3727159252553562,0.8260437538980482,4.761452102499006,1.867050199606323,0.005168640510630265,108.19827836524746,33.73232590834149,30.26690238262601,0.13809311144099007,0.008333333333333333,0.5083333333333333,0.0426,30.753568282880863,14.395346261480007,Wh,14.395346261480007,Wh
150,f19f517ec4c900b5b2eb94536c210694,RollingRegression,"{""regression_model"": {""model"": ""ExtraTrees"", ""model_params"": {""n_estimators"": 100, ""min_samples_leaf"": 1, ""max_depth"": 10}}, ""holiday"": false, ""mean_rolling_periods"": 12, ""macd_periods"": 2, ""std_rolling_periods"": null, ""max_rolling_periods"": 28, ""min_rolling_periods"": 28, ""ewm_var_alpha"": null, ""quantile90_rolling_periods"": null, ""quantile10_rolling_periods"": null, ""ewm_alpha"": null, ""additional_lag_periods"": 363, ""abs_energy"": false, ""rolling_autocorr_periods"": null, ""nonzero_last_n"": null, ""add_date_part"": null, ""polynomial_degree"": null, ""x_transform"": null, ""regression_type"": null}","{""fillna"": ""ffill"", ""transformations"": {""0"": ""RobustScaler""}, ""transformation_params"": {""0"": {}}}",0,1,19.673417486938487,1.3764713299707043,1.570908790835969,0.5326874140475438,1.3764713299707043,0.0,-1.535219001980372,0.8118175213082186,163.64134059450413,1.3747804822835987,0.4276920912398148,0.8916666666666667,0.48333333333333334,3.492797918145105,0.8,1.611724918032951,1.1608739697435932,6.388996243894246,2.7826646412907365,0.34484670843999693,162.10612159252378,57.176799533309726,20.335168116487814,0.206895516754666,19.673417486938487,1.3764713299707043,1.570908790835969,0.5326874140475438,1.3764713299707043,0.0,0.8118175213082186,1.3747804822835987,0.4276920912398148,3.492797918145105,0.8,1.611724918032951,1.1608739697435932,6.388996243894246,2.7826646412907365,0.34484670843999693,162.10612159252378,57.176799533309726,20.335168116487814,0.206895516754666,0.8916666666666667,0.48333333333333334,4.4699,30.53264901492652,19.551870514464508,Wh,19.551870514464508,Wh
151,32eef83befe80859f70683b6352c41c5,DatepartRegression,"{""regression_model"": {""model"": ""ElasticNet"", ""model_params"": {""l1_ratio"": 0.5, ""fit_intercept"": true, ""selection"": ""cyclic"", ""max_iter"": 1000}}, ""datepart_method"": [""anchored_warped_fourier:quarter_end""], ""polynomial_degree"": null, ""holiday_countries_used"": false, ""lags"": null, ""forward_lags"": null, ""regression_type"": null}","{""fillna"": ""ffill_mean_biased"", ""transformations"": {""0"": ""AlignLastValue"", ""1"": ""bkfilter"", ""2"": ""CointegrationTransformer""}, ""transformation_params"": {""0"": {""rows"": 7, ""lag"": 2, ""method"": ""additive"", ""strength"": 1.0, ""first_value_only"": true, ""threshold"": null, ""threshold_method"": ""max"", ""mean_type"": ""arithmetic""}, ""1"": {}, ""2"": {""n_components"": 5, ""max_components"": 20, ""shrinkage"": 0.01, ""method"": ""cca"", ""min_periods"": 30}}}",0,1,19.66982654745551,1.3733459021363938,1.5536734676542516,0.4904718068407524,1.3733459021363938,0.0,-2.3174985136304587,0.8169133709525008,162.48400974273682,1.3683348029216618,0.42401121110891127,0.675,0.5,3.3775315284729004,0.9833333333333333,1.48061580273829,1.1713710562521669,6.366357620312178,4.344873452560811,0.029473449877775813,160.16651122910636,55.79329718930033,28.767642554766066,0.20441999834425909,19.66982654745551,1.3733459021363938,1.5536734676542516,0.4904718068407524,1.3733459021363938,0.0,0.8169133709525008,1.3683348029216618,0.42401121110891127,3.3775315284729004,0.9833333333333333,1.48061580273829,1.1713710562521669,6.366357620312178,4.344873452560811,0.029473449877775813,160.16651122910636,55.79329718930033,28.767642554766066,0.20441999834425909,0.675,0.5,0.1804,30.39995377569243,19.507475866360906,Wh,19.507475866360906,Wh
152,4387be35cd40066bf6472bd2fba1543f,Ensemble,"{""model_name"": ""BestN"", ""model_count"": 5, ""model_metric"": ""mixed_metric"", ""models"": {""ca2e0fcc7b23d74ee347d493f6ff4379"": {""Model"": ""ARIMA"", ""ModelParameters"": ""{\""p\"": 0, \""d\"": 2, \""q\"": 2, \""regression_type\"": null}"", ""TransformationParameters"": ""{\""fillna\"": \""cubic\"", \""transformations\"": {\""0\"": \""AlignLastValue\"", \""1\"": \""AlignLastValue\""}, \""transformation_params\"": {\""0\"": {\""rows\"": 84, \""lag\"": 1, \""method\"": \""additive\"", \""strength\"": 0.5, \""first_value_only\"": false, \""threshold\"": 10, \""threshold_method\"": \""max\"", \""mean_type\"": \""arithmetic\""}, \""1\"": {\""rows\"": 1, \""lag\"": 7, \""method\"": \""additive\"", \""strength\"": 1.0, \""first_value_only\"": false, \""threshold\"": 10, \""threshold_method\"": \""mean\"", \""mean_type\"": \""arithmetic\""}}}""}, ""216178f098ef6698659d5bd14449f8af"": {""Model"": ""ARIMA"", ""ModelParameters"": ""{\""p\"": 4, \""d\"": 2, \""q\"": 4, \""regression_type\"": null}"", ""TransformationParameters"": ""{\""fillna\"": \""cubic\"", \""transformations\"": {\""0\"": \""bkfilter\"", \""1\"": \""AlignLastValue\""}, \""transformation_params\"": {\""0\"": {}, \""1\"": {\""rows\"": 1, \""lag\"": 7, \""method\"": \""additive\"", \""strength\"": 1.0, \""first_value_only\"": false, \""threshold\"": 10, \""threshold_method\"": \""mean\"", \""mean_type\"": \""arithmetic\""}}}""}, ""5c9aafe0ed22a0009a0c5786b4223a8f"": {""Model"": ""FBProphet"", ""ModelParameters"": ""{\""holiday\"": false, \""regression_type\"": null, \""growth\"": \""linear\"", \""seasonality_mode\"": \""additive\"", \""changepoint_prior_scale\"": 0.05, \""n_changepoints\"": 25, \""changepoint_range\"": 0.8, \""changepoint_spacing\"": null, \""changepoint_distance_end\"": null, \""seasonality_prior_scale\"": 10.0, \""yearly_seasonality_prior_scale\"": null, \""yearly_seasonality_order\"": null, \""weekly_seasonality_prior_scale\"": 0.0001, \""holidays_prior_scale\"": 10.0, \""trend_phi\"": null}"", ""TransformationParameters"": ""{\""fillna\"": \""mean\"", \""transformations\"": {\""0\"": \""StandardScaler\"", \""1\"": \""bkfilter\"", \""2\"": \""HPFilter\""}, \""transformation_params\"": {\""0\"": {}, \""1\"": {}, \""2\"": {\""part\"": \""trend\"", \""lamb\"": 6.25}}}""}, ""5bb9f16e5f9c93ddad63947a240ff284"": {""Model"": ""FBProphet"", ""ModelParameters"": ""{\""holiday\"": false, \""regression_type\"": null, \""growth\"": \""linear\"", \""seasonality_mode\"": \""additive\"", \""changepoint_prior_scale\"": 0.05, \""n_changepoints\"": 25, \""changepoint_range\"": 360, \""changepoint_spacing\"": null, \""changepoint_distance_end\"": null, \""seasonality_prior_scale\"": 10.0, \""yearly_seasonality_prior_scale\"": null, \""yearly_seasonality_order\"": null, \""weekly_seasonality_prior_scale\"": null, \""holidays_prior_scale\"": 10.0, \""trend_phi\"": null}"", ""TransformationParameters"": ""{\""fillna\"": \""rolling_mean\"", \""transformations\"": {\""0\"": \""StandardScaler\"", \""1\"": \""bkfilter\"", \""2\"": \""HPFilter\""}, \""transformation_params\"": {\""0\"": {}, \""1\"": {}, \""2\"": {\""part\"": \""trend\"", \""lamb\"": 6.25}}}""}, ""90456766456292561f52d10770c88398"": {""Model"": ""FBProphet"", ""ModelParameters"": ""{\""holiday\"": false, \""regression_type\"": null, \""growth\"": \""linear\"", \""seasonality_mode\"": \""multiplicative\"", \""changepoint_prior_scale\"": 0.05, \""n_changepoints\"": 25, \""changepoint_range\"": 0.8, \""changepoint_spacing\"": null, \""changepoint_distance_end\"": null, \""seasonality_prior_scale\"": 10.0, \""yearly_seasonality_prior_scale\"": null, \""yearly_seasonality_order\"": null, \""weekly_seasonality_prior_scale\"": null, \""holidays_prior_scale\"": 0.1, \""trend_phi\"": null}"", ""TransformationParameters"": ""{\""fillna\"": \""linear\"", \""transformations\"": {\""0\"": \""UpscaleDownscaleTransformer\"", \""1\"": \""AlignLastValue\"", \""2\"": \""HPFilter\"", \""3\"": \""Discretize\"", \""4\"": \""ClipOutliers\"", \""5\"": \""Slice\""}, \""transformation_params\"": {\""0\"": {\""mode\"": \""downscale\"", \""factor\"": 1, \""down_method\"": \""decimate\"", \""fill_method\"": \""pchip\""}, \""1\"": {\""rows\"": 1, \""lag\"": 1, \""method\"": \""additive\"", \""strength\"": 1.0, \""first_value_only\"": false, \""threshold\"": null, \""threshold_method\"": \""max\"", \""mean_type\"": \""arithmetic\""}, \""2\"": {\""part\"": \""trend\"", \""lamb\"": 6.25}, \""3\"": {\""discretization\"": \""center\"", \""n_bins\"": 5}, \""4\"": {\""method\"": \""clip\"", \""std_threshold\"": 5, \""fillna\"": null}, \""5\"": {\""method\"": 0.5}}}""}}, ""point_method"": ""kalman"", ""model_weights"": {}}","{""fillna"": ""linear"", ""transformations"": {""0"": ""Constraint""}, ""transformation_params"": {""0"": {""constraint_method"": ""quantile"", ""constraint_direction"": ""lower"", ""constraint_regularization"": 0.7, ""constraint_value"": 0.5, ""bounds_only"": false, ""fillna"": ""linear""}}}",1,1,15.47544312939545,1.04887544779379,1.218285643067283,0.4743951929922675,1.04887544779379,0.0,-2.254889882462577,0.6735133630892224,123.61016385279223,1.0460238029788191,0.7925732946606372,0.025,0.5083333333333333,2.9830900887783196,0.9833333333333333,1.383151565520993,0.8628527336010938,4.625862699688528,1.4851495814574793,0.007555812603004513,121.35527397032965,45.056408333530165,30.26647617752296,0.1548853422211131,15.47544312939545,1.04887544779379,1.218285643067283,0.4743951929922675,1.04887544779379,0.0,0.6735133630892224,1.0460238029788191,0.7925732946606372,2.9830900887783196,0.9833333333333333,1.383151565520993,0.8628527336010938,4.625862699688528,1.4851495814574793,0.007555812603004513,121.35527397032965,45.056408333530165,30.26647617752296,0.1548853422211131,0.025,0.5083333333333333,2.5623,30.355660488443927,14.898586330527944,Wh,14.898586330527944,Wh
153,81d11b8c98531e9f74e9faec76caeab6,Ensemble,"{""model_name"": ""BestN"", ""model_count"": 3, ""model_metric"": ""best_score_unique"", ""models"": {""5bb9f16e5f9c93ddad63947a240ff284"": {""Model"": ""FBProphet"", ""ModelParameters"": ""{\""holiday\"": false, \""regression_type\"": null, \""growth\"": \""linear\"", \""seasonality_mode\"": \""additive\"", \""changepoint_prior_scale\"": 0.05, \""n_changepoints\"": 25, \""changepoint_range\"": 360, \""changepoint_spacing\"": null, \""changepoint_distance_end\"": null, \""seasonality_prior_scale\"": 10.0, \""yearly_seasonality_prior_scale\"": null, \""yearly_seasonality_order\"": null, \""weekly_seasonality_prior_scale\"": null, \""holidays_prior_scale\"": 10.0, \""trend_phi\"": null}"", ""TransformationParameters"": ""{\""fillna\"": \""rolling_mean\"", \""transformations\"": {\""0\"": \""StandardScaler\"", \""1\"": \""bkfilter\"", \""2\"": \""HPFilter\""}, \""transformation_params\"": {\""0\"": {}, \""1\"": {}, \""2\"": {\""part\"": \""trend\"", \""lamb\"": 6.25}}}""}, ""290072eada53189c757f67ac7b1cfea9"": {""Model"": ""ARIMA"", ""ModelParameters"": ""{\""p\"": 0, \""d\"": 0, \""q\"": 2, \""regression_type\"": \""Holiday\""}"", ""TransformationParameters"": ""{\""fillna\"": \""mean\"", \""transformations\"": {\""0\"": \""AnomalyRemoval\"", \""1\"": \""ChangepointDetrend\"", \""2\"": \""ClipOutliers\""}, \""transformation_params\"": {\""0\"": {\""method\"": \""zscore\"", \""method_params\"": {\""distribution\"": \""chi2\"", \""alpha\"": 0.05}, \""fillna\"": \""ffill\"", \""transform_dict\"": null, \""isolated_only\"": false, \""on_inverse\"": false}, \""1\"": {\""model\"": \""ElasticNet\"", \""changepoint_spacing\"": 90, \""changepoint_distance_end\"": 180, \""datepart_method\"": null}, \""2\"": {\""method\"": \""clip\"", \""std_threshold\"": 2, \""fillna\"": null}}}""}, ""7f1b9001e4365205912d8167e1108b4a"": {""Model"": ""DatepartRegression"", ""ModelParameters"": ""{\""regression_model\"": {\""model\"": \""ElasticNet\"", \""model_params\"": {\""l1_ratio\"": 0.5, \""fit_intercept\"": true, \""selection\"": \""cyclic\"", \""max_iter\"": 1000}}, \""datepart_method\"": \""simple_2\"", \""polynomial_degree\"": null, \""holiday_countries_used\"": false, \""lags\"": null, \""forward_lags\"": null, \""regression_type\"": null}"", ""TransformationParameters"": ""{\""fillna\"": \""ffill_mean_biased\"", \""transformations\"": {\""0\"": \""AlignLastValue\"", \""1\"": \""bkfilter\"", \""2\"": \""CointegrationTransformer\""}, \""transformation_params\"": {\""0\"": {\""rows\"": 7, \""lag\"": 2, \""method\"": \""additive\"", \""strength\"": 1.0, \""first_value_only\"": true, \""threshold\"": null, \""threshold_method\"": \""max\"", \""mean_type\"": \""arithmetic\""}, \""1\"": {}, \""2\"": {\""n_components\"": 5, \""max_components\"": 20, \""shrinkage\"": 0.01, \""method\"": \""cca\"", \""min_periods\"": 30}}}""}}, ""model_weights"": {}, ""point_method"": ""mean""}","{""fillna"": ""quadratic"", ""transformations"": {""0"": ""AlignLastValue"", ""1"": ""ChangepointDetrend""}, ""transformation_params"": {""0"": {""rows"": 1, ""lag"": 1, ""method"": ""multiplicative"", ""strength"": 1.0, ""first_value_only"": false, ""threshold"": null, ""threshold_method"": ""mean""}, ""1"": {""model"": ""Linear"", ""changepoint_spacing"": 180, ""changepoint_distance_end"": 360, ""datepart_method"": null}}}",1,1,17.216158862110525,1.1842557414253851,1.3427921515939414,0.4743361583270058,1.1842557414253851,0.0,-0.7855773037759697,0.7386427886631739,141.32511166727028,1.183254738427974,0.630103290564808,0.21666666666666667,0.475,3.1151982776954172,0.8583333333333333,1.4749245327518237,0.9979060072627604,5.032135251168046,1.7559200951640905,0.021119346240208618,140.53953436349428,55.595752590112234,29.833072591485056,0.17937015148437369,17.216158862110525,1.1842557414253851,1.3427921515939414,0.4743361583270058,1.1842557414253851,0.0,0.7386427886631739,1.183254738427974,0.630103290564808,3.1151982776954172,0.8583333333333333,1.4749245327518237,0.9979060072627604,5.032135251168046,1.7559200951640905,0.021119346240208618,140.53953436349428,55.595752590112234,29.833072591485056,0.17937015148437369,0.21666666666666667,0.475,0.9753,30.216019761207075,16.821574418737136,Wh,16.821574418737136,Wh
154,d91abf9d655828ef6fbbbc61ba05f8e2,Ensemble,"{""model_name"": ""BestN"", ""model_count"": 5, ""model_metric"": ""mixed_metric"", ""models"": {""ca2e0fcc7b23d74ee347d493f6ff4379"": {""Model"": ""ARIMA"", ""ModelParameters"": ""{\""p\"": 0, \""d\"": 2, \""q\"": 2, \""regression_type\"": null}"", ""TransformationParameters"": ""{\""fillna\"": \""cubic\"", \""transformations\"": {\""0\"": \""AlignLastValue\"", \""1\"": \""AlignLastValue\""}, \""transformation_params\"": {\""0\"": {\""rows\"": 84, \""lag\"": 1, \""method\"": \""additive\"", \""strength\"": 0.5, \""first_value_only\"": false, \""threshold\"": 10, \""threshold_method\"": \""max\"", \""mean_type\"": \""arithmetic\""}, \""1\"": {\""rows\"": 1, \""lag\"": 7, \""method\"": \""additive\"", \""strength\"": 1.0, \""first_value_only\"": false, \""threshold\"": 10, \""threshold_method\"": \""mean\"", \""mean_type\"": \""arithmetic\""}}}""}, ""216178f098ef6698659d5bd14449f8af"": {""Model"": ""ARIMA"", ""ModelParameters"": ""{\""p\"": 4, \""d\"": 2, \""q\"": 4, \""regression_type\"": null}"", ""TransformationParameters"": ""{\""fillna\"": \""cubic\"", \""transformations\"": {\""0\"": \""bkfilter\"", \""1\"": \""AlignLastValue\""}, \""transformation_params\"": {\""0\"": {}, \""1\"": {\""rows\"": 1, \""lag\"": 7, \""method\"": \""additive\"", \""strength\"": 1.0, \""first_value_only\"": false, \""threshold\"": 10, \""threshold_method\"": \""mean\"", \""mean_type\"": \""arithmetic\""}}}""}, ""5c9aafe0ed22a0009a0c5786b4223a8f"": {""Model"": ""FBProphet"", ""ModelParameters"": ""{\""holiday\"": false, \""regression_type\"": null, \""growth\"": \""linear\"", \""seasonality_mode\"": \""additive\"", \""changepoint_prior_scale\"": 0.05, \""n_changepoints\"": 25, \""changepoint_range\"": 0.8, \""changepoint_spacing\"": null, \""changepoint_distance_end\"": null, \""seasonality_prior_scale\"": 10.0, \""yearly_seasonality_prior_scale\"": null, \""yearly_seasonality_order\"": null, \""weekly_seasonality_prior_scale\"": 0.0001, \""holidays_prior_scale\"": 10.0, \""trend_phi\"": null}"", ""TransformationParameters"": ""{\""fillna\"": \""mean\"", \""transformations\"": {\""0\"": \""StandardScaler\"", \""1\"": \""bkfilter\"", \""2\"": \""HPFilter\""}, \""transformation_params\"": {\""0\"": {}, \""1\"": {}, \""2\"": {\""part\"": \""trend\"", \""lamb\"": 6.25}}}""}, ""5bb9f16e5f9c93ddad63947a240ff284"": {""Model"": ""FBProphet"", ""ModelParameters"": ""{\""holiday\"": false, \""regression_type\"": null, \""growth\"": \""linear\"", \""seasonality_mode\"": \""additive\"", \""changepoint_prior_scale\"": 0.05, \""n_changepoints\"": 25, \""changepoint_range\"": 360, \""changepoint_spacing\"": null, \""changepoint_distance_end\"": null, \""seasonality_prior_scale\"": 10.0, \""yearly_seasonality_prior_scale\"": null, \""yearly_seasonality_order\"": null, \""weekly_seasonality_prior_scale\"": null, \""holidays_prior_scale\"": 10.0, \""trend_phi\"": null}"", ""TransformationParameters"": ""{\""fillna\"": \""rolling_mean\"", \""transformations\"": {\""0\"": \""StandardScaler\"", \""1\"": \""bkfilter\"", \""2\"": \""HPFilter\""}, \""transformation_params\"": {\""0\"": {}, \""1\"": {}, \""2\"": {\""part\"": \""trend\"", \""lamb\"": 6.25}}}""}, ""90456766456292561f52d10770c88398"": {""Model"": ""FBProphet"", ""ModelParameters"": ""{\""holiday\"": false, \""regression_type\"": null, \""growth\"": \""linear\"", \""seasonality_mode\"": \""multiplicative\"", \""changepoint_prior_scale\"": 0.05, \""n_changepoints\"": 25, \""changepoint_range\"": 0.8, \""changepoint_spacing\"": null, \""changepoint_distance_end\"": null, \""seasonality_prior_scale\"": 10.0, \""yearly_seasonality_prior_scale\"": null, \""yearly_seasonality_order\"": null, \""weekly_seasonality_prior_scale\"": null, \""holidays_prior_scale\"": 0.1, \""trend_phi\"": null}"", ""TransformationParameters"": ""{\""fillna\"": \""linear\"", \""transformations\"": {\""0\"": \""UpscaleDownscaleTransformer\"", \""1\"": \""AlignLastValue\"", \""2\"": \""HPFilter\"", \""3\"": \""Discretize\"", \""4\"": \""ClipOutliers\"", \""5\"": \""Slice\""}, \""transformation_params\"": {\""0\"": {\""mode\"": \""downscale\"", \""factor\"": 1, \""down_method\"": \""decimate\"", \""fill_method\"": \""pchip\""}, \""1\"": {\""rows\"": 1, \""lag\"": 1, \""method\"": \""additive\"", \""strength\"": 1.0, \""first_value_only\"": false, \""threshold\"": null, \""threshold_method\"": \""max\"", \""mean_type\"": \""arithmetic\""}, \""2\"": {\""part\"": \""trend\"", \""lamb\"": 6.25}, \""3\"": {\""discretization\"": \""center\"", \""n_bins\"": 5}, \""4\"": {\""method\"": \""clip\"", \""std_threshold\"": 5, \""fillna\"": null}, \""5\"": {\""method\"": 0.5}}}""}}, ""point_method"": ""median"", ""model_weights"": {}}","{""fillna"": ""cubic"", ""transformations"": {""0"": ""ScipyFilter"", ""1"": ""DatepartRegression""}, ""transformation_params"": {""0"": {""method"": ""butter"", ""method_args"": {""N"": 1, ""btype"": ""highpass"", ""analog"": false, ""output"": ""sos"", ""Wn"": 0.024390243902439025}}, ""1"": {""regression_model"": {""model"": ""ElasticNet"", ""model_params"": {""l1_ratio"": 0.5, ""fit_intercept"": true, ""selection"": ""cyclic"", ""max_iter"": 1000}}, ""datepart_method"": [""weekdayofmonth"", ""common_fourier""], ""polynomial_degree"": null, ""transform_dict"": null, ""holiday_countries_used"": false, ""lags"": null, ""forward_lags"": null}}}",1,1,19.211518294192846,1.3577631348217563,1.5312966161576622,0.4781434070283979,1.3577631348217563,0.0,-0.07332357051867078,0.8081629374466962,162.85825260809207,1.3577417715262403,0.42908716291183596,0.75,0.4666666666666667,3.5899345667394584,0.4666666666666667,1.7977051233744148,1.1697790925382887,5.045035146012395,2.0455846296875984,0.026496858855327668,162.78492903757342,71.05699625582326,28.80513547619913,0.20776187649321728,19.211518294192846,1.3577631348217563,1.5312966161576622,0.4781434070283979,1.3577631348217563,0.0,0.8081629374466962,1.3577417715262403,0.42908716291183596,3.5899345667394584,0.4666666666666667,1.7977051233744148,1.1697790925382887,5.045035146012395,2.0455846296875984,0.026496858855327668,162.78492903757342,71.05699625582326,28.80513547619913,0.20776187649321728,0.75,0.4666666666666667,2.6283,30.07848834760922,19.28613289890563,Wh,19.28613289890563,Wh
155,230dc83f12c0ba67f52435f466836fd7,ARIMA,"{""p"": 2, ""d"": 1, ""q"": 7, ""regression_type"": ""Holiday""}","{""fillna"": ""ffill"", ""transformations"": {""0"": ""CenterLastValue"", ""1"": ""ChangepointDetrend"", ""2"": ""DatepartRegression""}, ""transformation_params"": {""0"": {""rows"": 4}, ""1"": {""model"": ""ElasticNet"", ""changepoint_spacing"": 90, ""changepoint_distance_end"": 180, ""datepart_method"": null}, ""2"": {""regression_model"": {""model"": ""DecisionTree"", ""model_params"": {""max_depth"": 9, ""min_samples_split"": 1.0}}, ""datepart_method"": ""lunar_phase"", ""polynomial_degree"": null, ""transform_dict"": {""fillna"": null, ""transformations"": {""0"": ""ClipOutliers""}, ""transformation_params"": {""0"": {""method"": ""clip"", ""std_threshold"": 4}}}, ""holiday_countries_used"": false, ""lags"": null, ""forward_lags"": null}}}",0,1,19.514597653419024,1.3624474043639632,1.5481892318188961,0.4999893110231911,1.3624474043639632,0.0,-1.5229246510093724,0.8065614145940377,161.97076387266623,1.3606236876601798,0.4105952386887487,0.7333333333333333,0.55,3.3875517177130083,0.9583333333333334,1.4865796592215272,1.1617901859152802,6.333611715775081,2.653794391739197,0.12332428992843877,160.44783922165684,56.66146384001057,26.18323347485127,0.2047790563478957,19.514597653419024,1.3624474043639632,1.5481892318188961,0.4999893110231911,1.3624474043639632,0.0,0.8065614145940377,1.3606236876601798,0.4105952386887487,3.3875517177130083,0.9583333333333334,1.4865796592215272,1.1617901859152802,6.333611715775081,2.653794391739197,0.12332428992843877,160.44783922165684,56.66146384001057,26.18323347485127,0.2047790563478957,0.7333333333333333,0.55,2.0037,30.04277762857568,19.352669868873633,Wh,19.352669868873633,Wh
156,03487a33eba741e948dd69a459304d16,Ensemble,"{""model_name"": ""BestN"", ""model_count"": 3, ""model_metric"": ""bestn_horizontal"", ""models"": {""5bb9f16e5f9c93ddad63947a240ff284"": {""Model"": ""FBProphet"", ""ModelParameters"": ""{\""holiday\"": false, \""regression_type\"": null, \""growth\"": \""linear\"", \""seasonality_mode\"": \""additive\"", \""changepoint_prior_scale\"": 0.05, \""n_changepoints\"": 25, \""changepoint_range\"": 360, \""changepoint_spacing\"": null, \""changepoint_distance_end\"": null, \""seasonality_prior_scale\"": 10.0, \""yearly_seasonality_prior_scale\"": null, \""yearly_seasonality_order\"": null, \""weekly_seasonality_prior_scale\"": null, \""holidays_prior_scale\"": 10.0, \""trend_phi\"": null}"", ""TransformationParameters"": ""{\""fillna\"": \""rolling_mean\"", \""transformations\"": {\""0\"": \""StandardScaler\"", \""1\"": \""bkfilter\"", \""2\"": \""HPFilter\""}, \""transformation_params\"": {\""0\"": {}, \""1\"": {}, \""2\"": {\""part\"": \""trend\"", \""lamb\"": 6.25}}}""}, ""290072eada53189c757f67ac7b1cfea9"": {""Model"": ""ARIMA"", ""ModelParameters"": ""{\""p\"": 0, \""d\"": 0, \""q\"": 2, \""regression_type\"": \""Holiday\""}"", ""TransformationParameters"": ""{\""fillna\"": \""mean\"", \""transformations\"": {\""0\"": \""AnomalyRemoval\"", \""1\"": \""ChangepointDetrend\"", \""2\"": \""ClipOutliers\""}, \""transformation_params\"": {\""0\"": {\""method\"": \""zscore\"", \""method_params\"": {\""distribution\"": \""chi2\"", \""alpha\"": 0.05}, \""fillna\"": \""ffill\"", \""transform_dict\"": null, \""isolated_only\"": false, \""on_inverse\"": false}, \""1\"": {\""model\"": \""ElasticNet\"", \""changepoint_spacing\"": 90, \""changepoint_distance_end\"": 180, \""datepart_method\"": null}, \""2\"": {\""method\"": \""clip\"", \""std_threshold\"": 2, \""fillna\"": null}}}""}, ""391cc75f9a7d750778405fc3cfcecb92"": {""Model"": ""RollingRegression"", ""ModelParameters"": ""{\""regression_model\"": {\""model\"": \""DecisionTree\"", \""model_params\"": {\""max_depth\"": null, \""min_samples_split\"": 0.05}}, \""holiday\"": false, \""mean_rolling_periods\"": null, \""macd_periods\"": null, \""std_rolling_periods\"": null, \""max_rolling_periods\"": 420, \""min_rolling_periods\"": 168, \""ewm_var_alpha\"": null, \""quantile90_rolling_periods\"": null, \""quantile10_rolling_periods\"": null, \""ewm_alpha\"": null, \""additional_lag_periods\"": 6, \""abs_energy\"": false, \""rolling_autocorr_periods\"": null, \""nonzero_last_n\"": null, \""add_date_part\"": \""expanded\"", \""polynomial_degree\"": null, \""x_transform\"": null, \""regression_type\"": null}"", ""TransformationParameters"": ""{\""fillna\"": \""mean\"", \""transformations\"": {\""0\"": \""STLFilter\"", \""1\"": \""RobustScaler\"", \""2\"": \""MaxAbsScaler\"", \""3\"": \""SeasonalDifference\"", \""4\"": \""AlignLastValue\""}, \""transformation_params\"": {\""0\"": {\""decomp_type\"": \""seasonal_decompose\"", \""part\"": \""trend\""}, \""1\"": {}, \""2\"": {}, \""3\"": {\""lag_1\"": 7, \""method\"": \""LastValue\""}, \""4\"": {\""rows\"": 1, \""lag\"": 2, \""method\"": \""additive\"", \""strength\"": 0.7, \""first_value_only\"": false, \""threshold\"": null, \""threshold_method\"": \""mean\"", \""mean_type\"": \""arithmetic\""}}}""}}, ""model_weights"": {""5bb9f16e5f9c93ddad63947a240ff284"": 4.0, ""290072eada53189c757f67ac7b1cfea9"": 3.0, ""391cc75f9a7d750778405fc3cfcecb92"": 2.0}, ""point_method"": ""mean""}","{""fillna"": ""quadratic"", ""transformations"": {""0"": ""AlignLastValue"", ""1"": ""ChangepointDetrend""}, ""transformation_params"": {""0"": {""rows"": 1, ""lag"": 1, ""method"": ""multiplicative"", ""strength"": 1.0, ""first_value_only"": false, ""threshold"": null, ""threshold_method"": ""mean""}, ""1"": {""model"": ""Linear"", ""changepoint_spacing"": 180, ""changepoint_distance_end"": 360, ""datepart_method"": null}}}",1,1,16.59368930498572,1.1351424559316912,1.2997367870187309,0.47359641813645736,1.1351424559316912,0.0,-1.1609102452621425,0.7142998846868063,135.0561844665408,1.1336177576381663,0.667624106790954,0.20833333333333334,0.48333333333333334,3.0571325120992814,0.975,1.4121623171686284,0.9488756873229294,4.913068941456692,1.655913090503254,0.030605591942680963,133.89527422127864,51.656881355719825,29.7033153276998,0.17089010383366526,16.59368930498572,1.1351424559316912,1.2997367870187309,0.47359641813645736,1.1351424559316912,0.0,0.7142998846868063,1.1336177576381663,0.667624106790954,3.0571325120992814,0.975,1.4121623171686284,0.9488756873229294,4.913068941456692,1.655913090503254,0.030605591942680963,133.89527422127864,51.656881355719825,29.7033153276998,0.17089010383366526,0.20833333333333334,0.48333333333333334,3.4775,29.97284241500506,16.123952479504254,Wh,16.123952479504254,Wh
157,3b769c26fa9c2d4112745318110e8158,DatepartRegression,"{""regression_model"": {""model"": ""ElasticNet"", ""model_params"": {""l1_ratio"": 0.5, ""fit_intercept"": true, ""selection"": ""cyclic"", ""max_iter"": 1000}}, ""datepart_method"": ""simple_2"", ""polynomial_degree"": null, ""holiday_countries_used"": false, ""lags"": null, ""forward_lags"": null, ""regression_type"": null}","{""fillna"": ""ffill"", ""transformations"": {""0"": ""SeasonalDifference"", ""1"": ""ChangepointDetrend"", ""2"": ""Detrend"", ""3"": ""LevelShiftTransformer"", ""4"": ""Slice""}, ""transformation_params"": {""0"": {""lag_1"": 12, ""method"": ""LastValue""}, ""1"": {""model"": ""Ridge"", ""changepoint_spacing"": 120, ""changepoint_distance_end"": 180, ""datepart_method"": null}, ""2"": {""model"": ""GLS"", ""phi"": 1, ""window"": 30, ""transform_dict"": {""fillna"": null, ""transformations"": {""0"": ""Discretize""}, ""transformation_params"": {""0"": {""discretization"": ""center"", ""n_bins"": 20}}}}, ""3"": {""window_size"": 364, ""alpha"": 4.0, ""grouping_forward_limit"": 3, ""max_level_shifts"": 5, ""alignment"": ""rolling_diff"", ""output"": ""univariate"", ""remove_at_shift"": false, ""shift_remove_window"": 0, ""shift_fillna"": ""mean"", ""window_method"": ""diff_overlap""}, ""4"": {""method"": 100}}}",0,1,18.86114905733306,1.2839178581534532,1.5294457968553616,0.9027414248047807,1.2839178581534532,0.0,-22.547961615736252,0.8325103050897141,131.52218136267817,1.208948607905983,0.4598113127386981,0.9166666666666666,0.575,3.780669353249083,0.6333333333333333,1.7658066787576057,1.0428892023676999,5.474885860933955,4.249491730675754,0.8857700324213285,108.97421974694188,38.75830740836714,22.171732212688788,0.13908344290756192,18.86114905733306,1.2839178581534532,1.5294457968553616,0.9027414248047807,1.2839178581534532,0.0,0.8325103050897141,1.208948607905983,0.4598113127386981,3.780669353249083,0.6333333333333333,1.7658066787576057,1.0428892023676999,5.474885860933955,4.249491730675754,0.8857700324213285,108.97421974694188,38.75830740836714,22.171732212688788,0.13908344290756192,0.9166666666666666,0.575,0.2093,29.894130835488774,18.237209280893044,Wh,18.237209280893044,Wh
158,86d0fdfe25ca3e31b39985e9b5d17802,FBProphet,"{""holiday"": false, ""regression_type"": null, ""growth"": ""linear"", ""seasonality_mode"": ""multiplicative"", ""changepoint_prior_scale"": 0.05, ""n_changepoints"": 25, ""changepoint_range"": 0.85, ""changepoint_spacing"": null, ""changepoint_distance_end"": null, ""seasonality_prior_scale"": 10.0, ""yearly_seasonality_prior_scale"": null, ""yearly_seasonality_order"": 12, ""weekly_seasonality_prior_scale"": 10.0, ""holidays_prior_scale"": 0.1, ""trend_phi"": 0.98}","{""fillna"": ""time"", ""transformations"": {""0"": ""bkfilter"", ""1"": ""SeasonalDifference"", ""2"": ""AlignLastValue""}, ""transformation_params"": {""0"": {}, ""1"": {""lag_1"": 12, ""method"": ""LastValue""}, ""2"": {""rows"": 1, ""lag"": 1, ""method"": ""additive"", ""strength"": 1.0, ""first_value_only"": false, ""threshold"": 1, ""threshold_method"": ""max"", ""mean_type"": ""arithmetic""}}}",0,1,15.546109881446796,0.9827235127324604,1.2499477441225209,0.865589148616894,0.9827235127324604,0.0,-40.53321484302724,0.7457194025398608,77.393606684868,0.8507966222884864,0.7626906235955179,0.0,0.55,3.2325028710886032,0.8833333333333333,1.4399309363117399,0.7321421035684834,4.063615109763164,2.340445281468074,0.8316404751630235,36.860391841840766,8.610882887664033,18.672537728610376,0.047044798450404955,15.546109881446796,0.9827235127324604,1.2499477441225209,0.865589148616894,0.9827235127324604,0.0,0.7457194025398608,0.8507966222884864,0.7626906235955179,3.2325028710886032,0.8833333333333333,1.4399309363117399,0.7321421035684834,4.063615109763164,2.340445281468074,0.8316404751630235,36.860391841840766,8.610882887664033,18.672537728610376,0.047044798450404955,0.0,0.55,0.8113,29.713535247820136,13.958941573358969,Wh,13.958941573358969,Wh
159,74696aed82255cba632caa8d9216267b,ARIMA,"{""p"": 4, ""d"": 0, ""q"": 5, ""regression_type"": null}","{""fillna"": ""ffill"", ""transformations"": {""0"": ""AlignLastValue"", ""1"": ""MaxAbsScaler""}, ""transformation_params"": {""0"": {""rows"": 1, ""lag"": 1, ""method"": ""multiplicative"", ""strength"": 1.0, ""first_value_only"": false, ""threshold"": 10, ""threshold_method"": ""mean"", ""mean_type"": ""arithmetic""}, ""1"": {}}}",0,1,18.999384306635722,1.321029184450279,1.5085520176264688,0.48088212434934374,1.321029184450279,0.0,-1.5225534295646517,0.7883967766360994,157.00094870446884,1.3195886981779315,0.4321079037329721,0.9166666666666666,0.5,3.3091363794995248,0.9666666666666667,1.4725557767677808,1.1190215787988387,6.173726886702641,2.496776264229466,0.14538059858282742,155.4783952749042,54.26502202790478,24.096172767708737,0.1984365711706169,18.999384306635722,1.321029184450279,1.5085520176264688,0.48088212434934374,1.321029184450279,0.0,0.7883967766360994,1.3195886981779315,0.4321079037329721,3.3091363794995248,0.9666666666666667,1.4725557767677808,1.1190215787988387,6.173726886702641,2.496776264229466,0.14538059858282742,155.4783952749042,54.26502202790478,24.096172767708737,0.1984365711706169,0.9166666666666666,0.5,2.0928,29.69161740214725,18.764351278388204,Wh,18.764351278388204,Wh
160,2f37f60088050c74ea349f4ba096e7f9,FBProphet,"{""holiday"": false, ""regression_type"": null, ""growth"": ""linear"", ""seasonality_mode"": ""multiplicative"", ""changepoint_prior_scale"": 0.001, ""n_changepoints"": 25, ""changepoint_range"": 0.8, ""changepoint_spacing"": null, ""changepoint_distance_end"": null, ""seasonality_prior_scale"": 10.0, ""yearly_seasonality_prior_scale"": null, ""yearly_seasonality_order"": 2, ""weekly_seasonality_prior_scale"": null, ""holidays_prior_scale"": 10.0, ""trend_phi"": null}","{""fillna"": ""zero"", ""transformations"": {""0"": ""AlignLastValue""}, ""transformation_params"": {""0"": {""rows"": 1, ""lag"": 1, ""method"": ""additive"", ""strength"": 1.0, ""first_value_only"": false, ""threshold"": 1, ""threshold_method"": ""mean"", ""mean_type"": ""arithmetic""}}}",0,1,19.103373018391927,1.3339104423735557,1.5257773293050712,0.541302220581875,1.3339104423735557,0.0,-2.2652107566187185,0.7957798605258771,157.80404232820797,1.3302750644130632,0.4098874385212019,0.8666666666666667,0.4583333333333333,3.411995729360065,0.6916666666666667,1.6829189972449368,1.1257718158491232,6.057408423686246,2.525424213807639,0.3696412432048621,155.53883157158924,56.0318131809457,16.268788223057346,0.19851370581988587,19.103373018391927,1.3339104423735557,1.5257773293050712,0.541302220581875,1.3339104423735557,0.0,0.7957798605258771,1.3302750644130632,0.4098874385212019,3.411995729360065,0.6916666666666667,1.6829189972449368,1.1257718158491232,6.057408423686246,2.525424213807639,0.3696412432048621,155.53883157158924,56.0318131809457,16.268788223057346,0.19851370581988587,0.8666666666666667,0.4583333333333333,0.8572,29.567218185267137,18.94732108058865,Wh,18.94732108058865,Wh
161,17efe6c97528bb24a68663c708ad6e97,ARIMA,"{""p"": 4, ""d"": 1, ""q"": 12, ""regression_type"": null}","{""fillna"": ""rolling_mean"", ""transformations"": {""0"": ""AlignLastValue"", ""1"": ""bkfilter"", ""2"": ""AlignLastValue""}, ""transformation_params"": {""0"": {""rows"": 1, ""lag"": 1, ""method"": ""additive"", ""strength"": 1.0, ""first_value_only"": false, ""threshold"": 1, ""threshold_method"": ""mean"", ""mean_type"": ""arithmetic""}, ""1"": {}, ""2"": {""rows"": 1, ""lag"": 1, ""method"": ""additive"", ""strength"": 1.0, ""first_value_only"": false, ""threshold"": 1, ""threshold_method"": ""max"", ""mean_type"": ""arithmetic""}}}",0,1,19.16351308282385,1.3356809487811925,1.5167124423934804,0.5511695452525884,1.3356809487811925,0.0,-2.4812380484500816,0.8005747287109218,157.80047580529302,1.3318973166555876,0.39668785633929726,0.85,0.49166666666666664,3.227788136576308,0.9,1.519453728381688,1.1308418337099588,6.162204144050744,2.5679115492310016,0.4100578555689337,155.31923775684294,54.777193730610186,13.924120980688103,0.19823343894697734,19.16351308282385,1.3356809487811925,1.5167124423934804,0.5511695452525884,1.3356809487811925,0.0,0.8005747287109218,1.3318973166555876,0.39668785633929726,3.227788136576308,0.9,1.519453728381688,1.1308418337099588,6.162204144050744,2.5679115492310016,0.4100578555689337,155.31923775684294,54.777193730610186,13.924120980688103,0.19823343894697734,0.85,0.49166666666666664,6.1076,29.393789181369502,18.97246996038979,Wh,18.97246996038979,Wh
162,1734af84c5a9a0493b9b683152ba2144,DatepartRegression,"{""regression_model"": {""model"": ""RandomForest"", ""model_params"": {""n_estimators"": 100, ""min_samples_leaf"": 2, ""bootstrap"": true}}, ""datepart_method"": ""expanded"", ""polynomial_degree"": null, ""holiday_countries_used"": false, ""lags"": null, ""forward_lags"": null, ""regression_type"": null}","{""fillna"": ""ffill"", ""transformations"": {""0"": ""QuantileTransformer"", ""1"": ""QuantileTransformer""}, ""transformation_params"": {""0"": {""output_distribution"": ""normal"", ""n_quantiles"": 20}, ""1"": {""output_distribution"": ""uniform"", ""n_quantiles"": 27}}}",0,1,15.212175540658581,1.0318116119460385,1.2344285424271835,0.5350127520295467,1.0318116119460385,0.0,-6.945949674993393,0.6674024508860015,116.87144375853124,1.0187464265634807,0.7271697148139298,1.0,0.5166666666666667,3.17485609503954,0.9833333333333333,1.3783886768331806,0.8308796774401571,4.859227699366168,2.3803443353501597,0.3487607058244289,109.92549408353784,34.1321091524075,16.97874745098236,0.14029755125530335,15.212175540658581,1.0318116119460385,1.2344285424271835,0.5350127520295467,1.0318116119460385,0.0,0.6674024508860015,1.0187464265634807,0.7271697148139298,3.17485609503954,0.9833333333333333,1.3783886768331806,0.8308796774401571,4.859227699366168,2.3803443353501597,0.3487607058244289,109.92549408353784,34.1321091524075,16.97874745098236,0.14029755125530335,1.0,0.5166666666666667,0.3241,29.189792107460743,14.656205758037258,Wh,14.656205758037258,Wh
163,cc75fc1c97bfefa90a2c2d8fedc97052,Ensemble,"{""model_name"": ""BestN"", ""model_count"": 5, ""model_metric"": ""bestn_horizontal"", ""models"": {""5bb9f16e5f9c93ddad63947a240ff284"": {""Model"": ""FBProphet"", ""ModelParameters"": ""{\""holiday\"": false, \""regression_type\"": null, \""growth\"": \""linear\"", \""seasonality_mode\"": \""additive\"", \""changepoint_prior_scale\"": 0.05, \""n_changepoints\"": 25, \""changepoint_range\"": 360, \""changepoint_spacing\"": null, \""changepoint_distance_end\"": null, \""seasonality_prior_scale\"": 10.0, \""yearly_seasonality_prior_scale\"": null, \""yearly_seasonality_order\"": null, \""weekly_seasonality_prior_scale\"": null, \""holidays_prior_scale\"": 10.0, \""trend_phi\"": null}"", ""TransformationParameters"": ""{\""fillna\"": \""rolling_mean\"", \""transformations\"": {\""0\"": \""StandardScaler\"", \""1\"": \""bkfilter\"", \""2\"": \""HPFilter\""}, \""transformation_params\"": {\""0\"": {}, \""1\"": {}, \""2\"": {\""part\"": \""trend\"", \""lamb\"": 6.25}}}""}, ""5c9aafe0ed22a0009a0c5786b4223a8f"": {""Model"": ""FBProphet"", ""ModelParameters"": ""{\""holiday\"": false, \""regression_type\"": null, \""growth\"": \""linear\"", \""seasonality_mode\"": \""additive\"", \""changepoint_prior_scale\"": 0.05, \""n_changepoints\"": 25, \""changepoint_range\"": 0.8, \""changepoint_spacing\"": null, \""changepoint_distance_end\"": null, \""seasonality_prior_scale\"": 10.0, \""yearly_seasonality_prior_scale\"": null, \""yearly_seasonality_order\"": null, \""weekly_seasonality_prior_scale\"": 0.0001, \""holidays_prior_scale\"": 10.0, \""trend_phi\"": null}"", ""TransformationParameters"": ""{\""fillna\"": \""mean\"", \""transformations\"": {\""0\"": \""StandardScaler\"", \""1\"": \""bkfilter\"", \""2\"": \""HPFilter\""}, \""transformation_params\"": {\""0\"": {}, \""1\"": {}, \""2\"": {\""part\"": \""trend\"", \""lamb\"": 6.25}}}""}, ""2f39eb773641165ab62d1d03bee46b54"": {""Model"": ""FBProphet"", ""ModelParameters"": ""{\""holiday\"": false, \""regression_type\"": null, \""growth\"": \""linear\"", \""seasonality_mode\"": \""additive\"", \""changepoint_prior_scale\"": 0.05, \""n_changepoints\"": 25, \""changepoint_range\"": 360, \""changepoint_spacing\"": null, \""changepoint_distance_end\"": null, \""seasonality_prior_scale\"": 10.0, \""yearly_seasonality_prior_scale\"": null, \""yearly_seasonality_order\"": null, \""weekly_seasonality_prior_scale\"": null, \""holidays_prior_scale\"": 20, \""trend_phi\"": null}"", ""TransformationParameters"": ""{\""fillna\"": \""rolling_mean\"", \""transformations\"": {\""0\"": \""StandardScaler\"", \""1\"": \""bkfilter\"", \""2\"": \""HPFilter\""}, \""transformation_params\"": {\""0\"": {}, \""1\"": {}, \""2\"": {\""part\"": \""trend\"", \""lamb\"": 6.25}}}""}, ""03692eafcc5a0b55c93fa7a44934e875"": {""Model"": ""FBProphet"", ""ModelParameters"": ""{\""holiday\"": false, \""regression_type\"": null, \""growth\"": \""linear\"", \""seasonality_mode\"": \""multiplicative\"", \""changepoint_prior_scale\"": 0.05, \""n_changepoints\"": 25, \""changepoint_range\"": 0.8, \""changepoint_spacing\"": null, \""changepoint_distance_end\"": null, \""seasonality_prior_scale\"": 10.0, \""yearly_seasonality_prior_scale\"": null, \""yearly_seasonality_order\"": null, \""weekly_seasonality_prior_scale\"": 0.0001, \""holidays_prior_scale\"": 0.1, \""trend_phi\"": null}"", ""TransformationParameters"": ""{\""fillna\"": \""rolling_mean\"", \""transformations\"": {\""0\"": \""StandardScaler\"", \""1\"": \""bkfilter\"", \""2\"": \""HPFilter\""}, \""transformation_params\"": {\""0\"": {}, \""1\"": {}, \""2\"": {\""part\"": \""trend\"", \""lamb\"": 6.25}}}""}, ""0c0137540bc924eddab1cf1337a173c4"": {""Model"": ""FBProphet"", ""ModelParameters"": ""{\""holiday\"": false, \""regression_type\"": null, \""growth\"": \""linear\"", \""seasonality_mode\"": \""additive\"", \""changepoint_prior_scale\"": 0.05, \""n_changepoints\"": 25, \""changepoint_range\"": 0.85, \""changepoint_spacing\"": null, \""changepoint_distance_end\"": null, \""seasonality_prior_scale\"": 10.0, \""yearly_seasonality_prior_scale\"": null, \""yearly_seasonality_order\"": null, \""weekly_seasonality_prior_scale\"": 0.0001, \""holidays_prior_scale\"": 0.1, \""trend_phi\"": null}"", ""TransformationParameters"": ""{\""fillna\"": \""rolling_mean\"", \""transformations\"": {\""0\"": \""StandardScaler\"", \""1\"": \""bkfilter\"", \""2\"": \""HPFilter\""}, \""transformation_params\"": {\""0\"": {}, \""1\"": {}, \""2\"": {\""part\"": \""trend\"", \""lamb\"": 6.25}}}""}}, ""point_method"": ""median"", ""model_weights"": {}}","{""fillna"": ""quadratic"", ""transformations"": {""0"": ""AlignLastValue"", ""1"": ""ChangepointDetrend""}, ""transformation_params"": {""0"": {""rows"": 1, ""lag"": 1, ""method"": ""multiplicative"", ""strength"": 1.0, ""first_value_only"": false, ""threshold"": null, ""threshold_method"": ""mean""}, ""1"": {""model"": ""Linear"", ""changepoint_spacing"": 180, ""changepoint_distance_end"": 360, ""datepart_method"": null}}}",1,1,15.680134531414298,1.066432278492549,1.2320611226179061,0.47369728267248473,1.066432278492549,0.0,-1.3151946427644763,0.6822536810501835,126.65667877634142,1.0646821096398678,0.6835278091294393,0.14166666666666666,0.5083333333333333,2.978948132438412,0.975,1.3910796100828418,0.8810439845800226,4.529811405901837,1.4480841628145784,0.009896345430634848,125.34148413357694,49.26400232165793,30.245144089224908,0.15997292931230775,15.680134531414298,1.066432278492549,1.2320611226179061,0.47369728267248473,1.066432278492549,0.0,0.6822536810501835,1.0646821096398678,0.6835278091294393,2.978948132438412,0.975,1.3910796100828418,0.8810439845800226,4.529811405901837,1.4480841628145784,0.009896345430634848,125.34148413357694,49.26400232165793,30.245144089224908,0.15997292931230775,0.14166666666666666,0.5083333333333333,3.2853,29.0682375726581,15.147969570841289,Wh,15.147969570841289,Wh
164,1b7d342951c058fb825aec5a6b0d3918,ARIMA,"{""p"": 0, ""d"": 1, ""q"": 7, ""regression_type"": null}","{""fillna"": ""zero"", ""transformations"": {""0"": ""ThetaTransformer"", ""1"": ""Round""}, ""transformation_params"": {""0"": {""theta_values"": [0, 0.5, 1.5, 2]}, ""1"": {""decimals"": 0, ""on_transform"": true, ""on_inverse"": false}}}",0,1,18.46345844036322,1.2783185811533755,1.4596734137389655,0.4753401704650429,1.2783185811533755,0.0,-2.385100655803063,0.7744658225139933,151.01312908260203,1.2752723968081783,0.4372944234268141,0.9333333333333333,0.5,3.269382971280482,0.9666666666666667,1.4571396215735548,1.0786592475413956,5.963775542151077,2.527424012605463,0.022872022103231616,148.62802842679895,51.36502475778873,28.838837312485364,0.1896934702002515,18.46345844036322,1.2783185811533755,1.4596734137389655,0.4753401704650429,1.2783185811533755,0.0,0.7744658225139933,1.2752723968081783,0.4372944234268141,3.269382971280482,0.9666666666666667,1.4571396215735548,1.0786592475413956,5.963775542151077,2.527424012605463,0.022872022103231616,148.62802842679895,51.36502475778873,28.838837312485364,0.1896934702002515,0.9333333333333333,0.5,10.2759,29.057107264825934,18.15767523140255,Wh,18.15767523140255,Wh
165,603c823de814cf022dd8db56e949f614,ARIMA,"{""p"": 1, ""d"": 1, ""q"": 2, ""regression_type"": null}","{""fillna"": ""zero"", ""transformations"": {""0"": ""ClipOutliers"", ""1"": ""Detrend"", ""2"": ""Slice"", ""3"": ""AlignLastValue""}, ""transformation_params"": {""0"": {""method"": ""clip"", ""std_threshold"": 3.5, ""fillna"": null}, ""1"": {""model"": ""GLS"", ""phi"": 1, ""window"": 10, ""transform_dict"": {""fillna"": null, ""transformations"": {""0"": ""ClipOutliers""}, ""transformation_params"": {""0"": {""method"": ""clip"", ""std_threshold"": 4}}}}, ""2"": {""method"": 0.2}, ""3"": {""rows"": 1, ""lag"": 1, ""method"": ""additive"", ""strength"": 1.0, ""first_value_only"": false, ""threshold"": null, ""threshold_method"": ""mean"", ""mean_type"": ""arithmetic""}}}",0,1,18.69300936314612,1.2965730064439194,1.4853722272158478,0.4720181586019242,1.2965730064439194,0.0,-1.6371339293004699,0.7782938233915832,153.9516268439699,1.294640127959392,0.4149928136266044,0.9,0.5083333333333333,3.302416422421233,0.975,1.4605200567476821,1.0937281815877764,6.093888784848292,2.432705422712298,0.0024903092114122753,152.31449291466942,52.69638052162441,30.54245108690988,0.19439849285900632,18.69300936314612,1.2965730064439194,1.4853722272158478,0.4720181586019242,1.2965730064439194,0.0,0.7782938233915832,1.294640127959392,0.4149928136266044,3.302416422421233,0.975,1.4605200567476821,1.0937281815877764,6.093888784848292,2.432705422712298,0.0024903092114122753,152.31449291466942,52.69638052162441,30.54245108690988,0.19439849285900632,0.9,0.5083333333333333,0.1091,29.0534352216714,18.416967344376868,Wh,18.416967344376868,Wh
166,8a9b11e709252b21f06018c8b5015d6c,Ensemble,"{""model_name"": ""BestN"", ""model_count"": 3, ""model_metric"": ""mixed_metric"", ""models"": {""ca2e0fcc7b23d74ee347d493f6ff4379"": {""Model"": ""ARIMA"", ""ModelParameters"": ""{\""p\"": 0, \""d\"": 2, \""q\"": 2, \""regression_type\"": null}"", ""TransformationParameters"": ""{\""fillna\"": \""cubic\"", \""transformations\"": {\""0\"": \""AlignLastValue\"", \""1\"": \""AlignLastValue\""}, \""transformation_params\"": {\""0\"": {\""rows\"": 84, \""lag\"": 1, \""method\"": \""additive\"", \""strength\"": 0.5, \""first_value_only\"": false, \""threshold\"": 10, \""threshold_method\"": \""max\"", \""mean_type\"": \""arithmetic\""}, \""1\"": {\""rows\"": 1, \""lag\"": 7, \""method\"": \""additive\"", \""strength\"": 1.0, \""first_value_only\"": false, \""threshold\"": 10, \""threshold_method\"": \""mean\"", \""mean_type\"": \""arithmetic\""}}}""}, ""216178f098ef6698659d5bd14449f8af"": {""Model"": ""ARIMA"", ""ModelParameters"": ""{\""p\"": 4, \""d\"": 2, \""q\"": 4, \""regression_type\"": null}"", ""TransformationParameters"": ""{\""fillna\"": \""cubic\"", \""transformations\"": {\""0\"": \""bkfilter\"", \""1\"": \""AlignLastValue\""}, \""transformation_params\"": {\""0\"": {}, \""1\"": {\""rows\"": 1, \""lag\"": 7, \""method\"": \""additive\"", \""strength\"": 1.0, \""first_value_only\"": false, \""threshold\"": 10, \""threshold_method\"": \""mean\"", \""mean_type\"": \""arithmetic\""}}}""}, ""5c9aafe0ed22a0009a0c5786b4223a8f"": {""Model"": ""FBProphet"", ""ModelParameters"": ""{\""holiday\"": false, \""regression_type\"": null, \""growth\"": \""linear\"", \""seasonality_mode\"": \""additive\"", \""changepoint_prior_scale\"": 0.05, \""n_changepoints\"": 25, \""changepoint_range\"": 0.8, \""changepoint_spacing\"": null, \""changepoint_distance_end\"": null, \""seasonality_prior_scale\"": 10.0, \""yearly_seasonality_prior_scale\"": null, \""yearly_seasonality_order\"": null, \""weekly_seasonality_prior_scale\"": 0.0001, \""holidays_prior_scale\"": 10.0, \""trend_phi\"": null}"", ""TransformationParameters"": ""{\""fillna\"": \""mean\"", \""transformations\"": {\""0\"": \""StandardScaler\"", \""1\"": \""bkfilter\"", \""2\"": \""HPFilter\""}, \""transformation_params\"": {\""0\"": {}, \""1\"": {}, \""2\"": {\""part\"": \""trend\"", \""lamb\"": 6.25}}}""}}, ""model_weights"": {}, ""point_method"": ""mean""}","{""fillna"": ""linear"", ""transformations"": {""0"": ""Constraint""}, ""transformation_params"": {""0"": {""constraint_method"": ""quantile"", ""constraint_direction"": ""lower"", ""constraint_regularization"": 0.7, ""constraint_value"": 0.5, ""bounds_only"": false, ""fillna"": ""linear""}}}",1,1,16.1598911892404,1.1001208165763758,1.2724038288519286,0.47502121823503946,1.1001208165763758,0.0,-2.3198077349141704,0.6967434561461082,129.69469025425093,1.0972324702921663,0.6307434678158446,0.35833333333333334,0.4583333333333333,3.0501844921594756,0.9833333333333333,1.3989913442373687,0.9110044665673415,4.957687703056676,1.678465284000975,0.009819245175677454,127.37488251933678,46.011354868384146,30.100639006753532,0.1625681490711727,16.1598911892404,1.1001208165763758,1.2724038288519286,0.47502121823503946,1.1001208165763758,0.0,0.6967434561461082,1.0972324702921663,0.6307434678158446,3.0501844921594756,0.9833333333333333,1.3989913442373687,0.9110044665673415,4.957687703056676,1.678465284000975,0.009819245175677454,127.37488251933678,46.011354868384146,30.100639006753532,0.1625681490711727,0.35833333333333334,0.4583333333333333,1.4977,28.898627424645994,15.626493111502759,Wh,15.626493111502759,Wh
167,f3262ce3e79b37073b60e0d840bd99e3,RollingRegression,"{""regression_model"": {""model"": ""HistGradientBoost"", ""model_params"": {""loss"": ""squared_error"", ""learning_rate"": 0.1, ""max_depth"": null, ""min_samples_leaf"": 20, ""max_iter"": 100, ""l2_regularization"": 0}}, ""holiday"": false, ""mean_rolling_periods"": 7, ""macd_periods"": null, ""std_rolling_periods"": null, ""max_rolling_periods"": null, ""min_rolling_periods"": 4, ""ewm_var_alpha"": null, ""quantile90_rolling_periods"": null, ""quantile10_rolling_periods"": null, ""ewm_alpha"": null, ""additional_lag_periods"": 6, ""abs_energy"": false, ""rolling_autocorr_periods"": null, ""nonzero_last_n"": null, ""add_date_part"": ""expanded"", ""polynomial_degree"": null, ""x_transform"": null, ""regression_type"": null}","{""fillna"": ""cubic"", ""transformations"": {""0"": ""bkfilter"", ""1"": ""RobustScaler"", ""2"": ""MaxAbsScaler"", ""3"": ""SeasonalDifference""}, ""transformation_params"": {""0"": {}, ""1"": {}, ""2"": {}, ""3"": {""lag_1"": 7, ""method"": ""LastValue""}}}",0,1,18.147997783309044,1.154120970506944,1.4167494872173345,0.9938566485268159,1.154120970506944,0.0,-53.076957121195974,0.8903440744095185,85.41755933963731,0.9616878092129658,0.4732599511735254,0.95,0.5083333333333333,3.9718741435894227,0.9833333333333333,1.449812416050742,0.9060024396440284,4.656261296865281,2.44107537863245,0.8578026624314199,32.34060221844134,9.067091926953287,23.931759336486248,0.0412762056263402,18.147997783309044,1.154120970506944,1.4167494872173345,0.9938566485268159,1.154120970506944,0.0,0.8903440744095185,0.9616878092129658,0.4732599511735254,3.9718741435894227,0.9833333333333333,1.449812416050742,0.9060024396440284,4.656261296865281,2.44107537863245,0.8578026624314199,32.34060221844134,9.067091926953287,23.931759336486248,0.0412762056263402,0.95,0.5083333333333333,2.3464,28.607883659389778,16.393529804838096,Wh,16.393529804838096,Wh
168,3f9584d2be036e65f0048ab4197237da,Ensemble,"{""model_name"": ""BestN"", ""model_count"": 3, ""model_metric"": ""best_score"", ""models"": {""5bb9f16e5f9c93ddad63947a240ff284"": {""Model"": ""FBProphet"", ""ModelParameters"": ""{\""holiday\"": false, \""regression_type\"": null, \""growth\"": \""linear\"", \""seasonality_mode\"": \""additive\"", \""changepoint_prior_scale\"": 0.05, \""n_changepoints\"": 25, \""changepoint_range\"": 360, \""changepoint_spacing\"": null, \""changepoint_distance_end\"": null, \""seasonality_prior_scale\"": 10.0, \""yearly_seasonality_prior_scale\"": null, \""yearly_seasonality_order\"": null, \""weekly_seasonality_prior_scale\"": null, \""holidays_prior_scale\"": 10.0, \""trend_phi\"": null}"", ""TransformationParameters"": ""{\""fillna\"": \""rolling_mean\"", \""transformations\"": {\""0\"": \""StandardScaler\"", \""1\"": \""bkfilter\"", \""2\"": \""HPFilter\""}, \""transformation_params\"": {\""0\"": {}, \""1\"": {}, \""2\"": {\""part\"": \""trend\"", \""lamb\"": 6.25}}}""}, ""5c9aafe0ed22a0009a0c5786b4223a8f"": {""Model"": ""FBProphet"", ""ModelParameters"": ""{\""holiday\"": false, \""regression_type\"": null, \""growth\"": \""linear\"", \""seasonality_mode\"": \""additive\"", \""changepoint_prior_scale\"": 0.05, \""n_changepoints\"": 25, \""changepoint_range\"": 0.8, \""changepoint_spacing\"": null, \""changepoint_distance_end\"": null, \""seasonality_prior_scale\"": 10.0, \""yearly_seasonality_prior_scale\"": null, \""yearly_seasonality_order\"": null, \""weekly_seasonality_prior_scale\"": 0.0001, \""holidays_prior_scale\"": 10.0, \""trend_phi\"": null}"", ""TransformationParameters"": ""{\""fillna\"": \""mean\"", \""transformations\"": {\""0\"": \""StandardScaler\"", \""1\"": \""bkfilter\"", \""2\"": \""HPFilter\""}, \""transformation_params\"": {\""0\"": {}, \""1\"": {}, \""2\"": {\""part\"": \""trend\"", \""lamb\"": 6.25}}}""}, ""2f39eb773641165ab62d1d03bee46b54"": {""Model"": ""FBProphet"", ""ModelParameters"": ""{\""holiday\"": false, \""regression_type\"": null, \""growth\"": \""linear\"", \""seasonality_mode\"": \""additive\"", \""changepoint_prior_scale\"": 0.05, \""n_changepoints\"": 25, \""changepoint_range\"": 360, \""changepoint_spacing\"": null, \""changepoint_distance_end\"": null, \""seasonality_prior_scale\"": 10.0, \""yearly_seasonality_prior_scale\"": null, \""yearly_seasonality_order\"": null, \""weekly_seasonality_prior_scale\"": null, \""holidays_prior_scale\"": 20, \""trend_phi\"": null}"", ""TransformationParameters"": ""{\""fillna\"": \""rolling_mean\"", \""transformations\"": {\""0\"": \""StandardScaler\"", \""1\"": \""bkfilter\"", \""2\"": \""HPFilter\""}, \""transformation_params\"": {\""0\"": {}, \""1\"": {}, \""2\"": {\""part\"": \""trend\"", \""lamb\"": 6.25}}}""}}, ""model_weights"": {}, ""point_method"": ""mean""}","{""fillna"": ""quadratic"", ""transformations"": {""0"": ""AlignLastValue"", ""1"": ""ChangepointDetrend""}, ""transformation_params"": {""0"": {""rows"": 1, ""lag"": 1, ""method"": ""multiplicative"", ""strength"": 1.0, ""first_value_only"": false, ""threshold"": null, ""threshold_method"": ""mean""}, ""1"": {""model"": ""Linear"", ""changepoint_spacing"": 180, ""changepoint_distance_end"": 360, ""datepart_method"": null}}}",1,1,15.426227906531755,1.0472765951260825,1.2144910883754627,0.4743715168043805,1.0472765951260825,0.0,-1.4320882070277632,0.6727787554254687,124.24110320810212,1.0453114731026356,0.6727365136551583,0.15,0.48333333333333334,2.9559338850731542,0.975,1.3851533349821212,0.8619652468443895,4.444474611029427,1.4076301997605605,0.020564020914439644,122.80901500107439,48.24969575375174,29.435570405879552,0.15674074717947384,15.426227906531755,1.0472765951260825,1.2144910883754627,0.4743715168043805,1.0472765951260825,0.0,0.6727787554254687,1.0453114731026356,0.6727365136551583,2.9559338850731542,0.975,1.3851533349821212,0.8619652468443895,4.444474611029427,1.4076301997605605,0.020564020914439644,122.80901500107439,48.24969575375174,29.435570405879552,0.15674074717947384,0.15,0.48333333333333334,1.9871,28.602603612651723,14.875875679277847,Wh,14.875875679277847,Wh
169,c3e710a729c0571e3c00a921c33a7468,DatepartRegression,"{""regression_model"": {""model"": ""RandomForest"", ""model_params"": {""n_estimators"": 100, ""min_samples_leaf"": 2, ""bootstrap"": true}}, ""datepart_method"": ""expanded"", ""polynomial_degree"": null, ""holiday_countries_used"": false, ""lags"": null, ""forward_lags"": null, ""regression_type"": null}","{""fillna"": ""cubic"", ""transformations"": {""0"": ""bkfilter"", ""1"": ""AlignLastValue"", ""2"": ""AlignLastValue"", ""3"": ""StandardScaler""}, ""transformation_params"": {""0"": {}, ""1"": {""rows"": 1, ""lag"": 7, ""method"": ""additive"", ""strength"": 1.0, ""first_value_only"": false, ""threshold"": 10, ""threshold_method"": ""mean"", ""mean_type"": ""arithmetic""}, ""2"": {""rows"": 4, ""lag"": 1, ""method"": ""additive"", ""strength"": 1.0, ""first_value_only"": false, ""threshold"": 10, ""threshold_method"": ""mean"", ""mean_type"": ""arithmetic""}, ""3"": {}}}",0,1,17.868528303354303,1.2369052018416749,1.4354518296084906,0.5416518857406604,1.2369052018416749,0.0,-4.296858853809232,0.7575477340475949,144.13176536719172,1.2301173822801061,0.43713764562418267,0.6416666666666667,0.4583333333333333,3.4279739925350956,0.7166666666666667,1.6441464871298341,1.0218560423802696,5.76309613648967,2.402349449610468,0.3321521203366548,139.8349065133825,47.121053729368214,19.205300980003845,0.17847083724666057,17.868528303354303,1.2369052018416749,1.4354518296084906,0.5416518857406604,1.2369052018416749,0.0,0.7575477340475949,1.2301173822801061,0.43713764562418267,3.4279739925350956,0.7166666666666667,1.6441464871298341,1.0218560423802696,5.76309613648967,2.402349449610468,0.3321521203366548,139.8349065133825,47.121053729368214,19.205300980003845,0.17847083724666057,0.6416666666666667,0.4583333333333333,0.3301,28.393879200739455,17.56942539848666,Wh,17.56942539848666,Wh
170,d5d178ac77577d8370dd9b5610bfa0c1,DatepartRegression,"{""regression_model"": {""model"": ""ElasticNet"", ""model_params"": {""l1_ratio"": 0.1, ""fit_intercept"": true, ""selection"": ""cyclic"", ""max_iter"": 1000}}, ""datepart_method"": ""anchored_warped_fourier:us_school"", ""polynomial_degree"": null, ""holiday_countries_used"": true, ""lags"": null, ""forward_lags"": null, ""regression_type"": null}","{""fillna"": ""linear"", ""transformations"": {""0"": ""Discretize"", ""1"": ""Slice"", ""2"": ""LevelShiftTransformer"", ""3"": ""MinMaxScaler""}, ""transformation_params"": {""0"": {""discretization"": ""center"", ""n_bins"": 5}, ""1"": {""method"": 0.5}, ""2"": {""window_size"": 90, ""alpha"": 2.5, ""grouping_forward_limit"": 4, ""max_level_shifts"": 5, ""alignment"": ""rolling_diff_3nn"", ""output"": ""multivariate"", ""remove_at_shift"": true, ""shift_remove_window"": 0, ""shift_fillna"": ""quadratic"", ""window_method"": ""overlap""}, ""3"": {}}}",0,1,18.28605541484799,1.264445796736696,1.4509717866589613,0.4751160595999621,1.264445796736696,0.0,-2.0977819899045196,0.7658556487433174,149.63571361849898,1.261979410265481,0.38980581978495465,0.7916666666666666,0.5083333333333333,3.2628896132738197,0.9833333333333333,1.4486036040436754,1.0634842114053007,5.930997664649051,2.3801307306846464,0.0024242025411713827,147.5379316285945,50.77057948881867,30.542346449961013,0.18830218319540887,18.28605541484799,1.264445796736696,1.4509717866589613,0.4751160595999621,1.264445796736696,0.0,0.7658556487433174,1.261979410265481,0.38980581978495465,3.2628896132738197,0.9833333333333333,1.4486036040436754,1.0634842114053007,5.930997664649051,2.3801307306846464,0.0024242025411713827,147.5379316285945,50.77057948881867,30.542346449961013,0.18830218319540887,0.7916666666666666,0.5083333333333333,0.6833,28.169909500593498,17.960621447074345,Wh,17.960621447074345,Wh
171,25694dc26e89c4808cd37f90f8311831,ARIMA,"{""p"": 0, ""d"": 1, ""q"": 1, ""regression_type"": ""Holiday""}","{""fillna"": ""cubic"", ""transformations"": {""0"": ""HPFilter"", ""1"": ""AlignLastValue"", ""2"": ""UpscaleDownscaleTransformer"", ""3"": ""ClipOutliers""}, ""transformation_params"": {""0"": {""part"": ""trend"", ""lamb"": 1600}, ""1"": {""rows"": 1, ""lag"": 7, ""method"": ""additive"", ""strength"": 1.0, ""first_value_only"": false, ""threshold"": 10, ""threshold_method"": ""mean"", ""mean_type"": ""arithmetic""}, ""2"": {""mode"": ""downscale"", ""factor"": 3, ""down_method"": ""decimate"", ""fill_method"": ""pchip""}, ""3"": {""method"": ""clip"", ""std_threshold"": 3, ""fillna"": null}}}",0,1,13.569584549410827,0.905368920487595,1.064826169608634,0.47866082067833665,0.905368920487595,0.0,-10.224645026273613,0.6220538985490731,98.41962543223778,0.8872113889106255,0.778764062201615,0.0,0.5083333333333333,2.7683650197519007,0.9833333333333333,1.3392086056498935,0.7283098734984621,4.202841633673398,1.782246190983023,0.0065612400593632976,88.19498040596417,25.109881121068717,30.128297853734523,0.11256296719087718,13.569584549410827,0.905368920487595,1.064826169608634,0.47866082067833665,0.905368920487595,0.0,0.6220538985490731,0.8872113889106255,0.778764062201615,2.7683650197519007,0.9833333333333333,1.3392086056498935,0.7283098734984621,4.202841633673398,1.782246190983023,0.0065612400593632976,88.19498040596417,25.109881121068717,30.128297853734523,0.11256296719087718,0.0,0.5083333333333333,0.0965,27.706782442248496,12.860170434186022,Wh,12.860170434186022,Wh
172,b3dfcf7f69f9822a25cb7659ed079353,RollingRegression,"{""regression_model"": {""model"": ""ExtraTrees"", ""model_params"": {""n_estimators"": 100, ""min_samples_leaf"": 1, ""max_depth"": 10}}, ""holiday"": false, ""mean_rolling_periods"": null, ""macd_periods"": null, ""std_rolling_periods"": null, ""max_rolling_periods"": 420, ""min_rolling_periods"": 7, ""ewm_var_alpha"": null, ""quantile90_rolling_periods"": null, ""quantile10_rolling_periods"": null, ""ewm_alpha"": null, ""additional_lag_periods"": 363, ""abs_energy"": false, ""rolling_autocorr_periods"": null, ""nonzero_last_n"": null, ""add_date_part"": ""expanded"", ""polynomial_degree"": null, ""x_transform"": null, ""regression_type"": null}","{""fillna"": ""ffill_mean_biased"", ""transformations"": {""0"": ""RobustScaler""}, ""transformation_params"": {""0"": {}}}",0,1,17.47332623307038,1.2056997063473631,1.4188523651239922,0.6982266646012036,1.2056997063473631,0.0,-9.297968284303757,0.7540713088568066,135.38599647737982,1.1849540194443067,0.41996466070617644,0.8833333333333333,0.5,3.272804585555024,0.8833333333333333,1.5222711431105636,0.9770381153636687,5.4604400033904135,2.116887136625949,0.5834089348796033,126.08802819307607,41.90780687955674,6.5578746192738375,0.16092574107199223,17.47332623307038,1.2056997063473631,1.4188523651239922,0.6982266646012036,1.2056997063473631,0.0,0.7540713088568066,1.1849540194443067,0.41996466070617644,3.272804585555024,0.8833333333333333,1.5222711431105636,0.9770381153636687,5.4604400033904135,2.116887136625949,0.5834089348796033,126.08802819307607,41.90780687955674,6.5578746192738375,0.16092574107199223,0.8833333333333333,0.5,5.3433,27.6918301957879,17.126171845753767,Wh,17.126171845753767,Wh
173,e48c343fc00f5cbacdde3e71230c8310,FBProphet,"{""holiday"": false, ""regression_type"": null, ""growth"": ""linear"", ""seasonality_mode"": ""multiplicative"", ""changepoint_prior_scale"": 0.05, ""n_changepoints"": 25, ""changepoint_range"": 0.8, ""changepoint_spacing"": null, ""changepoint_distance_end"": null, ""seasonality_prior_scale"": 10.0, ""yearly_seasonality_prior_scale"": null, ""yearly_seasonality_order"": null, ""weekly_seasonality_prior_scale"": null, ""holidays_prior_scale"": 0.1, ""trend_phi"": null}","{""fillna"": ""rolling_mean_24"", ""transformations"": {""0"": ""StandardScaler"", ""1"": ""bkfilter"", ""2"": ""HPFilter"", ""3"": ""AlignLastValue"", ""4"": ""DatepartRegression""}, ""transformation_params"": {""0"": {}, ""1"": {}, ""2"": {""part"": ""trend"", ""lamb"": 6.25}, ""3"": {""rows"": 1, ""lag"": 1, ""method"": ""additive"", ""strength"": 1.0, ""first_value_only"": false, ""threshold"": 10, ""threshold_method"": ""max"", ""mean_type"": ""arithmetic""}, ""4"": {""regression_model"": {""model"": ""ElasticNet"", ""model_params"": {""l1_ratio"": 0.1, ""fit_intercept"": true, ""selection"": ""cyclic"", ""max_iter"": 1000}}, ""datepart_method"": [7, 365.25], ""polynomial_degree"": null, ""transform_dict"": null, ""holiday_countries_used"": false, ""lags"": null, ""forward_lags"": null}}}",0,1,15.919609192610258,1.093803383215919,1.2844230573175874,0.5395228721164048,1.093803383215919,0.0,-1.459178377995877,0.6898534234166782,129.79722760791444,1.0916055308940598,0.5519530185408859,0.31666666666666665,0.5,3.250177079985688,0.8083333333333333,1.506212044146367,0.8945503814939545,4.478284573735027,1.5041471965504545,0.2650599610588557,128.33804922991854,52.46503290984533,20.837800584681275,0.16379743561722684,15.919609192610258,1.093803383215919,1.2844230573175874,0.5395228721164048,1.093803383215919,0.0,0.6898534234166782,1.0916055308940598,0.5519530185408859,3.250177079985688,0.8083333333333333,1.506212044146367,0.8945503814939545,4.478284573735027,1.5041471965504545,0.2650599610588557,128.33804922991854,52.46503290984533,20.837800584681275,0.16379743561722684,0.31666666666666665,0.5,0.7428,27.649766658500763,15.536758122943253,Wh,15.536758122943253,Wh
174,3c60f0e1cc5a23104d5dce22d11c75bf,Ensemble,"{""model_name"": ""BestN"", ""model_count"": 5, ""model_metric"": ""mixed_metric"", ""models"": {""ca2e0fcc7b23d74ee347d493f6ff4379"": {""Model"": ""ARIMA"", ""ModelParameters"": ""{\""p\"": 0, \""d\"": 2, \""q\"": 2, \""regression_type\"": null}"", ""TransformationParameters"": ""{\""fillna\"": \""cubic\"", \""transformations\"": {\""0\"": \""AlignLastValue\"", \""1\"": \""AlignLastValue\""}, \""transformation_params\"": {\""0\"": {\""rows\"": 84, \""lag\"": 1, \""method\"": \""additive\"", \""strength\"": 0.5, \""first_value_only\"": false, \""threshold\"": 10, \""threshold_method\"": \""max\"", \""mean_type\"": \""arithmetic\""}, \""1\"": {\""rows\"": 1, \""lag\"": 7, \""method\"": \""additive\"", \""strength\"": 1.0, \""first_value_only\"": false, \""threshold\"": 10, \""threshold_method\"": \""mean\"", \""mean_type\"": \""arithmetic\""}}}""}, ""216178f098ef6698659d5bd14449f8af"": {""Model"": ""ARIMA"", ""ModelParameters"": ""{\""p\"": 4, \""d\"": 2, \""q\"": 4, \""regression_type\"": null}"", ""TransformationParameters"": ""{\""fillna\"": \""cubic\"", \""transformations\"": {\""0\"": \""bkfilter\"", \""1\"": \""AlignLastValue\""}, \""transformation_params\"": {\""0\"": {}, \""1\"": {\""rows\"": 1, \""lag\"": 7, \""method\"": \""additive\"", \""strength\"": 1.0, \""first_value_only\"": false, \""threshold\"": 10, \""threshold_method\"": \""mean\"", \""mean_type\"": \""arithmetic\""}}}""}, ""5c9aafe0ed22a0009a0c5786b4223a8f"": {""Model"": ""FBProphet"", ""ModelParameters"": ""{\""holiday\"": false, \""regression_type\"": null, \""growth\"": \""linear\"", \""seasonality_mode\"": \""additive\"", \""changepoint_prior_scale\"": 0.05, \""n_changepoints\"": 25, \""changepoint_range\"": 0.8, \""changepoint_spacing\"": null, \""changepoint_distance_end\"": null, \""seasonality_prior_scale\"": 10.0, \""yearly_seasonality_prior_scale\"": null, \""yearly_seasonality_order\"": null, \""weekly_seasonality_prior_scale\"": 0.0001, \""holidays_prior_scale\"": 10.0, \""trend_phi\"": null}"", ""TransformationParameters"": ""{\""fillna\"": \""mean\"", \""transformations\"": {\""0\"": \""StandardScaler\"", \""1\"": \""bkfilter\"", \""2\"": \""HPFilter\""}, \""transformation_params\"": {\""0\"": {}, \""1\"": {}, \""2\"": {\""part\"": \""trend\"", \""lamb\"": 6.25}}}""}, ""5bb9f16e5f9c93ddad63947a240ff284"": {""Model"": ""FBProphet"", ""ModelParameters"": ""{\""holiday\"": false, \""regression_type\"": null, \""growth\"": \""linear\"", \""seasonality_mode\"": \""additive\"", \""changepoint_prior_scale\"": 0.05, \""n_changepoints\"": 25, \""changepoint_range\"": 360, \""changepoint_spacing\"": null, \""changepoint_distance_end\"": null, \""seasonality_prior_scale\"": 10.0, \""yearly_seasonality_prior_scale\"": null, \""yearly_seasonality_order\"": null, \""weekly_seasonality_prior_scale\"": null, \""holidays_prior_scale\"": 10.0, \""trend_phi\"": null}"", ""TransformationParameters"": ""{\""fillna\"": \""rolling_mean\"", \""transformations\"": {\""0\"": \""StandardScaler\"", \""1\"": \""bkfilter\"", \""2\"": \""HPFilter\""}, \""transformation_params\"": {\""0\"": {}, \""1\"": {}, \""2\"": {\""part\"": \""trend\"", \""lamb\"": 6.25}}}""}, ""90456766456292561f52d10770c88398"": {""Model"": ""FBProphet"", ""ModelParameters"": ""{\""holiday\"": false, \""regression_type\"": null, \""growth\"": \""linear\"", \""seasonality_mode\"": \""multiplicative\"", \""changepoint_prior_scale\"": 0.05, \""n_changepoints\"": 25, \""changepoint_range\"": 0.8, \""changepoint_spacing\"": null, \""changepoint_distance_end\"": null, \""seasonality_prior_scale\"": 10.0, \""yearly_seasonality_prior_scale\"": null, \""yearly_seasonality_order\"": null, \""weekly_seasonality_prior_scale\"": null, \""holidays_prior_scale\"": 0.1, \""trend_phi\"": null}"", ""TransformationParameters"": ""{\""fillna\"": \""linear\"", \""transformations\"": {\""0\"": \""UpscaleDownscaleTransformer\"", \""1\"": \""AlignLastValue\"", \""2\"": \""HPFilter\"", \""3\"": \""Discretize\"", \""4\"": \""ClipOutliers\"", \""5\"": \""Slice\""}, \""transformation_params\"": {\""0\"": {\""mode\"": \""downscale\"", \""factor\"": 1, \""down_method\"": \""decimate\"", \""fill_method\"": \""pchip\""}, \""1\"": {\""rows\"": 1, \""lag\"": 1, \""method\"": \""additive\"", \""strength\"": 1.0, \""first_value_only\"": false, \""threshold\"": null, \""threshold_method\"": \""max\"", \""mean_type\"": \""arithmetic\""}, \""2\"": {\""part\"": \""trend\"", \""lamb\"": 6.25}, \""3\"": {\""discretization\"": \""center\"", \""n_bins\"": 5}, \""4\"": {\""method\"": \""clip\"", \""std_threshold\"": 5, \""fillna\"": null}, \""5\"": {\""method\"": 0.5}}}""}}, ""point_method"": ""median"", ""model_weights"": {}}","{""fillna"": ""linear"", ""transformations"": {""0"": ""Constraint""}, ""transformation_params"": {""0"": {""constraint_method"": ""quantile"", ""constraint_direction"": ""lower"", ""constraint_regularization"": 0.7, ""constraint_value"": 0.5, ""bounds_only"": false, ""fillna"": ""linear""}}}",1,1,16.306897266113356,1.111533911808636,1.2826224275583702,0.4753675429868071,1.111533911808636,0.0,-2.1651376324625167,0.7022784449870267,131.2189317845738,1.108873321928839,0.5294064039949143,0.25,0.4583333333333333,3.0698837275208852,0.9833333333333333,1.402474654659327,0.9226812636900453,4.979410697302139,1.696040428866551,0.009211722125123854,129.0537941521113,47.040103208157824,30.093141725926156,0.1647109385379483,16.306897266113356,1.111533911808636,1.2826224275583702,0.4753675429868071,1.111533911808636,0.0,0.7022784449870267,1.108873321928839,0.5294064039949143,3.0698837275208852,0.9833333333333333,1.402474654659327,0.9226812636900453,4.979410697302139,1.696040428866551,0.009211722125123854,129.0537941521113,47.040103208157824,30.093141725926156,0.1647109385379483,0.25,0.4583333333333333,2.5668,27.634159878576888,15.788608627672032,Wh,15.788608627672032,Wh
175,00e4060ceef7e2bb5904529ad19baa82,DatepartRegression,"{""regression_model"": {""model"": ""RandomForest"", ""model_params"": {""n_estimators"": 100, ""min_samples_leaf"": 2, ""bootstrap"": true}}, ""datepart_method"": ""expanded"", ""polynomial_degree"": null, ""holiday_countries_used"": false, ""lags"": null, ""forward_lags"": null, ""regression_type"": null}","{""fillna"": ""rolling_mean"", ""transformations"": {""0"": ""RobustScaler"", ""1"": ""StandardScaler"", ""2"": ""AlignLastValue""}, ""transformation_params"": {""0"": {}, ""1"": {}, ""2"": {""rows"": 1, ""lag"": 7, ""method"": ""additive"", ""strength"": 1.0, ""first_value_only"": false, ""threshold"": null, ""threshold_method"": ""mean"", ""mean_type"": ""arithmetic""}}}",0,1,17.38452344432231,1.200172628081872,1.4075251508222066,0.5553060385706424,1.200172628081872,0.0,-4.470712342207247,0.7389245626617154,139.55000302761738,1.1932004700631693,0.4214682731501216,0.8833333333333333,0.43333333333333335,3.399337363541237,0.75,1.6087614931984777,0.9819008598947997,5.625257737751435,2.314273064358112,0.37563782590217953,135.07929068541014,44.90552358103751,17.225492113864092,0.17240126020324567,17.38452344432231,1.200172628081872,1.4075251508222066,0.5553060385706424,1.200172628081872,0.0,0.7389245626617154,1.1932004700631693,0.4214682731501216,3.399337363541237,0.75,1.6087614931984777,0.9819008598947997,5.625257737751435,2.314273064358112,0.37563782590217953,135.07929068541014,44.90552358103751,17.225492113864092,0.17240126020324567,0.8833333333333333,0.43333333333333335,0.3432,27.59282650981932,17.047663331833256,Wh,17.047663331833256,Wh
176,cf9c6b4794b97b431ac50b943cdcf52c,FBProphet,"{""holiday"": false, ""regression_type"": null, ""growth"": ""linear"", ""seasonality_mode"": ""multiplicative"", ""changepoint_prior_scale"": 0.05, ""n_changepoints"": 25, ""changepoint_range"": 0.8, ""changepoint_spacing"": null, ""changepoint_distance_end"": null, ""seasonality_prior_scale"": 10.0, ""yearly_seasonality_prior_scale"": null, ""yearly_seasonality_order"": 2, ""weekly_seasonality_prior_scale"": null, ""holidays_prior_scale"": 0.1, ""trend_phi"": null}","{""fillna"": ""rolling_mean_24"", ""transformations"": {""0"": ""bkfilter"", ""1"": ""AlignLastValue"", ""2"": ""Detrend""}, ""transformation_params"": {""0"": {}, ""1"": {""rows"": 1, ""lag"": 7, ""method"": ""additive"", ""strength"": 1.0, ""first_value_only"": false, ""threshold"": 10, ""threshold_method"": ""mean"", ""mean_type"": ""arithmetic""}, ""2"": {""model"": ""Linear"", ""phi"": 0.998, ""window"": null, ""transform_dict"": null}}}",0,1,18.936949808775427,1.1135758219227663,1.3302470014025847,0.8977794846891468,1.1135758219227663,0.0,-99.50893142662595,1.023862334022259,34.120167204106,0.7794452428691708,0.3910316304630799,0.75,0.525,3.2227857429474667,0.9833333333333333,1.421004020393513,0.8871668463907019,4.7984982479135745,2.111466618339793,0.9106892896604982,65.38876422251994,22.118996619880356,9.433813017151882,0.08345546751018693,18.936949808775427,1.1135758219227663,1.3302470014025847,0.8977794846891468,1.1135758219227663,0.0,1.023862334022259,0.7794452428691708,0.3910316304630799,3.2227857429474667,0.9833333333333333,1.421004020393513,0.8871668463907019,4.7984982479135745,2.111466618339793,0.9106892896604982,65.38876422251994,22.118996619880356,9.433813017151882,0.08345546751018693,0.75,0.525,0.6883,27.56049130961522,15.817612618735543,Wh,15.817612618735543,Wh
177,08110c16e8457f5bed71f8b7ddb2c4f6,Ensemble,"{""model_name"": ""BestN"", ""model_count"": 5, ""model_metric"": ""mixed_metric"", ""models"": {""ca2e0fcc7b23d74ee347d493f6ff4379"": {""Model"": ""ARIMA"", ""ModelParameters"": ""{\""p\"": 0, \""d\"": 2, \""q\"": 2, \""regression_type\"": null}"", ""TransformationParameters"": ""{\""fillna\"": \""cubic\"", \""transformations\"": {\""0\"": \""AlignLastValue\"", \""1\"": \""AlignLastValue\""}, \""transformation_params\"": {\""0\"": {\""rows\"": 84, \""lag\"": 1, \""method\"": \""additive\"", \""strength\"": 0.5, \""first_value_only\"": false, \""threshold\"": 10, \""threshold_method\"": \""max\"", \""mean_type\"": \""arithmetic\""}, \""1\"": {\""rows\"": 1, \""lag\"": 7, \""method\"": \""additive\"", \""strength\"": 1.0, \""first_value_only\"": false, \""threshold\"": 10, \""threshold_method\"": \""mean\"", \""mean_type\"": \""arithmetic\""}}}""}, ""216178f098ef6698659d5bd14449f8af"": {""Model"": ""ARIMA"", ""ModelParameters"": ""{\""p\"": 4, \""d\"": 2, \""q\"": 4, \""regression_type\"": null}"", ""TransformationParameters"": ""{\""fillna\"": \""cubic\"", \""transformations\"": {\""0\"": \""bkfilter\"", \""1\"": \""AlignLastValue\""}, \""transformation_params\"": {\""0\"": {}, \""1\"": {\""rows\"": 1, \""lag\"": 7, \""method\"": \""additive\"", \""strength\"": 1.0, \""first_value_only\"": false, \""threshold\"": 10, \""threshold_method\"": \""mean\"", \""mean_type\"": \""arithmetic\""}}}""}, ""5c9aafe0ed22a0009a0c5786b4223a8f"": {""Model"": ""FBProphet"", ""ModelParameters"": ""{\""holiday\"": false, \""regression_type\"": null, \""growth\"": \""linear\"", \""seasonality_mode\"": \""additive\"", \""changepoint_prior_scale\"": 0.05, \""n_changepoints\"": 25, \""changepoint_range\"": 0.8, \""changepoint_spacing\"": null, \""changepoint_distance_end\"": null, \""seasonality_prior_scale\"": 10.0, \""yearly_seasonality_prior_scale\"": null, \""yearly_seasonality_order\"": null, \""weekly_seasonality_prior_scale\"": 0.0001, \""holidays_prior_scale\"": 10.0, \""trend_phi\"": null}"", ""TransformationParameters"": ""{\""fillna\"": \""mean\"", \""transformations\"": {\""0\"": \""StandardScaler\"", \""1\"": \""bkfilter\"", \""2\"": \""HPFilter\""}, \""transformation_params\"": {\""0\"": {}, \""1\"": {}, \""2\"": {\""part\"": \""trend\"", \""lamb\"": 6.25}}}""}, ""5bb9f16e5f9c93ddad63947a240ff284"": {""Model"": ""FBProphet"", ""ModelParameters"": ""{\""holiday\"": false, \""regression_type\"": null, \""growth\"": \""linear\"", \""seasonality_mode\"": \""additive\"", \""changepoint_prior_scale\"": 0.05, \""n_changepoints\"": 25, \""changepoint_range\"": 360, \""changepoint_spacing\"": null, \""changepoint_distance_end\"": null, \""seasonality_prior_scale\"": 10.0, \""yearly_seasonality_prior_scale\"": null, \""yearly_seasonality_order\"": null, \""weekly_seasonality_prior_scale\"": null, \""holidays_prior_scale\"": 10.0, \""trend_phi\"": null}"", ""TransformationParameters"": ""{\""fillna\"": \""rolling_mean\"", \""transformations\"": {\""0\"": \""StandardScaler\"", \""1\"": \""bkfilter\"", \""2\"": \""HPFilter\""}, \""transformation_params\"": {\""0\"": {}, \""1\"": {}, \""2\"": {\""part\"": \""trend\"", \""lamb\"": 6.25}}}""}, ""90456766456292561f52d10770c88398"": {""Model"": ""FBProphet"", ""ModelParameters"": ""{\""holiday\"": false, \""regression_type\"": null, \""growth\"": \""linear\"", \""seasonality_mode\"": \""multiplicative\"", \""changepoint_prior_scale\"": 0.05, \""n_changepoints\"": 25, \""changepoint_range\"": 0.8, \""changepoint_spacing\"": null, \""changepoint_distance_end\"": null, \""seasonality_prior_scale\"": 10.0, \""yearly_seasonality_prior_scale\"": null, \""yearly_seasonality_order\"": null, \""weekly_seasonality_prior_scale\"": null, \""holidays_prior_scale\"": 0.1, \""trend_phi\"": null}"", ""TransformationParameters"": ""{\""fillna\"": \""linear\"", \""transformations\"": {\""0\"": \""UpscaleDownscaleTransformer\"", \""1\"": \""AlignLastValue\"", \""2\"": \""HPFilter\"", \""3\"": \""Discretize\"", \""4\"": \""ClipOutliers\"", \""5\"": \""Slice\""}, \""transformation_params\"": {\""0\"": {\""mode\"": \""downscale\"", \""factor\"": 1, \""down_method\"": \""decimate\"", \""fill_method\"": \""pchip\""}, \""1\"": {\""rows\"": 1, \""lag\"": 1, \""method\"": \""additive\"", \""strength\"": 1.0, \""first_value_only\"": false, \""threshold\"": null, \""threshold_method\"": \""max\"", \""mean_type\"": \""arithmetic\""}, \""2\"": {\""part\"": \""trend\"", \""lamb\"": 6.25}, \""3\"": {\""discretization\"": \""center\"", \""n_bins\"": 5}, \""4\"": {\""method\"": \""clip\"", \""std_threshold\"": 5, \""fillna\"": null}, \""5\"": {\""method\"": 0.5}}}""}}, ""point_method"": ""kalman"", ""model_weights"": {}}","{""fillna"": ""median"", ""transformations"": {""0"": ""DiffSmoother"", ""1"": ""AlignLastValue"", ""2"": ""HistoricValues""}, ""transformation_params"": {""0"": {""method"": ""med_diff"", ""method_params"": {""distribution"": ""norm"", ""alpha"": 0.05}, ""transform_dict"": null, ""reverse_alignment"": false, ""isolated_only"": false, ""fillna"": ""linear""}, ""1"": {""rows"": 1, ""lag"": 1, ""method"": ""additive"", ""strength"": 1.0, ""first_value_only"": false, ""threshold"": null, ""threshold_method"": ""mean""}, ""2"": {""window"": 10}}}",1,1,15.428740061269508,0.9597793161869049,1.0914317134965181,0.49216187084704216,0.9597793161869049,0.0,-109.89436984062195,0.9499982465388205,5.279148101806641,0.6457676318904537,0.6518103901798725,0.075,0.5,2.4902148246765137,0.9833333333333333,1.3737555710988871,0.8087394611508238,3.4419222568528878,3.885368026364065,0.04207711898238323,104.61522173881531,48.98052621943693,28.230634025567493,0.1335200679001032,15.428740061269508,0.9597793161869049,1.0914317134965181,0.49216187084704216,0.9597793161869049,0.0,0.9499982465388205,0.6457676318904537,0.6518103901798725,2.4902148246765137,0.9833333333333333,1.3737555710988871,0.8087394611508238,3.4419222568528878,3.885368026364065,0.04207711898238323,104.61522173881531,48.98052621943693,28.230634025567493,0.1335200679001032,0.075,0.5,2.5395,27.553380280090423,13.633034342202418,Wh,13.633034342202418,Wh
178,0fb9c27dffa3f1d7351e9a303955c662,FBProphet,"{""holiday"": false, ""regression_type"": null, ""growth"": ""linear"", ""seasonality_mode"": ""multiplicative"", ""changepoint_prior_scale"": 0.001, ""n_changepoints"": 25, ""changepoint_range"": 0.8, ""changepoint_spacing"": null, ""changepoint_distance_end"": null, ""seasonality_prior_scale"": 10.0, ""yearly_seasonality_prior_scale"": null, ""yearly_seasonality_order"": 2, ""weekly_seasonality_prior_scale"": null, ""holidays_prior_scale"": 10.0, ""trend_phi"": null}","{""fillna"": ""ffill"", ""transformations"": {""0"": ""bkfilter"", ""1"": ""SeasonalDifference""}, ""transformation_params"": {""0"": {}, ""1"": {""lag_1"": 7, ""method"": 20}}}",0,1,17.14972714527502,1.1609235240844435,1.403497119970757,1.1438522221680876,1.1609235240844435,0.0,-37.11710615017519,0.806132785923415,102.19371673995803,1.0581491994491297,0.435710032804801,0.625,0.525,3.342710618972843,0.7333333333333333,1.6327725905882309,0.9306549096407786,5.081626834352835,2.278172964729268,1.1052058631038115,65.07661058978283,22.06528453223055,21.627318221734463,0.08305706684204726,17.14972714527502,1.1609235240844435,1.403497119970757,1.1438522221680876,1.1609235240844435,0.0,0.806132785923415,1.0581491994491297,0.435710032804801,3.342710618972843,0.7333333333333333,1.6327725905882309,0.9306549096407786,5.081626834352835,2.278172964729268,1.1052058631038115,65.07661058978283,22.06528453223055,21.627318221734463,0.08305706684204726,0.625,0.525,1.9962,27.440693884851264,16.490155607220633,Wh,16.490155607220633,Wh
179,bb5c5d85afae1e08d125b3c012d14ead,DatepartRegression,"{""regression_model"": {""model"": ""DecisionTree"", ""model_params"": {""max_depth"": 3, ""min_samples_split"": 2}}, ""datepart_method"": ""recurring"", ""polynomial_degree"": null, ""holiday_countries_used"": false, ""lags"": null, ""forward_lags"": null, ""regression_type"": null}","{""fillna"": ""cubic"", ""transformations"": {""0"": ""AlignLastValue"", ""1"": ""BKBandpassFilter"", ""2"": ""CointegrationTransformer""}, ""transformation_params"": {""0"": {""rows"": 7, ""lag"": 2, ""method"": ""additive"", ""strength"": 1.0, ""first_value_only"": true, ""threshold"": null, ""threshold_method"": ""max"", ""mean_type"": ""arithmetic""}, ""1"": {""low"": 6, ""high"": 90, ""K"": 1, ""lanczos_factor"": false, ""return_diff"": true, ""on_transform"": true, ""on_inverse"": false}, ""2"": {""n_components"": 5, ""max_components"": 20, ""shrinkage"": 0.01, ""method"": ""cca"", ""min_periods"": 30}}}",0,1,17.123153198020063,1.1780567150030816,1.460303786008947,0.8793847252918,1.1780567150030816,0.0,-45.28679526703698,0.8238466222725855,96.08001053333281,1.0585033492684401,0.41980070034456063,0.9,0.5083333333333333,4.291045188903809,0.7,1.693244850847481,0.9206619020047084,5.000588874082534,3.5670545141121,0.799471248207918,50.793215266295825,10.915832463327071,4.592406411441751,0.0648272157578775,17.123153198020063,1.1780567150030816,1.460303786008947,0.8793847252918,1.1780567150030816,0.0,0.8238466222725855,1.0585033492684401,0.41980070034456063,4.291045188903809,0.7,1.693244850847481,0.9206619020047084,5.000588874082534,3.5670545141121,0.799471248207918,50.793215266295825,10.915832463327071,4.592406411441751,0.0648272157578775,0.9,0.5083333333333333,0.2245,27.380171208582833,16.733521322907528,Wh,16.733521322907528,Wh
180,5fb202234b65c375f012ece54cab7151,ARIMA,"{""p"": 0, ""d"": 1, ""q"": 2, ""regression_type"": ""Holiday""}","{""fillna"": ""ffill_mean_biased"", ""transformations"": {""0"": ""bkfilter"", ""1"": ""CenterSplit""}, ""transformation_params"": {""0"": {}, ""1"": {""fillna"": ""ffill"", ""center"": ""median""}}}",0,1,17.14561258351265,1.1755782951551175,1.3581698646351714,0.4882926559443364,1.1755782951551175,0.0,-3.5051911140908345,0.7297202943087601,137.56420430452323,1.1711675261366234,0.43624162226801044,0.6333333333333333,0.5083333333333333,3.1644214602930933,0.9833333333333333,1.4220505400556094,0.9815540801945809,5.528637048354086,2.107897224088783,0.05903724787443408,134.05901319043244,45.08595682807718,29.231647544823183,0.17109908334846177,17.14561258351265,1.1755782951551175,1.3581698646351714,0.4882926559443364,1.1755782951551175,0.0,0.7297202943087601,1.1711675261366234,0.43624162226801044,3.1644214602930933,0.9833333333333333,1.4220505400556094,0.9815540801945809,5.528637048354086,2.107897224088783,0.05903724787443408,134.05901319043244,45.08595682807718,29.231647544823183,0.17109908334846177,0.6333333333333333,0.5083333333333333,0.3101,27.373847775763412,16.698316997984243,Wh,16.698316997984243,Wh
181,8f11ee2f09fd3558c5612e521a72af69,ARIMA,"{""p"": 5, ""d"": 0, ""q"": 0, ""regression_type"": ""Holiday""}","{""fillna"": ""nearest"", ""transformations"": {""0"": ""bkfilter"", ""1"": ""AlignLastValue""}, ""transformation_params"": {""0"": {}, ""1"": {""rows"": 1, ""lag"": 7, ""method"": ""additive"", ""strength"": 1.0, ""first_value_only"": false, ""threshold"": 10, ""threshold_method"": ""mean"", ""mean_type"": ""arithmetic""}}}",0,1,12.003228344602178,0.7962724268316672,0.9694994835436986,0.4932424694916263,0.7962724268316672,0.0,-4.747582882918502,0.5486185699728857,90.80510833688156,0.7886499300199035,0.855817609721926,1.0,0.49166666666666664,2.6516506546399903,0.9833333333333333,1.302585095727917,0.622683684616822,3.2151931749038156,1.2062774743004399,0.06964478889701207,86.05752545396305,33.98903323490898,27.941379490516674,0.10983494037431007,12.003228344602178,0.7962724268316672,0.9694994835436986,0.4932424694916263,0.7962724268316672,0.0,0.5486185699728857,0.7886499300199035,0.855817609721926,2.6516506546399903,0.9833333333333333,1.302585095727917,0.622683684616822,3.2151931749038156,1.2062774743004399,0.06964478889701207,86.05752545396305,33.98903323490898,27.941379490516674,0.10983494037431007,1.0,0.49166666666666664,0.2733,27.017280457392978,11.310526448801891,Wh,11.310526448801891,Wh
182,23e87a3ca058deda9f2caac53278d0d5,ARIMA,"{""p"": 4, ""d"": 0, ""q"": 12, ""regression_type"": null}","{""fillna"": ""quadratic"", ""transformations"": {""0"": ""SeasonalDifference"", ""1"": ""AlignLastValue""}, ""transformation_params"": {""0"": {""lag_1"": 12, ""method"": ""LastValue""}, ""1"": {""rows"": 1, ""lag"": 7, ""method"": ""additive"", ""strength"": 1.0, ""first_value_only"": false, ""threshold"": 10, ""threshold_method"": ""mean"", ""mean_type"": ""arithmetic""}}}",0,1,16.65365505246883,1.0235917840784055,1.2924950340631465,0.9078735757813826,1.0235917840784055,0.0,-56.09279565534125,0.8253207258670595,66.73821843406739,0.8339537313460366,0.48909188842252527,0.9583333333333334,0.5583333333333333,3.5264806034980074,0.8916666666666667,1.4415282905659281,0.7634358248412496,4.046802354965504,2.3889454055036876,0.8870797955022105,10.645422778726157,10.132533978361952,22.004707650086495,0.013586718534989724,16.65365505246883,1.0235917840784055,1.2924950340631465,0.9078735757813826,1.0235917840784055,0.0,0.8253207258670595,0.8339537313460366,0.48909188842252527,3.5264806034980074,0.8916666666666667,1.4415282905659281,0.7634358248412496,4.046802354965504,2.3889454055036876,0.8870797955022105,10.645422778726157,10.132533978361952,22.004707650086495,0.013586718534989724,0.9583333333333334,0.5583333333333333,3.088,26.871992666097274,14.539448505910132,Wh,14.539448505910132,Wh
183,7cc1934acf82c03fc8e7aa11dd5c810a,FBProphet,"{""holiday"": false, ""regression_type"": null, ""growth"": ""linear"", ""seasonality_mode"": ""multiplicative"", ""changepoint_prior_scale"": 0.01, ""n_changepoints"": 25, ""changepoint_range"": 0.95, ""changepoint_spacing"": null, ""changepoint_distance_end"": null, ""seasonality_prior_scale"": 10.0, ""yearly_seasonality_prior_scale"": null, ""yearly_seasonality_order"": null, ""weekly_seasonality_prior_scale"": null, ""holidays_prior_scale"": 10.0, ""trend_phi"": 0.8}","{""fillna"": ""nearest"", ""transformations"": {""0"": ""STLFilter"", ""1"": ""Constraint"", ""2"": ""RollingMean100thN"", ""3"": ""AlignLastValue""}, ""transformation_params"": {""0"": {""decomp_type"": ""seasonal_decompose"", ""part"": ""trend""}, ""1"": {""constraint_method"": ""dampening"", ""constraint_direction"": ""upper"", ""constraint_regularization"": 1.0, ""constraint_value"": 0.999, ""bounds_only"": false, ""fillna"": null}, ""2"": {}, ""3"": {""rows"": 84, ""lag"": 1, ""method"": ""additive"", ""strength"": 0.7, ""first_value_only"": true, ""threshold"": null, ""threshold_method"": ""mean"", ""mean_type"": ""arithmetic""}}}",0,1,15.114945562964,1.0203502052436086,1.1947541491509777,0.47924711353392146,1.0203502052436086,0.0,-6.493885155105568,0.6662991092637428,115.94813947412746,1.0103135047644578,0.5806179967935516,0.0,0.4583333333333333,2.909624330660491,0.9833333333333333,1.374969835130151,0.8302431055900584,4.794401463304594,1.6576717160648298,0.06707450292299058,109.4542543190219,34.377059721640975,28.176888445660126,0.13969610947360464,15.114945562964,1.0203502052436086,1.1947541491509777,0.47924711353392146,1.0203502052436086,0.0,0.6662991092637428,1.0103135047644578,0.5806179967935516,2.909624330660491,0.9833333333333333,1.374969835130151,0.8302431055900584,4.794401463304594,1.6576717160648298,0.06707450292299058,109.4542543190219,34.377059721640975,28.176888445660126,0.13969610947360464,0.0,0.4583333333333333,0.8379,26.85190730238779,14.493404009188415,Wh,14.493404009188415,Wh
184,4f90f89ace3eb8f5ca19f0bf24621a21,FBProphet,"{""holiday"": false, ""regression_type"": null, ""growth"": ""linear"", ""seasonality_mode"": ""multiplicative"", ""changepoint_prior_scale"": 0.05, ""n_changepoints"": 25, ""changepoint_range"": 0.8, ""changepoint_spacing"": null, ""changepoint_distance_end"": null, ""seasonality_prior_scale"": 10.0, ""yearly_seasonality_prior_scale"": null, ""yearly_seasonality_order"": null, ""weekly_seasonality_prior_scale"": null, ""holidays_prior_scale"": 10.0, ""trend_phi"": null}","{""fillna"": ""ffill"", ""transformations"": {""0"": ""StandardScaler"", ""1"": ""MinMaxScaler"", ""2"": ""AlignLastValue""}, ""transformation_params"": {""0"": {}, ""1"": {}, ""2"": {""rows"": 1, ""lag"": 1, ""method"": ""additive"", ""strength"": 1.0, ""first_value_only"": false, ""threshold"": 3, ""threshold_method"": ""mean"", ""mean_type"": ""arithmetic""}}}",0,1,17.14972738662864,1.1813320402474718,1.3671151041290122,0.5362169435028018,1.1813320402474718,0.0,-2.737088870575893,0.7317771455536072,139.02275595912073,1.1767771769373614,0.3916781270503204,0.8833333333333333,0.4583333333333333,3.1107312361111914,0.8416666666666667,1.4935168973770856,0.9827068511637438,5.220005865162003,1.9258177705538673,0.3579200707968573,136.28566708854484,50.412879606145225,16.77496592030095,0.17394095449039035,17.14972738662864,1.1813320402474718,1.3671151041290122,0.5362169435028018,1.1813320402474718,0.0,0.7317771455536072,1.1767771769373614,0.3916781270503204,3.1107312361111914,0.8416666666666667,1.4935168973770856,0.9827068511637438,5.220005865162003,1.9258177705538673,0.3579200707968573,136.28566708854484,50.412879606145225,16.77496592030095,0.17394095449039035,0.8833333333333333,0.4583333333333333,0.8065,26.817183946025846,16.780045165196665,Wh,16.780045165196665,Wh
185,5c567faf88792492864c9b241c5955e6,ARIMA,"{""p"": 3, ""d"": 0, ""q"": 7, ""regression_type"": ""Holiday""}","{""fillna"": ""ffill"", ""transformations"": {""0"": ""bkfilter"", ""1"": ""AlignLastValue"", ""2"": ""SeasonalDifference"", ""3"": ""AlignLastValue"", ""4"": ""Round""}, ""transformation_params"": {""0"": {}, ""1"": {""rows"": 1, ""lag"": 7, ""method"": ""additive"", ""strength"": 1.0, ""first_value_only"": false, ""threshold"": 10, ""threshold_method"": ""mean"", ""mean_type"": ""arithmetic""}, ""2"": {""lag_1"": 12, ""method"": ""LastValue""}, ""3"": {""rows"": 84, ""lag"": 1, ""method"": ""additive"", ""strength"": 1.0, ""first_value_only"": false, ""threshold"": 3, ""threshold_method"": ""max"", ""mean_type"": ""arithmetic""}, ""4"": {""decimals"": 0, ""on_transform"": false, ""on_inverse"": true}}}",0,1,17.34906349735433,1.022250688244539,1.344101251694811,0.9935803867761727,1.022250688244539,0.0,-61.84924054088695,0.8422771847123625,60.820842048457735,0.8022679236783395,0.4375508878036836,0.8583333333333333,0.5583333333333333,3.728517448997051,0.9583333333333334,1.4258023804827413,0.7293508214421731,4.1908616133928245,1.9769386478129483,0.9783546662076692,1.0283984924292149,12.48740829016781,23.618570695652515,0.0013125416574686266,17.34906349735433,1.022250688244539,1.344101251694811,0.9935803867761727,1.022250688244539,0.0,0.8422771847123625,0.8022679236783395,0.4375508878036836,3.728517448997051,0.9583333333333334,1.4258023804827413,0.7293508214421731,4.1908616133928245,1.9769386478129483,0.9783546662076692,1.0283984924292149,12.48740829016781,23.618570695652515,0.0013125416574686266,0.8583333333333333,0.5583333333333333,1.0572,26.78303668287952,14.520399121066207,Wh,14.520399121066207,Wh
186,12263f5bb4b262237a397378e002aa90,Ensemble,"{""model_name"": ""BestN"", ""model_count"": 5, ""model_metric"": ""best_score_unique"", ""models"": {""5bb9f16e5f9c93ddad63947a240ff284"": {""Model"": ""FBProphet"", ""ModelParameters"": ""{\""holiday\"": false, \""regression_type\"": null, \""growth\"": \""linear\"", \""seasonality_mode\"": \""additive\"", \""changepoint_prior_scale\"": 0.05, \""n_changepoints\"": 25, \""changepoint_range\"": 360, \""changepoint_spacing\"": null, \""changepoint_distance_end\"": null, \""seasonality_prior_scale\"": 10.0, \""yearly_seasonality_prior_scale\"": null, \""yearly_seasonality_order\"": null, \""weekly_seasonality_prior_scale\"": null, \""holidays_prior_scale\"": 10.0, \""trend_phi\"": null}"", ""TransformationParameters"": ""{\""fillna\"": \""rolling_mean\"", \""transformations\"": {\""0\"": \""StandardScaler\"", \""1\"": \""bkfilter\"", \""2\"": \""HPFilter\""}, \""transformation_params\"": {\""0\"": {}, \""1\"": {}, \""2\"": {\""part\"": \""trend\"", \""lamb\"": 6.25}}}""}, ""290072eada53189c757f67ac7b1cfea9"": {""Model"": ""ARIMA"", ""ModelParameters"": ""{\""p\"": 0, \""d\"": 0, \""q\"": 2, \""regression_type\"": \""Holiday\""}"", ""TransformationParameters"": ""{\""fillna\"": \""mean\"", \""transformations\"": {\""0\"": \""AnomalyRemoval\"", \""1\"": \""ChangepointDetrend\"", \""2\"": \""ClipOutliers\""}, \""transformation_params\"": {\""0\"": {\""method\"": \""zscore\"", \""method_params\"": {\""distribution\"": \""chi2\"", \""alpha\"": 0.05}, \""fillna\"": \""ffill\"", \""transform_dict\"": null, \""isolated_only\"": false, \""on_inverse\"": false}, \""1\"": {\""model\"": \""ElasticNet\"", \""changepoint_spacing\"": 90, \""changepoint_distance_end\"": 180, \""datepart_method\"": null}, \""2\"": {\""method\"": \""clip\"", \""std_threshold\"": 2, \""fillna\"": null}}}""}, ""7f1b9001e4365205912d8167e1108b4a"": {""Model"": ""DatepartRegression"", ""ModelParameters"": ""{\""regression_model\"": {\""model\"": \""ElasticNet\"", \""model_params\"": {\""l1_ratio\"": 0.5, \""fit_intercept\"": true, \""selection\"": \""cyclic\"", \""max_iter\"": 1000}}, \""datepart_method\"": \""simple_2\"", \""polynomial_degree\"": null, \""holiday_countries_used\"": false, \""lags\"": null, \""forward_lags\"": null, \""regression_type\"": null}"", ""TransformationParameters"": ""{\""fillna\"": \""ffill_mean_biased\"", \""transformations\"": {\""0\"": \""AlignLastValue\"", \""1\"": \""bkfilter\"", \""2\"": \""CointegrationTransformer\""}, \""transformation_params\"": {\""0\"": {\""rows\"": 7, \""lag\"": 2, \""method\"": \""additive\"", \""strength\"": 1.0, \""first_value_only\"": true, \""threshold\"": null, \""threshold_method\"": \""max\"", \""mean_type\"": \""arithmetic\""}, \""1\"": {}, \""2\"": {\""n_components\"": 5, \""max_components\"": 20, \""shrinkage\"": 0.01, \""method\"": \""cca\"", \""min_periods\"": 30}}}""}, ""391cc75f9a7d750778405fc3cfcecb92"": {""Model"": ""RollingRegression"", ""ModelParameters"": ""{\""regression_model\"": {\""model\"": \""DecisionTree\"", \""model_params\"": {\""max_depth\"": null, \""min_samples_split\"": 0.05}}, \""holiday\"": false, \""mean_rolling_periods\"": null, \""macd_periods\"": null, \""std_rolling_periods\"": null, \""max_rolling_periods\"": 420, \""min_rolling_periods\"": 168, \""ewm_var_alpha\"": null, \""quantile90_rolling_periods\"": null, \""quantile10_rolling_periods\"": null, \""ewm_alpha\"": null, \""additional_lag_periods\"": 6, \""abs_energy\"": false, \""rolling_autocorr_periods\"": null, \""nonzero_last_n\"": null, \""add_date_part\"": \""expanded\"", \""polynomial_degree\"": null, \""x_transform\"": null, \""regression_type\"": null}"", ""TransformationParameters"": ""{\""fillna\"": \""mean\"", \""transformations\"": {\""0\"": \""STLFilter\"", \""1\"": \""RobustScaler\"", \""2\"": \""MaxAbsScaler\"", \""3\"": \""SeasonalDifference\"", \""4\"": \""AlignLastValue\""}, \""transformation_params\"": {\""0\"": {\""decomp_type\"": \""seasonal_decompose\"", \""part\"": \""trend\""}, \""1\"": {}, \""2\"": {}, \""3\"": {\""lag_1\"": 7, \""method\"": \""LastValue\""}, \""4\"": {\""rows\"": 1, \""lag\"": 2, \""method\"": \""additive\"", \""strength\"": 0.7, \""first_value_only\"": false, \""threshold\"": null, \""threshold_method\"": \""mean\"", \""mean_type\"": \""arithmetic\""}}}""}}, ""point_method"": ""midhinge"", ""model_weights"": {}}","{""fillna"": ""fake_date"", ""transformations"": {""0"": ""AlignLastValue"", ""1"": ""AlignLastValue""}, ""transformation_params"": {""0"": {""rows"": 4, ""lag"": 28, ""method"": ""additive"", ""strength"": 0.2, ""first_value_only"": false, ""threshold"": 1, ""threshold_method"": ""max""}, ""1"": {""rows"": 1, ""lag"": 1, ""method"": ""additive"", ""strength"": 1.0, ""first_value_only"": false, ""threshold"": 1, ""threshold_method"": ""mean""}}}",1,1,16.758183860553675,1.1496695681776241,1.308926843282899,0.47686559867204564,1.1496695681776241,0.0,-0.9669299615714442,0.7230256694207654,136.99341821974343,1.1484558689101465,0.42778833152947454,0.45,0.4583333333333333,3.028464093128985,0.8583333333333333,1.4675432864079412,0.9643931405899304,4.836083787833399,1.646671279350187,0.03858422475481689,136.026488258172,54.316354356161504,29.121126089597112,0.17361016539053978,16.758183860553675,1.1496695681776241,1.308926843282899,0.47686559867204564,1.1496695681776241,0.0,0.7230256694207654,1.1484558689101465,0.42778833152947454,3.028464093128985,0.8583333333333333,1.4675432864079412,0.9643931405899304,4.836083787833399,1.646671279350187,0.03858422475481689,136.026488258172,54.316354356161504,29.121126089597112,0.17361016539053978,0.45,0.4583333333333333,2.8354,26.757549301367604,16.33030056057007,Wh,16.33030056057007,Wh
187,ff956b4a2718598b9f8d280b3c2a8af0,ARIMA,"{""p"": 0, ""d"": 2, ""q"": 12, ""regression_type"": ""Holiday""}","{""fillna"": ""cubic"", ""transformations"": {""0"": ""bkfilter"", ""1"": ""AlignLastValue""}, ""transformation_params"": {""0"": {}, ""1"": {""rows"": 1, ""lag"": 7, ""method"": ""additive"", ""strength"": 1.0, ""first_value_only"": false, ""threshold"": 10, ""threshold_method"": ""mean"", ""mean_type"": ""arithmetic""}}}",0,1,16.3753390185062,0.9940219943214433,1.12835845350886,0.5085603612705525,0.9940219943214433,0.0,-113.07805385554781,0.9788675400528324,6.2045854630253885,0.6670495869109982,0.5049306995745789,0.9916666666666667,0.5083333333333333,2.3537609078581747,0.9833333333333333,1.3807898592587893,0.8468368007836762,4.21255264325085,2.2661851478661283,0.12522086089799933,106.87346839252243,39.67285453778472,24.91187279012821,0.13640226077343992,16.3753390185062,0.9940219943214433,1.12835845350886,0.5085603612705525,0.9940219943214433,0.0,0.9788675400528324,0.6670495869109982,0.5049306995745789,2.3537609078581747,0.9833333333333333,1.3807898592587893,0.8468368007836762,4.21255264325085,2.2661851478661283,0.12522086089799933,106.87346839252243,39.67285453778472,24.91187279012821,0.13640226077343992,0.9916666666666667,0.5083333333333333,4.6206,26.327275505746343,14.119429078058799,Wh,14.119429078058799,Wh
188,a2c38f26e5004e3647e8decaf8c72d1f,RollingRegression,"{""regression_model"": {""model"": ""ExtraTrees"", ""model_params"": {""n_estimators"": 100, ""min_samples_leaf"": 1, ""max_depth"": 10}}, ""holiday"": true, ""mean_rolling_periods"": 7, ""macd_periods"": null, ""std_rolling_periods"": null, ""max_rolling_periods"": 420, ""min_rolling_periods"": 7, ""ewm_var_alpha"": null, ""quantile90_rolling_periods"": null, ""quantile10_rolling_periods"": null, ""ewm_alpha"": null, ""additional_lag_periods"": 363, ""abs_energy"": false, ""rolling_autocorr_periods"": null, ""nonzero_last_n"": null, ""add_date_part"": ""expanded"", ""polynomial_degree"": null, ""x_transform"": null, ""regression_type"": null}","{""fillna"": ""cubic"", ""transformations"": {""0"": ""RobustScaler"", ""1"": ""Detrend"", ""2"": ""AnomalyRemoval""}, ""transformation_params"": {""0"": {}, ""1"": {""model"": ""GLS"", ""phi"": 1, ""window"": null, ""transform_dict"": {""fillna"": null, ""transformations"": {""0"": ""ClipOutliers""}, ""transformation_params"": {""0"": {""method"": ""clip"", ""std_threshold"": 4}}}}, ""2"": {""method"": ""rolling_zscore"", ""method_params"": {""distribution"": ""uniform"", ""alpha"": 0.05, ""rolling_periods"": 200, ""center"": true}, ""fillna"": ""rolling_mean_24"", ""transform_dict"": {""fillna"": ""ffill"", ""transformations"": {""0"": ""cffilter"", ""1"": ""ConvolutionFilter""}, ""transformation_params"": {""0"": {}, ""1"": {""weight"": [1.0, 0.5, 0.3333333333333333]}}}, ""isolated_only"": false, ""on_inverse"": false}}}",0,1,16.764059565180542,1.1472188885212782,1.3473349922933902,0.6616101287889251,1.1472188885212782,0.0,-11.406155798338236,0.7361751864745442,126.26011082421513,1.1211501679791132,0.38404528905065466,0.8083333333333333,0.475,3.0767590089181143,0.9,1.4909085590143165,0.9290454207189051,5.198825457043665,1.9790534009660623,0.5478405158884824,114.8539550258769,36.59909191099137,10.43461386303981,0.14658772995708935,16.764059565180542,1.1472188885212782,1.3473349922933902,0.6616101287889251,1.1472188885212782,0.0,0.7361751864745442,1.1211501679791132,0.38404528905065466,3.0767590089181143,0.9,1.4909085590143165,0.9290454207189051,5.198825457043665,1.9790534009660623,0.5478405158884824,114.8539550258769,36.59909191099137,10.43461386303981,0.14658772995708935,0.8083333333333333,0.475,9.2994,26.205123881871618,16.29549026683564,Wh,16.29549026683564,Wh
189,ca2e0fcc7b23d74ee347d493f6ff4379,ARIMA,"{""p"": 0, ""d"": 2, ""q"": 2, ""regression_type"": null}","{""fillna"": ""cubic"", ""transformations"": {""0"": ""AlignLastValue"", ""1"": ""AlignLastValue""}, ""transformation_params"": {""0"": {""rows"": 84, ""lag"": 1, ""method"": ""additive"", ""strength"": 0.5, ""first_value_only"": false, ""threshold"": 10, ""threshold_method"": ""max"", ""mean_type"": ""arithmetic""}, ""1"": {""rows"": 1, ""lag"": 7, ""method"": ""additive"", ""strength"": 1.0, ""first_value_only"": false, ""threshold"": 10, ""threshold_method"": ""mean"", ""mean_type"": ""arithmetic""}}}",0,1,7.862583033395065,0.5097542125427474,0.6590660755485449,0.4762645714541848,0.5097542125427474,0.0,-20.160442769240184,0.4135269575448108,41.01006273588951,0.4759366349779723,1.1530980915601927,1.0,0.5083333333333333,2.2557164287291283,0.9833333333333333,1.2066374336906442,0.3713610215023782,1.8741489516075405,0.6314038946347991,0.0035338763152508905,20.84961996664933,11.588086495367412,29.636359900412963,0.026610302280757666,7.862583033395065,0.5097542125427474,0.6590660755485449,0.4762645714541848,0.5097542125427474,0.0,0.4135269575448108,0.4759366349779723,1.1530980915601927,2.2557164287291283,0.9833333333333333,1.2066374336906442,0.3713610215023782,1.8741489516075405,0.6314038946347991,0.0035338763152508905,20.84961996664933,11.588086495367412,29.636359900412963,0.026610302280757666,1.0,0.5083333333333333,0.0898,26.187875236685507,7.240723537664048,Wh,7.240723537664048,Wh
190,03ebece6f056888c590e4d8ebca67c0b,FBProphet,"{""holiday"": false, ""regression_type"": null, ""growth"": ""linear"", ""seasonality_mode"": ""multiplicative"", ""changepoint_prior_scale"": 0.05, ""n_changepoints"": 25, ""changepoint_range"": 0.8, ""changepoint_spacing"": 60, ""changepoint_distance_end"": null, ""seasonality_prior_scale"": 10.0, ""yearly_seasonality_prior_scale"": 0.0001, ""yearly_seasonality_order"": 12, ""weekly_seasonality_prior_scale"": 0.0001, ""holidays_prior_scale"": 10.0, ""trend_phi"": null}","{""fillna"": ""cubic"", ""transformations"": {""0"": ""AlignLastValue"", ""1"": ""G711Scaler""}, ""transformation_params"": {""0"": {""rows"": 4, ""lag"": 7, ""method"": ""additive"", ""strength"": 0.5, ""first_value_only"": false, ""threshold"": null, ""threshold_method"": ""max"", ""mean_type"": ""arithmetic""}, ""1"": {""mode"": ""a"", ""mu"": 100.0, ""A"": 100.0, ""center"": ""median"", ""scale_method"": ""std"", ""scale_factor"": 3.4047629376131647, ""min_scale"": 1e-06, ""clip"": false, ""zero_offset"": 0.0, ""fill_method"": ""interpolate"", ""on_transform"": true, ""on_inverse"": true, ""bounds_only"": false}}}",0,1,15.810302318521831,1.0731527030123944,1.2459530291753098,0.47590585131868524,1.0731527030123944,0.0,-3.4878954844378587,0.6856946694825543,125.29042887704946,1.068590772210032,0.44612988759945965,1.0,0.5083333333333333,3.0437881049520765,0.9833333333333333,1.3907789089932985,0.885493659960699,4.886308004675271,1.7093350161463596,0.0032901740423427763,121.8025333926116,42.368660287710185,30.359287100720575,0.1554561779698643,15.810302318521831,1.0731527030123944,1.2459530291753098,0.47590585131868524,1.0731527030123944,0.0,0.6856946694825543,1.068590772210032,0.44612988759945965,3.0437881049520765,0.9833333333333333,1.3907789089932985,0.885493659960699,4.886308004675271,1.7093350161463596,0.0032901740423427763,121.8025333926116,42.368660287710185,30.359287100720575,0.1554561779698643,1.0,0.5083333333333333,0.9707,25.812420838697633,15.243428783941676,Wh,15.243428783941676,Wh
191,1d61fb871f12787ac0daaf3381824489,ARIMA,"{""p"": 0, ""d"": 0, ""q"": 12, ""regression_type"": ""Holiday""}","{""fillna"": ""rolling_mean_24"", ""transformations"": {""0"": ""FIRFilter"", ""1"": ""SeasonalDifference""}, ""transformation_params"": {""0"": {""numtaps"": 12, ""cutoff_hz"": 0.01, ""window"": ""tukey"", ""sampling_frequency"": 4, ""on_transform"": true, ""on_inverse"": false, ""bounds_only"": false}, ""1"": {""lag_1"": 7, ""method"": 5}}}",0,1,15.863059010261445,1.0769780573098078,1.253413986222547,0.4877597995091278,1.0769780573098078,0.0,-5.813876928231282,0.691538065305645,123.42348994894564,1.0678213598008162,0.44147615050573663,0.4,0.5,2.9997469800356953,0.9833333333333333,1.3922059248401597,0.8846317940279064,5.063758885878625,2.565545263410159,0.10763391623213878,117.60961302071436,37.44813181817662,26.087276703577352,0.1501047673103988,15.863059010261445,1.0769780573098078,1.253413986222547,0.4877597995091278,1.0769780573098078,0.0,0.691538065305645,1.0678213598008162,0.44147615050573663,2.9997469800356953,0.9833333333333333,1.3922059248401597,0.8846317940279064,5.063758885878625,2.565545263410159,0.10763391623213878,117.60961302071436,37.44813181817662,26.087276703577352,0.1501047673103988,0.4,0.5,3.8468,25.805679255845405,15.297765427405633,Wh,15.297765427405633,Wh
192,5ca829e461aef730de19e789b354a607,FBProphet,"{""holiday"": false, ""regression_type"": null, ""growth"": ""linear"", ""seasonality_mode"": ""additive"", ""changepoint_prior_scale"": 0.05, ""n_changepoints"": 25, ""changepoint_range"": 0.8, ""changepoint_spacing"": null, ""changepoint_distance_end"": null, ""seasonality_prior_scale"": 0.1, ""yearly_seasonality_prior_scale"": null, ""yearly_seasonality_order"": 30, ""weekly_seasonality_prior_scale"": null, ""holidays_prior_scale"": 10.0, ""trend_phi"": 0.98}","{""fillna"": ""time"", ""transformations"": {""0"": ""StandardScaler"", ""1"": ""AlignLastValue"", ""2"": ""AlignLastValue"", ""3"": ""PositiveShift""}, ""transformation_params"": {""0"": {}, ""1"": {""rows"": 1, ""lag"": 7, ""method"": ""additive"", ""strength"": 1.0, ""first_value_only"": false, ""threshold"": 1, ""threshold_method"": ""mean"", ""mean_type"": ""arithmetic""}, ""2"": {""rows"": 1, ""lag"": 1, ""method"": ""additive"", ""strength"": 1.0, ""first_value_only"": false, ""threshold"": 10, ""threshold_method"": ""mean"", ""mean_type"": ""arithmetic""}, ""3"": {}}}",0,1,13.235804309450971,0.8840786786152418,1.0558231627514543,0.5434441698956118,0.8840786786152418,0.0,-12.608563197555428,0.6142547139094039,93.48087823627361,0.8584920421120057,0.6647975209593339,0.0,0.4583333333333333,2.825424107871556,0.9833333333333333,1.3346189212964514,0.7045763576666109,3.958407049703576,1.5079115520257969,0.3614924739562484,80.87231503871817,23.20537939192645,16.149359913089917,0.10321707315372237,13.235804309450971,0.8840786786152418,1.0558231627514543,0.5434441698956118,0.8840786786152418,0.0,0.6142547139094039,0.8584920421120057,0.6647975209593339,2.825424107871556,0.9833333333333333,1.3346189212964514,0.7045763576666109,3.958407049703576,1.5079115520257969,0.3614924739562484,80.87231503871817,23.20537939192645,16.149359913089917,0.10321707315372237,0.0,0.4583333333333333,1.0931,25.7347881868532,12.557756542050152,Wh,12.557756542050152,Wh
193,45053c18ced3f3e45e9007a4492115f2,RollingRegression,"{""regression_model"": {""model"": ""HistGradientBoost"", ""model_params"": {""loss"": ""squared_error"", ""learning_rate"": 0.01, ""max_depth"": null, ""min_samples_leaf"": 20, ""max_iter"": 250, ""l2_regularization"": 0.02}}, ""holiday"": true, ""mean_rolling_periods"": 5, ""macd_periods"": 2, ""std_rolling_periods"": null, ""max_rolling_periods"": 13, ""min_rolling_periods"": null, ""ewm_var_alpha"": null, ""quantile90_rolling_periods"": null, ""quantile10_rolling_periods"": null, ""ewm_alpha"": 0.2, ""additional_lag_periods"": 25, ""abs_energy"": false, ""rolling_autocorr_periods"": null, ""nonzero_last_n"": null, ""add_date_part"": null, ""polynomial_degree"": null, ""x_transform"": null, ""regression_type"": null}","{""fillna"": ""cubic"", ""transformations"": {""0"": ""CenterLastValue""}, ""transformation_params"": {""0"": {""rows"": 3}}}",0,1,16.239138574998684,1.1055542615191611,1.287868319139769,0.4714619717434195,1.1055542615191611,0.0,-4.222737021568385,0.6993914856954782,128.44377436073094,1.099906065053617,0.40161048373294433,0.9166666666666666,0.5083333333333333,3.066320986052789,0.9833333333333333,1.4008879882759644,0.9112415747766187,5.2197641029305775,1.8054953030921796,0.0075466269663132255,124.22103733916258,40.774670458163776,30.236422595214243,0.1585429067058255,16.239138574998684,1.1055542615191611,1.287868319139769,0.4714619717434195,1.1055542615191611,0.0,0.6993914856954782,1.099906065053617,0.40161048373294433,3.066320986052789,0.9833333333333333,1.4008879882759644,0.9112415747766187,5.2197641029305775,1.8054953030921796,0.0075466269663132255,124.22103733916258,40.774670458163776,30.236422595214243,0.1585429067058255,0.9166666666666666,0.5083333333333333,9.2153,25.73007406688945,15.703671625617597,Wh,15.703671625617597,Wh
194,0c4903591b8c65da875ea0a4359f8046,RollingRegression,"{""regression_model"": {""model"": ""ExtraTrees"", ""model_params"": {""n_estimators"": 100, ""min_samples_leaf"": 1, ""max_depth"": 10}}, ""holiday"": false, ""mean_rolling_periods"": 12, ""macd_periods"": 364, ""std_rolling_periods"": 30, ""max_rolling_periods"": null, ""min_rolling_periods"": null, ""ewm_var_alpha"": null, ""quantile90_rolling_periods"": null, ""quantile10_rolling_periods"": null, ""ewm_alpha"": 0.1, ""additional_lag_periods"": 90, ""abs_energy"": false, ""rolling_autocorr_periods"": null, ""nonzero_last_n"": null, ""add_date_part"": ""expanded_binarized"", ""polynomial_degree"": null, ""x_transform"": null, ""regression_type"": null}","{""fillna"": ""quadratic"", ""transformations"": {""0"": ""RobustScaler"", ""1"": ""AnomalyRemoval""}, ""transformation_params"": {""0"": {}, ""1"": {""method"": ""zscore"", ""method_params"": {""distribution"": ""norm"", ""alpha"": 0.05}, ""fillna"": ""linear"", ""transform_dict"": {""transformations"": {""0"": ""DifferencedTransformer""}, ""transformation_params"": {""0"": {}}}, ""isolated_only"": true, ""on_inverse"": false}}}",0,1,16.001609037062774,1.0897253202168957,1.300052052401362,0.6883553099797909,1.0897253202168957,0.0,-11.153337604898969,0.7065827744020858,119.6137008211285,1.0632032584723041,0.4050062325525626,0.9166666666666666,0.5166666666666667,3.014058021834522,0.8833333333333333,1.4800255936463698,0.8732810042948337,4.909875651341965,1.6509675790099794,0.5926036185062122,108.46036321622954,35.96492098644491,8.1465080744476,0.13842760948551058,16.001609037062774,1.0897253202168957,1.300052052401362,0.6883553099797909,1.0897253202168957,0.0,0.7065827744020858,1.0632032584723041,0.4050062325525626,3.014058021834522,0.8833333333333333,1.4800255936463698,0.8732810042948337,4.909875651341965,1.6509675790099794,0.5926036185062122,108.46036321622954,35.96492098644491,8.1465080744476,0.13842760948551058,0.9166666666666666,0.5166666666666667,5.4821,25.59569839058234,15.478831918473436,Wh,15.478831918473436,Wh
195,215de70acef615a0ab3818de18418575,ARIMA,"{""p"": 7, ""d"": 0, ""q"": 0, ""regression_type"": null}","{""fillna"": ""cubic"", ""transformations"": {""0"": ""bkfilter"", ""1"": ""AlignLastValue""}, ""transformation_params"": {""0"": {}, ""1"": {""rows"": 1, ""lag"": 7, ""method"": ""additive"", ""strength"": 1.0, ""first_value_only"": false, ""threshold"": 10, ""threshold_method"": ""mean"", ""mean_type"": ""arithmetic""}}}",0,1,12.58142153680277,0.8344042597278629,1.0009937221609104,0.4714199395270227,0.8344042597278629,0.0,-5.823515216427611,0.5728043615473662,94.30499595091594,0.8249695492245899,0.7078802658176543,1.0,0.5416666666666666,2.7044205406153576,0.9833333333333333,1.315390587316923,0.6587698949300105,3.6128889401097393,1.3080037314995367,0.021877246332185418,88.48148073448833,31.12882587789652,28.31496458512866,0.11292862663012639,12.58142153680277,0.8344042597278629,1.0009937221609104,0.4714199395270227,0.8344042597278629,0.0,0.5728043615473662,0.8249695492245899,0.7078802658176543,2.7044205406153576,0.9833333333333333,1.315390587316923,0.6587698949300105,3.6128889401097393,1.3080037314995367,0.021877246332185418,88.48148073448833,31.12882587789652,28.31496458512866,0.11292862663012639,1.0,0.5416666666666666,0.1188,25.542313514347985,11.852164071782012,Wh,11.852164071782012,Wh
196,8e5ac5171cf2edcbbb57e66956b7ea1d,ARIMA,"{""p"": 3, ""d"": 0, ""q"": 0, ""regression_type"": null}","{""fillna"": ""cubic"", ""transformations"": {""0"": ""bkfilter"", ""1"": ""AlignLastValue""}, ""transformation_params"": {""0"": {}, ""1"": {""rows"": 1, ""lag"": 7, ""method"": ""additive"", ""strength"": 1.0, ""first_value_only"": false, ""threshold"": 10, ""threshold_method"": ""mean"", ""mean_type"": ""arithmetic""}}}",0,1,8.559224330447217,0.5486163262514101,0.6875599235511737,0.47892124245017215,0.5486163262514101,0.0,-42.18007394446364,0.49136025930651617,23.653885205705556,0.4616928333174192,1.048020448031323,1.0,0.5083333333333333,2.1146783009494516,0.9833333333333333,1.2226706812427286,0.4216344514281703,2.1973756885839824,1.056750685829244,0.009755849663719552,18.526188738758087,4.598722328915072,29.06317234362032,0.023644914546993905,8.559224330447217,0.5486163262514101,0.6875599235511737,0.47892124245017215,0.5486163262514101,0.0,0.49136025930651617,0.4616928333174192,1.048020448031323,2.1146783009494516,0.9833333333333333,1.2226706812427286,0.4216344514281703,2.1973756885839824,1.056750685829244,0.009755849663719552,18.526188738758087,4.598722328915072,29.06317234362032,0.023644914546993905,1.0,0.5083333333333333,0.0643,25.388696354959162,7.79273431958592,Wh,7.79273431958592,Wh
197,0a72cc17c8160b7e76ac34b0391a889c,ARIMA,"{""p"": 4, ""d"": 0, ""q"": 0, ""regression_type"": ""Holiday""}","{""fillna"": ""cubic"", ""transformations"": {""0"": ""bkfilter"", ""1"": ""G726Filter""}, ""transformation_params"": {""0"": {}, ""1"": {""quant_bits"": 4, ""adaptation_rate"": 0.9646671874167028, ""prediction_alpha"": 0.7747734959691172, ""floor_step"": 0.006055361311794925, ""dynamic_range"": 1.6134509882387673, ""blend"": 0.1279973692362459, ""noise_gate"": 0.07745956534158216, ""fill_method"": ""interpolate"", ""on_transform"": true, ""on_inverse"": false, ""quantizer"": ""nonuniform"", ""use_adaptive_predictor"": true, ""predictor_leak"": 0.9995816507869162, ""bounds_only"": false}}}",0,1,9.148477568139102,0.5981746034002765,0.7750144041884306,0.47951360521578634,0.5981746034002765,0.0,-9.076632482303436,0.440408020474043,62.70431992572975,0.5856497491287592,0.9305552684736329,1.0,0.49166666666666664,2.4729268178835078,0.9833333333333333,1.2362292936320505,0.43481266151193987,2.1815010834683437,0.6665579848280194,0.038154750258960674,53.62768744342631,23.99972313496894,28.902845300058754,0.06844484339619848,9.148477568139102,0.5981746034002765,0.7750144041884306,0.47951360521578634,0.5981746034002765,0.0,0.440408020474043,0.5856497491287592,0.9305552684736329,2.4729268178835078,0.9833333333333333,1.2362292936320505,0.43481266151193987,2.1815010834683437,0.6665579848280194,0.038154750258960674,53.62768744342631,23.99972313496894,28.902845300058754,0.06844484339619848,1.0,0.49166666666666664,0.2193,24.66303402877633,8.49667707279619,Wh,8.49667707279619,Wh
198,e66ef632516f867cd37d74d177a1e90c,RollingRegression,"{""regression_model"": {""model"": ""ExtraTrees"", ""model_params"": {""n_estimators"": 100, ""min_samples_leaf"": 1, ""max_depth"": 10}}, ""holiday"": true, ""mean_rolling_periods"": 7, ""macd_periods"": null, ""std_rolling_periods"": null, ""max_rolling_periods"": 420, ""min_rolling_periods"": 7, ""ewm_var_alpha"": null, ""quantile90_rolling_periods"": null, ""quantile10_rolling_periods"": null, ""ewm_alpha"": null, ""additional_lag_periods"": 363, ""abs_energy"": true, ""rolling_autocorr_periods"": null, ""nonzero_last_n"": null, ""add_date_part"": null, ""polynomial_degree"": null, ""x_transform"": null, ""regression_type"": null}","{""fillna"": ""ffill"", ""transformations"": {""0"": ""EWMAFilter"", ""1"": ""CenterSplit"", ""2"": ""Round""}, ""transformation_params"": {""0"": {""span"": 28}, ""1"": {""fillna"": ""one"", ""center"": ""median""}, ""2"": {""decimals"": 2, ""on_transform"": false, ""on_inverse"": true}}}",0,1,15.281574701811612,1.0328233807092988,1.2069454055596942,0.47712665962366274,1.0328233807092988,0.0,-6.205194591130846,0.6717736787213007,117.73361109398502,1.0233597780781336,0.40907937082496737,0.7083333333333334,0.5083333333333333,2.9623936538926507,0.9833333333333333,1.378676335421538,0.8440159500873932,4.856909694391138,1.8806947974490476,0.005023713034951067,111.52841650285418,35.19092169229601,30.289702415007888,0.14234335593562078,15.281574701811612,1.0328233807092988,1.2069454055596942,0.47712665962366274,1.0328233807092988,0.0,0.6717736787213007,1.0233597780781336,0.40907937082496737,2.9623936538926507,0.9833333333333333,1.378676335421538,0.8440159500873932,4.856909694391138,1.8806947974490476,0.005023713034951067,111.52841650285418,35.19092169229601,30.289702415007888,0.14234335593562078,0.7083333333333334,0.5083333333333333,8.522,24.606215424825887,14.67057726830349,Wh,14.67057726830349,Wh
199,8706a284bc72b7ec4ae279482d9b23d2,FBProphet,"{""holiday"": false, ""regression_type"": null, ""growth"": ""linear"", ""seasonality_mode"": ""multiplicative"", ""changepoint_prior_scale"": 0.001, ""n_changepoints"": 50, ""changepoint_range"": 0.85, ""changepoint_spacing"": null, ""changepoint_distance_end"": null, ""seasonality_prior_scale"": 10.0, ""yearly_seasonality_prior_scale"": null, ""yearly_seasonality_order"": null, ""weekly_seasonality_prior_scale"": null, ""holidays_prior_scale"": 10.0, ""trend_phi"": 0.999}","{""fillna"": ""ffill_mean_biased"", ""transformations"": {""0"": ""bkfilter"", ""1"": ""AlignLastValue""}, ""transformation_params"": {""0"": {}, ""1"": {""rows"": 84, ""lag"": 1, ""method"": ""additive"", ""strength"": 1.0, ""first_value_only"": false, ""threshold"": null, ""threshold_method"": ""max"", ""mean_type"": ""arithmetic""}}}",0,1,12.077529530114528,0.8044399288859356,0.9897233335557922,0.490885234691312,0.8044399288859356,0.0,-4.843396269951255,0.5500150438514448,91.689395196361,0.7972107577381936,0.6737133560894044,0.0,0.5083333333333333,2.725637536388967,0.9666666666666667,1.3131139743512688,0.6236898006221904,3.2242818829969684,0.8961062193362415,0.2494077198833281,86.84599892640976,34.51842704779107,21.26684949897164,0.110841266507627,12.077529530114528,0.8044399288859356,0.9897233335557922,0.490885234691312,0.8044399288859356,0.0,0.5500150438514448,0.7972107577381936,0.6737133560894044,2.725637536388967,0.9666666666666667,1.3131139743512688,0.6236898006221904,3.2242818829969684,0.8961062193362415,0.2494077198833281,86.84599892640976,34.51842704779107,21.26684949897164,0.110841266507627,0.0,0.5083333333333333,0.7812,24.56489763891536,11.426540447142909,Wh,11.426540447142909,Wh
200,41b77f7a99f25b2c6e7b71a30040e5df,DatepartRegression,"{""regression_model"": {""model"": ""Adaboost"", ""model_params"": {""n_estimators"": 100, ""loss"": ""linear"", ""estimator"": null, ""learning_rate"": 1, ""max_depth"": 3}}, ""datepart_method"": [""weekdayofmonth"", ""common_fourier""], ""polynomial_degree"": null, ""holiday_countries_used"": false, ""lags"": null, ""forward_lags"": null, ""regression_type"": null}","{""fillna"": ""cubic"", ""transformations"": {""0"": ""bkfilter"", ""1"": ""AlignLastValue""}, ""transformation_params"": {""0"": {}, ""1"": {""rows"": 1, ""lag"": 7, ""method"": ""additive"", ""strength"": 1.0, ""first_value_only"": false, ""threshold"": 10, ""threshold_method"": ""mean"", ""mean_type"": ""arithmetic""}}}",0,1,15.642458424691167,1.0657924827402843,1.2740257826758543,0.5314892861796928,1.0657924827402843,0.0,-5.606915393703663,0.674789562409431,122.28818253513046,1.0567949470471218,0.36197062658088697,0.7916666666666666,0.5083333333333333,3.120736262050068,0.975,1.398798158957606,0.8623760870124161,4.993798291475517,2.093289839688858,0.3856106949509601,116.68126714142679,37.709198649905424,15.385381570484451,0.14891992247828895,15.642458424691167,1.0657924827402843,1.2740257826758543,0.5314892861796928,1.0657924827402843,0.0,0.674789562409431,1.0567949470471218,0.36197062658088697,3.120736262050068,0.975,1.398798158957606,0.8623760870124161,4.993798291475517,2.093289839688858,0.3856106949509601,116.68126714142679,37.709198649905424,15.385381570484451,0.14891992247828895,0.7916666666666666,0.5083333333333333,0.3136,24.543294105809792,15.138881692705642,Wh,15.138881692705642,Wh
201,ec34ba68c0b03fe3c1c93b3e162fde28,DatepartRegression,"{""regression_model"": {""model"": ""RandomForest"", ""model_params"": {""n_estimators"": 100, ""min_samples_leaf"": 2, ""bootstrap"": true}}, ""datepart_method"": ""expanded"", ""polynomial_degree"": null, ""holiday_countries_used"": false, ""lags"": null, ""forward_lags"": null, ""regression_type"": null}","{""fillna"": ""ffill"", ""transformations"": {""0"": ""AlignLastValue"", ""1"": ""convolution_filter"", ""2"": ""RobustScaler""}, ""transformation_params"": {""0"": {""rows"": 4, ""lag"": 1, ""method"": ""additive"", ""strength"": 0.7, ""first_value_only"": false, ""threshold"": 1, ""threshold_method"": ""max"", ""mean_type"": ""arithmetic""}, ""1"": {}, ""2"": {}}}",0,1,15.597482163466948,1.0585413178249339,1.2376837411219377,0.49810354108151633,1.0585413178249339,0.0,-6.745576488702953,0.6852311101046612,120.27938165028914,1.046975048624779,0.37029505531008045,0.7,0.525,2.9981051609249,0.9833333333333333,1.387113110486752,0.8622604573578708,4.9427473517873235,1.9847992801831738,0.1829050396530517,113.53380516158617,36.023894620964235,22.83070139401799,0.14490282697080617,15.597482163466948,1.0585413178249339,1.2376837411219377,0.49810354108151633,1.0585413178249339,0.0,0.6852311101046612,1.046975048624779,0.37029505531008045,2.9981051609249,0.9833333333333333,1.387113110486752,0.8622604573578708,4.9427473517873235,1.9847992801831738,0.1829050396530517,113.53380516158617,36.023894620964235,22.83070139401799,0.14490282697080617,0.7,0.525,0.3348,24.476526454184135,15.035883661132418,Wh,15.035883661132418,Wh
202,47ec91701f8123948f8d39430485b57e,FBProphet,"{""holiday"": false, ""regression_type"": null, ""growth"": ""linear"", ""seasonality_mode"": ""multiplicative"", ""changepoint_prior_scale"": 0.001, ""n_changepoints"": 25, ""changepoint_range"": 0.8, ""changepoint_spacing"": null, ""changepoint_distance_end"": null, ""seasonality_prior_scale"": 10.0, ""yearly_seasonality_prior_scale"": null, ""yearly_seasonality_order"": 2, ""weekly_seasonality_prior_scale"": null, ""holidays_prior_scale"": 10.0, ""trend_phi"": null}","{""fillna"": ""cubic"", ""transformations"": {""0"": ""PowerTransformer"", ""1"": ""AlignLastValue"", ""2"": ""AnomalyRemoval""}, ""transformation_params"": {""0"": {}, ""1"": {""rows"": 1, ""lag"": 7, ""method"": ""additive"", ""strength"": 1.0, ""first_value_only"": false, ""threshold"": 10, ""threshold_method"": ""mean"", ""mean_type"": ""arithmetic""}, ""2"": {""method"": ""rolling_zscore"", ""method_params"": {""distribution"": ""uniform"", ""alpha"": 0.05, ""rolling_periods"": 200, ""center"": true}, ""fillna"": ""rolling_mean_24"", ""transform_dict"": {""fillna"": ""ffill"", ""transformations"": {""0"": ""cffilter"", ""1"": ""ConvolutionFilter""}, ""transformation_params"": {""0"": {}, ""1"": {""weight"": [1.0, 0.5, 0.3333333333333333]}}}, ""isolated_only"": false, ""on_inverse"": false}}}",0,1,15.718192355623982,1.0660942338290453,1.2415728673750117,0.48032676486321807,1.0660942338290453,0.0,-7.022345230786993,0.6899339909491448,120.90896282869844,1.054344106487913,0.3557895464488839,0.9416666666666667,0.48333333333333334,2.9877540872527053,0.9833333333333333,1.3892339282293442,0.8736401914166398,5.038870068677365,2.0256557516335545,0.0803766024829215,113.88661759791145,35.1259397063544,26.07827880925162,0.14535312033797754,15.718192355623982,1.0660942338290453,1.2415728673750117,0.48032676486321807,1.0660942338290453,0.0,0.6899339909491448,1.054344106487913,0.3557895464488839,2.9877540872527053,0.9833333333333333,1.3892339282293442,0.8736401914166398,5.038870068677365,2.0256557516335545,0.0803766024829215,113.88661759791145,35.1259397063544,26.07827880925162,0.14535312033797754,0.9416666666666667,0.48333333333333334,0.7923,24.391055116875357,15.143167868586385,Wh,15.143167868586385,Wh
203,dbef4e0b43797195004b8d70ae398ac8,Ensemble,"{""model_name"": ""BestN"", ""model_count"": 3, ""model_metric"": ""horizontal"", ""models"": {""391cc75f9a7d750778405fc3cfcecb92"": {""Model"": ""RollingRegression"", ""ModelParameters"": ""{\""regression_model\"": {\""model\"": \""DecisionTree\"", \""model_params\"": {\""max_depth\"": null, \""min_samples_split\"": 0.05}}, \""holiday\"": false, \""mean_rolling_periods\"": null, \""macd_periods\"": null, \""std_rolling_periods\"": null, \""max_rolling_periods\"": 420, \""min_rolling_periods\"": 168, \""ewm_var_alpha\"": null, \""quantile90_rolling_periods\"": null, \""quantile10_rolling_periods\"": null, \""ewm_alpha\"": null, \""additional_lag_periods\"": 6, \""abs_energy\"": false, \""rolling_autocorr_periods\"": null, \""nonzero_last_n\"": null, \""add_date_part\"": \""expanded\"", \""polynomial_degree\"": null, \""x_transform\"": null, \""regression_type\"": null}"", ""TransformationParameters"": ""{\""fillna\"": \""mean\"", \""transformations\"": {\""0\"": \""STLFilter\"", \""1\"": \""RobustScaler\"", \""2\"": \""MaxAbsScaler\"", \""3\"": \""SeasonalDifference\"", \""4\"": \""AlignLastValue\""}, \""transformation_params\"": {\""0\"": {\""decomp_type\"": \""seasonal_decompose\"", \""part\"": \""trend\""}, \""1\"": {}, \""2\"": {}, \""3\"": {\""lag_1\"": 7, \""method\"": \""LastValue\""}, \""4\"": {\""rows\"": 1, \""lag\"": 2, \""method\"": \""additive\"", \""strength\"": 0.7, \""first_value_only\"": false, \""threshold\"": null, \""threshold_method\"": \""mean\"", \""mean_type\"": \""arithmetic\""}}}""}, ""290072eada53189c757f67ac7b1cfea9"": {""Model"": ""ARIMA"", ""ModelParameters"": ""{\""p\"": 0, \""d\"": 0, \""q\"": 2, \""regression_type\"": \""Holiday\""}"", ""TransformationParameters"": ""{\""fillna\"": \""mean\"", \""transformations\"": {\""0\"": \""AnomalyRemoval\"", \""1\"": \""ChangepointDetrend\"", \""2\"": \""ClipOutliers\""}, \""transformation_params\"": {\""0\"": {\""method\"": \""zscore\"", \""method_params\"": {\""distribution\"": \""chi2\"", \""alpha\"": 0.05}, \""fillna\"": \""ffill\"", \""transform_dict\"": null, \""isolated_only\"": false, \""on_inverse\"": false}, \""1\"": {\""model\"": \""ElasticNet\"", \""changepoint_spacing\"": 90, \""changepoint_distance_end\"": 180, \""datepart_method\"": null}, \""2\"": {\""method\"": \""clip\"", \""std_threshold\"": 2, \""fillna\"": null}}}""}, ""5bb9f16e5f9c93ddad63947a240ff284"": {""Model"": ""FBProphet"", ""ModelParameters"": ""{\""holiday\"": false, \""regression_type\"": null, \""growth\"": \""linear\"", \""seasonality_mode\"": \""additive\"", \""changepoint_prior_scale\"": 0.05, \""n_changepoints\"": 25, \""changepoint_range\"": 360, \""changepoint_spacing\"": null, \""changepoint_distance_end\"": null, \""seasonality_prior_scale\"": 10.0, \""yearly_seasonality_prior_scale\"": null, \""yearly_seasonality_order\"": null, \""weekly_seasonality_prior_scale\"": null, \""holidays_prior_scale\"": 10.0, \""trend_phi\"": null}"", ""TransformationParameters"": ""{\""fillna\"": \""rolling_mean\"", \""transformations\"": {\""0\"": \""StandardScaler\"", \""1\"": \""bkfilter\"", \""2\"": \""HPFilter\""}, \""transformation_params\"": {\""0\"": {}, \""1\"": {}, \""2\"": {\""part\"": \""trend\"", \""lamb\"": 6.25}}}""}}, ""model_weights"": {}, ""point_method"": ""mean""}","{""fillna"": ""fake_date"", ""transformations"": {""0"": ""AlignLastValue"", ""1"": ""AlignLastValue""}, ""transformation_params"": {""0"": {""rows"": 4, ""lag"": 28, ""method"": ""additive"", ""strength"": 0.2, ""first_value_only"": false, ""threshold"": 1, ""threshold_method"": ""max""}, ""1"": {""rows"": 1, ""lag"": 1, ""method"": ""additive"", ""strength"": 1.0, ""first_value_only"": false, ""threshold"": 1, ""threshold_method"": ""mean""}}}",1,1,15.033713167060986,1.0168283911986455,1.1856710806726178,0.47641055879283106,1.0168283911986455,0.0,-2.036070366897807,0.6579798664424764,119.98333657693962,1.0141034118539627,0.4105659225437463,0.44166666666666665,0.4583333333333333,2.8969331152854343,0.9833333333333333,1.373160176993059,0.8348872418749955,4.381234755590478,1.3498113597888017,0.058340340280185726,117.94726621004182,45.185373423322815,28.7842263096607,0.15053571297983726,15.033713167060986,1.0168283911986455,1.1856710806726178,0.47641055879283106,1.0168283911986455,0.0,0.6579798664424764,1.0141034118539627,0.4105659225437463,2.8969331152854343,0.9833333333333333,1.373160176993059,0.8348872418749955,4.381234755590478,1.3498113597888017,0.058340340280185726,117.94726621004182,45.185373423322815,28.7842263096607,0.15053571297983726,0.44166666666666665,0.4583333333333333,2.0094,24.360427218099876,14.443378955499425,Wh,14.443378955499425,Wh
204,4da629ca4fa1b36c8f39cc201e5cec49,FBProphet,"{""holiday"": false, ""regression_type"": null, ""growth"": ""linear"", ""seasonality_mode"": ""additive"", ""changepoint_prior_scale"": 0.05, ""n_changepoints"": 25, ""changepoint_range"": 0.8, ""changepoint_spacing"": null, ""changepoint_distance_end"": null, ""seasonality_prior_scale"": 10.0, ""yearly_seasonality_prior_scale"": null, ""yearly_seasonality_order"": null, ""weekly_seasonality_prior_scale"": 0.0001, ""holidays_prior_scale"": 0.1, ""trend_phi"": null}","{""fillna"": ""mean"", ""transformations"": {""0"": ""bkfilter"", ""1"": ""bkfilter"", ""2"": ""HPFilter""}, ""transformation_params"": {""0"": {}, ""1"": {}, ""2"": {""part"": ""trend"", ""lamb"": 6.25}}}",0,1,15.881694744111478,0.9527938074494787,1.0878991520643408,0.47916692362416174,0.9527938074494787,0.0,-104.26043163736605,0.9297937432998051,10.074825256571401,0.6561975976743756,0.4069424819755584,0.35833333333333334,0.5083333333333333,2.187018189074018,0.9833333333333333,1.3632581210866104,0.7903663891945948,4.3728057399692695,2.783569122307936,0.006772332245954354,94.18560638079464,28.67850516085191,28.82273817844535,0.12020878367559922,15.881694744111478,0.9527938074494787,1.0878991520643408,0.47916692362416174,0.9527938074494787,0.0,0.9297937432998051,0.6561975976743756,0.4069424819755584,2.187018189074018,0.9833333333333333,1.3632581210866104,0.7903663891945948,4.3728057399692695,2.783569122307936,0.006772332245954354,94.18560638079464,28.67850516085191,28.82273817844535,0.12020878367559922,0.35833333333333334,0.5083333333333333,0.9848,24.24914688677725,13.533809782025982,Wh,13.533809782025982,Wh
205,db734a34e210a6f5272671acb7ea6e2b,ARIMA,"{""p"": 0, ""d"": 1, ""q"": 5, ""regression_type"": null}","{""fillna"": ""ffill"", ""transformations"": {""0"": ""bkfilter"", ""1"": ""HPFilter"", ""2"": ""PowerTransformer"", ""3"": ""AnomalyRemoval""}, ""transformation_params"": {""0"": {}, ""1"": {""part"": ""trend"", ""lamb"": 1600}, ""2"": {}, ""3"": {""method"": ""minmax"", ""method_params"": {""alpha"": 0.1}, ""fillna"": ""linear"", ""transform_dict"": null, ""isolated_only"": false, ""on_inverse"": false}}}",0,1,12.537437028591794,0.8302991121988573,0.9812584491673356,0.47903625055704774,0.8302991121988573,0.0,-13.335931900976568,0.5928109791217798,86.29996156288631,0.804562100097078,0.6245511012762158,0.8333333333333334,0.525,2.6414122385221575,0.9833333333333333,1.3156890270132189,0.6623958839640196,3.7935599068189205,1.7597830246648825,0.007747681804828045,72.96402966190975,18.62796959840413,29.994348668073897,0.09312375419942073,12.537437028591794,0.8302991121988573,0.9812584491673356,0.47903625055704774,0.8302991121988573,0.0,0.5928109791217798,0.804562100097078,0.6245511012762158,2.6414122385221575,0.9833333333333333,1.3156890270132189,0.6623958839640196,3.7935599068189205,1.7597830246648825,0.007747681804828045,72.96402966190975,18.62796959840413,29.994348668073897,0.09312375419942073,0.8333333333333334,0.525,0.4716,24.19947679039664,11.793853149365924,Wh,11.793853149365924,Wh
206,dfa0a572fdadad3c9fae50e174366a9f,ARIMA,"{""p"": 0, ""d"": 1, ""q"": 3, ""regression_type"": ""Holiday""}","{""fillna"": ""quadratic"", ""transformations"": {""0"": ""bkfilter"", ""1"": ""ChangepointDetrend"", ""2"": ""SeasonalDifference"", ""3"": ""QuantileTransformer"", ""4"": ""RobustScaler""}, ""transformation_params"": {""0"": {}, ""1"": {""model"": ""ElasticNet"", ""changepoint_spacing"": 90, ""changepoint_distance_end"": 180, ""datepart_method"": null}, ""2"": {""lag_1"": 12, ""method"": ""LastValue""}, ""3"": {""output_distribution"": ""uniform"", ""n_quantiles"": 27}, ""4"": {}}}",0,1,14.778743997484819,0.8952613755829064,1.1793964399787207,0.8661547109514346,0.8952613755829064,0.0,-50.07922267864457,0.7310850588280899,57.3521423913042,0.731869303843904,0.4486637334874803,0.9083333333333333,0.575,3.311185929951604,0.9083333333333333,1.3736942175683369,0.6308995234421672,3.5265716020579805,1.7459103450303006,0.8232401760827011,7.272919712659628,3.406429981497535,18.291777440841717,0.009282403819692074,14.778743997484819,0.8952613755829064,1.1793964399787207,0.8661547109514346,0.8952613755829064,0.0,0.7310850588280899,0.731869303843904,0.4486637334874803,3.311185929951604,0.9083333333333333,1.3736942175683369,0.6308995234421672,3.5265716020579805,1.7459103450303006,0.8232401760827011,7.272919712659628,3.406429981497535,18.291777440841717,0.009282403819692074,0.9083333333333333,0.575,0.2854,24.095894926196667,12.71659940230713,Wh,12.71659940230713,Wh
207,fac368b65528b9783cb34da1260f8ef5,FBProphet,"{""holiday"": false, ""regression_type"": null, ""growth"": ""linear"", ""seasonality_mode"": ""multiplicative"", ""changepoint_prior_scale"": 0.05, ""n_changepoints"": 25, ""changepoint_range"": 0.8, ""changepoint_spacing"": null, ""changepoint_distance_end"": null, ""seasonality_prior_scale"": 0.1, ""yearly_seasonality_prior_scale"": null, ""yearly_seasonality_order"": null, ""weekly_seasonality_prior_scale"": null, ""holidays_prior_scale"": 10.0, ""trend_phi"": 0.98}","{""fillna"": ""ffill"", ""transformations"": {""0"": ""ClipOutliers"", ""1"": ""Detrend"", ""2"": ""DatepartRegression"", ""3"": ""AlignLastValue""}, ""transformation_params"": {""0"": {""method"": ""clip"", ""std_threshold"": 2, ""fillna"": null}, ""1"": {""model"": ""Linear"", ""phi"": 0.999, ""window"": null, ""transform_dict"": null}, ""2"": {""regression_model"": {""model"": ""DecisionTree"", ""model_params"": {""max_depth"": null, ""min_samples_split"": 0.05}}, ""datepart_method"": ""expanded"", ""polynomial_degree"": null, ""transform_dict"": null, ""holiday_countries_used"": false, ""lags"": null, ""forward_lags"": null}, ""3"": {""rows"": 1, ""lag"": 2, ""method"": ""additive"", ""strength"": 1.0, ""first_value_only"": true, ""threshold"": 1, ""threshold_method"": ""mean"", ""mean_type"": ""arithmetic""}}}",0,1,12.142005620426346,0.7682747664851933,0.931220044326471,0.728194912241123,0.7682747664851933,0.0,-64.50014967883953,0.7004312367991441,27.692822299383657,0.595884719125745,0.6565343212555558,0.0,0.49166666666666664,2.492733152477355,0.9833333333333333,1.3063248146168565,0.6105537634648475,2.9221730944189597,2.1967956594926314,0.5750405605637958,36.807327379455884,16.240471712597415,8.756137451981328,0.04697707244932262,12.142005620426346,0.7682747664851933,0.931220044326471,0.728194912241123,0.7682747664851933,0.0,0.7004312367991441,0.595884719125745,0.6565343212555558,2.492733152477355,0.9833333333333333,1.3063248146168565,0.6105537634648475,2.9221730944189597,2.1967956594926314,0.5750405605637958,36.807327379455884,16.240471712597415,8.756137451981328,0.04697707244932262,0.0,0.49166666666666664,0.8823,23.985604240833883,10.91283808589653,Wh,10.91283808589653,Wh
208,f547cfa9638a84a3cbb1a926e801c5a4,DatepartRegression,"{""regression_model"": {""model"": ""RandomForest"", ""model_params"": {""n_estimators"": 100, ""min_samples_leaf"": 2, ""bootstrap"": true}}, ""datepart_method"": ""expanded"", ""polynomial_degree"": null, ""holiday_countries_used"": false, ""lags"": null, ""forward_lags"": null, ""regression_type"": null}","{""fillna"": ""cubic"", ""transformations"": {""0"": ""bkfilter"", ""1"": ""AlignLastValue"", ""2"": ""AnomalyRemoval"", ""3"": ""MinMaxScaler""}, ""transformation_params"": {""0"": {}, ""1"": {""rows"": 1, ""lag"": 7, ""method"": ""additive"", ""strength"": 1.0, ""first_value_only"": false, ""threshold"": 10, ""threshold_method"": ""mean"", ""mean_type"": ""arithmetic""}, ""2"": {""method"": ""rolling_zscore"", ""method_params"": {""distribution"": ""uniform"", ""alpha"": 0.05, ""rolling_periods"": 200, ""center"": true}, ""fillna"": ""rolling_mean_24"", ""transform_dict"": {""fillna"": ""ffill"", ""transformations"": {""0"": ""cffilter"", ""1"": ""ConvolutionFilter""}, ""transformation_params"": {""0"": {}, ""1"": {""weight"": [1.0, 0.5, 0.3333333333333333]}}}, ""isolated_only"": false, ""on_inverse"": false}, ""3"": {}}}",0,1,15.163807225432139,1.0262323446418171,1.214476749577482,0.5106529250987625,1.0262323446418171,0.0,-6.9712844330221095,0.6677612809882159,116.17659692399594,1.0144112546680477,0.3665910024709606,0.7666666666666667,0.49166666666666664,2.985917467407921,0.9833333333333333,1.3767466658240834,0.8257606759203393,4.808285570301609,1.8730149659713535,0.27447835271897214,109.20531249097384,34.08603792246714,21.011960580641336,0.1393783858265895,15.163807225432139,1.0262323446418171,1.214476749577482,0.5106529250987625,1.0262323446418171,0.0,0.6677612809882159,1.0144112546680477,0.3665910024709606,2.985917467407921,0.9833333333333333,1.3767466658240834,0.8257606759203393,4.808285570301609,1.8730149659713535,0.27447835271897214,109.20531249097384,34.08603792246714,21.011960580641336,0.1393783858265895,0.7666666666666667,0.49166666666666664,0.3599,23.915233659352413,14.576955933124419,Wh,14.576955933124419,Wh
209,6022bdb484f94e23cfd5d877d1fee4d2,FBProphet,"{""holiday"": false, ""regression_type"": null, ""growth"": ""linear"", ""seasonality_mode"": ""multiplicative"", ""changepoint_prior_scale"": 0.05, ""n_changepoints"": 25, ""changepoint_range"": 0.8, ""changepoint_spacing"": null, ""changepoint_distance_end"": null, ""seasonality_prior_scale"": 10.0, ""yearly_seasonality_prior_scale"": null, ""yearly_seasonality_order"": null, ""weekly_seasonality_prior_scale"": 0.0001, ""holidays_prior_scale"": 10.0, ""trend_phi"": null}","{""fillna"": ""cubic"", ""transformations"": {""0"": ""MaxAbsScaler"", ""1"": ""MinMaxScaler""}, ""transformation_params"": {""0"": {}, ""1"": {}}}",0,1,14.808476139096872,0.9976711063527378,1.168956655595729,0.4758180097919828,0.9976711063527378,0.0,-4.101114298843797,0.6510326859353266,115.61941846348473,0.991967272665765,0.3823460009679158,0.9583333333333334,0.5083333333333333,2.9234881270031154,0.9833333333333333,1.3673796552566488,0.8126090955023235,4.522926177587579,1.5172610400740865,0.0032184041737083175,111.51830416464094,38.67525932677493,30.285550392320744,0.1423304495911862,14.808476139096872,0.9976711063527378,1.168956655595729,0.4758180097919828,0.9976711063527378,0.0,0.6510326859353266,0.991967272665765,0.3823460009679158,2.9234881270031154,0.9833333333333333,1.3673796552566488,0.8126090955023235,4.522926177587579,1.5172610400740865,0.0032184041737083175,111.51830416464094,38.67525932677493,30.285550392320744,0.1423304495911862,0.9583333333333334,0.5083333333333333,0.8203,23.647102111454434,14.17126231597314,Wh,14.17126231597314,Wh
210,e5f03d8c6c5c1c635eb9f9ef216438ef,Ensemble,"{""model_name"": ""BestN"", ""model_count"": 3, ""model_metric"": ""best_score_unique"", ""models"": {""5bb9f16e5f9c93ddad63947a240ff284"": {""Model"": ""FBProphet"", ""ModelParameters"": ""{\""holiday\"": false, \""regression_type\"": null, \""growth\"": \""linear\"", \""seasonality_mode\"": \""additive\"", \""changepoint_prior_scale\"": 0.05, \""n_changepoints\"": 25, \""changepoint_range\"": 360, \""changepoint_spacing\"": null, \""changepoint_distance_end\"": null, \""seasonality_prior_scale\"": 10.0, \""yearly_seasonality_prior_scale\"": null, \""yearly_seasonality_order\"": null, \""weekly_seasonality_prior_scale\"": null, \""holidays_prior_scale\"": 10.0, \""trend_phi\"": null}"", ""TransformationParameters"": ""{\""fillna\"": \""rolling_mean\"", \""transformations\"": {\""0\"": \""StandardScaler\"", \""1\"": \""bkfilter\"", \""2\"": \""HPFilter\""}, \""transformation_params\"": {\""0\"": {}, \""1\"": {}, \""2\"": {\""part\"": \""trend\"", \""lamb\"": 6.25}}}""}, ""290072eada53189c757f67ac7b1cfea9"": {""Model"": ""ARIMA"", ""ModelParameters"": ""{\""p\"": 0, \""d\"": 0, \""q\"": 2, \""regression_type\"": \""Holiday\""}"", ""TransformationParameters"": ""{\""fillna\"": \""mean\"", \""transformations\"": {\""0\"": \""AnomalyRemoval\"", \""1\"": \""ChangepointDetrend\"", \""2\"": \""ClipOutliers\""}, \""transformation_params\"": {\""0\"": {\""method\"": \""zscore\"", \""method_params\"": {\""distribution\"": \""chi2\"", \""alpha\"": 0.05}, \""fillna\"": \""ffill\"", \""transform_dict\"": null, \""isolated_only\"": false, \""on_inverse\"": false}, \""1\"": {\""model\"": \""ElasticNet\"", \""changepoint_spacing\"": 90, \""changepoint_distance_end\"": 180, \""datepart_method\"": null}, \""2\"": {\""method\"": \""clip\"", \""std_threshold\"": 2, \""fillna\"": null}}}""}, ""7f1b9001e4365205912d8167e1108b4a"": {""Model"": ""DatepartRegression"", ""ModelParameters"": ""{\""regression_model\"": {\""model\"": \""ElasticNet\"", \""model_params\"": {\""l1_ratio\"": 0.5, \""fit_intercept\"": true, \""selection\"": \""cyclic\"", \""max_iter\"": 1000}}, \""datepart_method\"": \""simple_2\"", \""polynomial_degree\"": null, \""holiday_countries_used\"": false, \""lags\"": null, \""forward_lags\"": null, \""regression_type\"": null}"", ""TransformationParameters"": ""{\""fillna\"": \""ffill_mean_biased\"", \""transformations\"": {\""0\"": \""AlignLastValue\"", \""1\"": \""bkfilter\"", \""2\"": \""CointegrationTransformer\""}, \""transformation_params\"": {\""0\"": {\""rows\"": 7, \""lag\"": 2, \""method\"": \""additive\"", \""strength\"": 1.0, \""first_value_only\"": true, \""threshold\"": null, \""threshold_method\"": \""max\"", \""mean_type\"": \""arithmetic\""}, \""1\"": {}, \""2\"": {\""n_components\"": 5, \""max_components\"": 20, \""shrinkage\"": 0.01, \""method\"": \""cca\"", \""min_periods\"": 30}}}""}}, ""model_weights"": {}, ""point_method"": ""mean""}","{""fillna"": ""fake_date"", ""transformations"": {""0"": ""AlignLastValue"", ""1"": ""AlignLastValue""}, ""transformation_params"": {""0"": {""rows"": 4, ""lag"": 28, ""method"": ""additive"", ""strength"": 0.2, ""first_value_only"": false, ""threshold"": 1, ""threshold_method"": ""max""}, ""1"": {""rows"": 1, ""lag"": 1, ""method"": ""additive"", ""strength"": 1.0, ""first_value_only"": false, ""threshold"": 1, ""threshold_method"": ""mean""}}}",1,1,14.97123805446594,1.0157720563963617,1.1827653538604466,0.47697336546882707,1.0157720563963617,0.0,-1.3036077727703628,0.6578834006206016,120.58903899479304,1.0140753512271135,0.3534805742512699,0.65,0.475,2.908076140289162,0.925,1.396899507481602,0.8328901412741702,4.144291491856747,1.3003770846725975,0.03962450357087981,119.28543122202268,48.94105742312235,28.945228692009913,0.15224360864063605,14.97123805446594,1.0157720563963617,1.1827653538604466,0.47697336546882707,1.0157720563963617,0.0,0.6578834006206016,1.0140753512271135,0.3534805742512699,2.908076140289162,0.925,1.396899507481602,0.8328901412741702,4.144291491856747,1.3003770846725975,0.03962450357087981,119.28543122202268,48.94105742312235,28.945228692009913,0.15224360864063605,0.65,0.475,0.8383,23.501490382566548,14.428374413941253,Wh,14.428374413941253,Wh
211,728e37c2c2f0e563b947b79f468dd3af,FBProphet,"{""holiday"": true, ""regression_type"": null, ""growth"": ""flat"", ""seasonality_mode"": ""multiplicative"", ""changepoint_prior_scale"": 0.05, ""n_changepoints"": 25, ""changepoint_range"": 0.8, ""changepoint_spacing"": 40, ""changepoint_distance_end"": null, ""seasonality_prior_scale"": 10.0, ""yearly_seasonality_prior_scale"": 0.0001, ""yearly_seasonality_order"": 2, ""weekly_seasonality_prior_scale"": 0.0001, ""holidays_prior_scale"": 40, ""trend_phi"": null}","{""fillna"": ""rolling_mean"", ""transformations"": {""0"": ""bkfilter"", ""1"": ""AlignLastValue""}, ""transformation_params"": {""0"": {}, ""1"": {""rows"": 1, ""lag"": 7, ""method"": ""additive"", ""strength"": 1.0, ""first_value_only"": false, ""threshold"": 10, ""threshold_method"": ""mean"", ""mean_type"": ""arithmetic""}}}",0,1,15.024359728546445,1.0134554086384064,1.1860398023997256,0.477465591580379,1.0134554086384064,0.0,-6.707651623447097,0.6639419454185744,114.90699741316168,1.0029314987086202,0.33973242741635906,0.85,0.5333333333333333,2.93507647639147,0.9833333333333333,1.3727185999379947,0.8260515675219713,4.761501739265262,1.8670775005761895,0.005180430528646896,108.19934578971458,33.732596895626465,30.266580745654487,0.13809447379137235,15.024359728546445,1.0134554086384064,1.1860398023997256,0.477465591580379,1.0134554086384064,0.0,0.6639419454185744,1.0029314987086202,0.33973242741635906,2.93507647639147,0.9833333333333333,1.3727185999379947,0.8260515675219713,4.761501739265262,1.8670775005761895,0.005180430528646896,108.19934578971458,33.732596895626465,30.266580745654487,0.13809447379137235,0.85,0.5333333333333333,0.5863,23.28749752723405,14.395467955226904,Wh,14.395467955226904,Wh
212,c12250f74ae3f6ad7a1e60236d67f9e7,ARIMA,"{""p"": 0, ""d"": 0, ""q"": 7, ""regression_type"": null}","{""fillna"": ""cubic"", ""transformations"": {""0"": ""MinMaxScaler"", ""1"": ""AlignLastValue"", ""2"": ""G711Scaler""}, ""transformation_params"": {""0"": {}, ""1"": {""rows"": 1, ""lag"": 7, ""method"": ""additive"", ""strength"": 1.0, ""first_value_only"": false, ""threshold"": 10, ""threshold_method"": ""mean"", ""mean_type"": ""arithmetic""}, ""2"": {""mode"": ""mu"", ""mu"": 255.0, ""A"": 87.6, ""center"": ""median"", ""scale_method"": ""mad"", ""scale_factor"": 1.5401679392692622, ""min_scale"": 1e-06, ""clip"": true, ""zero_offset"": 0.0, ""fill_method"": ""interpolate"", ""on_transform"": true, ""on_inverse"": true, ""bounds_only"": false}}}",0,1,14.880743260769975,1.0026753097897194,1.1744796003082136,0.4774358592644951,1.0026753097897194,0.0,-6.9436358565656,0.6594025296196399,113.37740131820071,0.991673248295213,0.3407921446619763,0.7166666666666667,0.48333333333333334,2.919797797070639,0.9833333333333333,1.3693949173453095,0.8160645472682431,4.708371914193771,1.8201171365254927,0.005721897527037107,106.43376546163512,32.995268308716525,30.225714446554402,0.13584106935012563,14.880743260769975,1.0026753097897194,1.1744796003082136,0.4774358592644951,1.0026753097897194,0.0,0.6594025296196399,0.991673248295213,0.3407921446619763,2.919797797070639,0.9833333333333333,1.3693949173453095,0.8160645472682431,4.708371914193771,1.8201171365254927,0.005721897527037107,106.43376546163512,32.995268308716525,30.225714446554402,0.13584106935012563,0.7166666666666667,0.48333333333333334,0.1097,23.121698839528946,14.242343736630108,Wh,14.242343736630108,Wh
213,c09ad38a1a1f753d12157bebe5d334f7,Ensemble,"{""model_name"": ""BestN"", ""model_count"": 5, ""model_metric"": ""mixed_metric"", ""models"": {""ca2e0fcc7b23d74ee347d493f6ff4379"": {""Model"": ""ARIMA"", ""ModelParameters"": ""{\""p\"": 0, \""d\"": 2, \""q\"": 2, \""regression_type\"": null}"", ""TransformationParameters"": ""{\""fillna\"": \""cubic\"", \""transformations\"": {\""0\"": \""AlignLastValue\"", \""1\"": \""AlignLastValue\""}, \""transformation_params\"": {\""0\"": {\""rows\"": 84, \""lag\"": 1, \""method\"": \""additive\"", \""strength\"": 0.5, \""first_value_only\"": false, \""threshold\"": 10, \""threshold_method\"": \""max\"", \""mean_type\"": \""arithmetic\""}, \""1\"": {\""rows\"": 1, \""lag\"": 7, \""method\"": \""additive\"", \""strength\"": 1.0, \""first_value_only\"": false, \""threshold\"": 10, \""threshold_method\"": \""mean\"", \""mean_type\"": \""arithmetic\""}}}""}, ""216178f098ef6698659d5bd14449f8af"": {""Model"": ""ARIMA"", ""ModelParameters"": ""{\""p\"": 4, \""d\"": 2, \""q\"": 4, \""regression_type\"": null}"", ""TransformationParameters"": ""{\""fillna\"": \""cubic\"", \""transformations\"": {\""0\"": \""bkfilter\"", \""1\"": \""AlignLastValue\""}, \""transformation_params\"": {\""0\"": {}, \""1\"": {\""rows\"": 1, \""lag\"": 7, \""method\"": \""additive\"", \""strength\"": 1.0, \""first_value_only\"": false, \""threshold\"": 10, \""threshold_method\"": \""mean\"", \""mean_type\"": \""arithmetic\""}}}""}, ""5c9aafe0ed22a0009a0c5786b4223a8f"": {""Model"": ""FBProphet"", ""ModelParameters"": ""{\""holiday\"": false, \""regression_type\"": null, \""growth\"": \""linear\"", \""seasonality_mode\"": \""additive\"", \""changepoint_prior_scale\"": 0.05, \""n_changepoints\"": 25, \""changepoint_range\"": 0.8, \""changepoint_spacing\"": null, \""changepoint_distance_end\"": null, \""seasonality_prior_scale\"": 10.0, \""yearly_seasonality_prior_scale\"": null, \""yearly_seasonality_order\"": null, \""weekly_seasonality_prior_scale\"": 0.0001, \""holidays_prior_scale\"": 10.0, \""trend_phi\"": null}"", ""TransformationParameters"": ""{\""fillna\"": \""mean\"", \""transformations\"": {\""0\"": \""StandardScaler\"", \""1\"": \""bkfilter\"", \""2\"": \""HPFilter\""}, \""transformation_params\"": {\""0\"": {}, \""1\"": {}, \""2\"": {\""part\"": \""trend\"", \""lamb\"": 6.25}}}""}, ""5bb9f16e5f9c93ddad63947a240ff284"": {""Model"": ""FBProphet"", ""ModelParameters"": ""{\""holiday\"": false, \""regression_type\"": null, \""growth\"": \""linear\"", \""seasonality_mode\"": \""additive\"", \""changepoint_prior_scale\"": 0.05, \""n_changepoints\"": 25, \""changepoint_range\"": 360, \""changepoint_spacing\"": null, \""changepoint_distance_end\"": null, \""seasonality_prior_scale\"": 10.0, \""yearly_seasonality_prior_scale\"": null, \""yearly_seasonality_order\"": null, \""weekly_seasonality_prior_scale\"": null, \""holidays_prior_scale\"": 10.0, \""trend_phi\"": null}"", ""TransformationParameters"": ""{\""fillna\"": \""rolling_mean\"", \""transformations\"": {\""0\"": \""StandardScaler\"", \""1\"": \""bkfilter\"", \""2\"": \""HPFilter\""}, \""transformation_params\"": {\""0\"": {}, \""1\"": {}, \""2\"": {\""part\"": \""trend\"", \""lamb\"": 6.25}}}""}, ""90456766456292561f52d10770c88398"": {""Model"": ""FBProphet"", ""ModelParameters"": ""{\""holiday\"": false, \""regression_type\"": null, \""growth\"": \""linear\"", \""seasonality_mode\"": \""multiplicative\"", \""changepoint_prior_scale\"": 0.05, \""n_changepoints\"": 25, \""changepoint_range\"": 0.8, \""changepoint_spacing\"": null, \""changepoint_distance_end\"": null, \""seasonality_prior_scale\"": 10.0, \""yearly_seasonality_prior_scale\"": null, \""yearly_seasonality_order\"": null, \""weekly_seasonality_prior_scale\"": null, \""holidays_prior_scale\"": 0.1, \""trend_phi\"": null}"", ""TransformationParameters"": ""{\""fillna\"": \""linear\"", \""transformations\"": {\""0\"": \""UpscaleDownscaleTransformer\"", \""1\"": \""AlignLastValue\"", \""2\"": \""HPFilter\"", \""3\"": \""Discretize\"", \""4\"": \""ClipOutliers\"", \""5\"": \""Slice\""}, \""transformation_params\"": {\""0\"": {\""mode\"": \""downscale\"", \""factor\"": 1, \""down_method\"": \""decimate\"", \""fill_method\"": \""pchip\""}, \""1\"": {\""rows\"": 1, \""lag\"": 1, \""method\"": \""additive\"", \""strength\"": 1.0, \""first_value_only\"": false, \""threshold\"": null, \""threshold_method\"": \""max\"", \""mean_type\"": \""arithmetic\""}, \""2\"": {\""part\"": \""trend\"", \""lamb\"": 6.25}, \""3\"": {\""discretization\"": \""center\"", \""n_bins\"": 5}, \""4\"": {\""method\"": \""clip\"", \""std_threshold\"": 5, \""fillna\"": null}, \""5\"": {\""method\"": 0.5}}}""}}, ""point_method"": ""kalman"", ""model_weights"": {}}","{""fillna"": ""quadratic"", ""transformations"": {""0"": ""AlignLastValue"", ""1"": ""ChangepointDetrend""}, ""transformation_params"": {""0"": {""rows"": 1, ""lag"": 1, ""method"": ""multiplicative"", ""strength"": 1.0, ""first_value_only"": false, ""threshold"": null, ""threshold_method"": ""mean""}, ""1"": {""model"": ""Linear"", ""changepoint_spacing"": 180, ""changepoint_distance_end"": 360, ""datepart_method"": null}}}",1,1,12.349685535283795,0.8237337967028859,1.0077676914634888,0.47362295951466304,0.8237337967028859,0.0,-2.281696790261985,0.5559226802072843,96.56635881408434,0.8204354332863844,0.5461287272905424,0.15833333333333333,0.49166666666666664,2.7049829088499164,0.975,1.3140735120065024,0.6432061488072373,3.2206216288557177,0.8919289558328439,0.011774135142272428,94.28466202382235,39.790969299812524,30.0472456905186,0.12033520807123801,12.349685535283795,0.8237337967028859,1.0077676914634888,0.47362295951466304,0.8237337967028859,0.0,0.5559226802072843,0.8204354332863844,0.5461287272905424,2.7049829088499164,0.975,1.3140735120065024,0.6432061488072373,3.2206216288557177,0.8919289558328439,0.011774135142272428,94.28466202382235,39.790969299812524,30.0472456905186,0.12033520807123801,0.15833333333333333,0.49166666666666664,2.6341,23.081438036985645,11.700597157999528,Wh,11.700597157999528,Wh
214,c2b6bf219af211d7ba51b7726906a130,ARIMA,"{""p"": 4, ""d"": 0, ""q"": 0, ""regression_type"": ""Holiday""}","{""fillna"": ""cubic"", ""transformations"": {""0"": ""STLFilter"", ""1"": ""ThetaTransformer"", ""2"": ""Log"", ""3"": ""StandardScaler""}, ""transformation_params"": {""0"": {""decomp_type"": ""seasonal_decompose"", ""part"": ""trend""}, ""1"": {""theta_values"": [0, 2]}, ""2"": {}, ""3"": {}}}",0,1,14.027228825623391,0.9394409345731053,1.1056229943649623,0.48306395592227075,0.9394409345731053,0.0,-6.435864120021591,0.6292320821342481,106.29704802875106,0.928152045957056,0.40891063499841857,0.425,0.48333333333333334,2.834705981472762,0.9833333333333333,1.349163713425461,0.7590285719016348,4.20963781652977,2.4967035397436232,0.014494339304399152,99.86118390872947,33.2798481807872,28.9901255860869,0.12745250485026832,14.027228825623391,0.9394409345731053,1.1056229943649623,0.48306395592227075,0.9394409345731053,0.0,0.6292320821342481,0.928152045957056,0.40891063499841857,2.834705981472762,0.9833333333333333,1.349163713425461,0.7590285719016348,4.20963781652977,2.4967035397436232,0.014494339304399152,99.86118390872947,33.2798481807872,28.9901255860869,0.12745250485026832,0.425,0.48333333333333334,0.7532,23.03373091927433,13.34414099940011,Wh,13.34414099940011,Wh
215,bfcdd7bb339de244956b423a81e1af10,ARIMA,"{""p"": 4, ""d"": 1, ""q"": 12, ""regression_type"": null}","{""fillna"": ""ffill"", ""transformations"": {""0"": ""bkfilter"", ""1"": ""AlignLastValue"", ""2"": ""Slice"", ""3"": ""MaxAbsScaler""}, ""transformation_params"": {""0"": {}, ""1"": {""rows"": 1, ""lag"": 1, ""method"": ""additive"", ""strength"": 1.0, ""first_value_only"": false, ""threshold"": 1, ""threshold_method"": ""max"", ""mean_type"": ""arithmetic""}, ""2"": {""method"": 0.5}, ""3"": {}}}",0,1,14.630648757940204,0.9853744695691818,1.1630325819149783,0.4744238640970285,0.9853744695691818,0.0,-5.3288261052524755,0.6463011218271703,112.91611024304935,0.9766373915481933,0.35244719827433446,0.9166666666666666,0.5416666666666666,2.908737055956471,0.9583333333333334,1.3705880853058632,0.7983251889919947,4.65817619776426,1.466005161485299,0.10690744564053664,107.58728413779687,34.503736682016815,23.967049324722257,0.1373133014919231,14.630648757940204,0.9853744695691818,1.1630325819149783,0.4744238640970285,0.9853744695691818,0.0,0.6463011218271703,0.9766373915481933,0.35244719827433446,2.908737055956471,0.9583333333333334,1.3705880853058632,0.7983251889919947,4.65817619776426,1.466005161485299,0.10690744564053664,107.58728413779687,34.503736682016815,23.967049324722257,0.1373133014919231,0.9166666666666666,0.5416666666666666,5.7073,23.013357677025308,13.99659667280235,Wh,13.99659667280235,Wh
216,26b9e824fc97fd535b489525051873c8,Ensemble,"{""model_name"": ""BestN"", ""model_count"": 3, ""model_metric"": ""mixed_metric"", ""models"": {""ca2e0fcc7b23d74ee347d493f6ff4379"": {""Model"": ""ARIMA"", ""ModelParameters"": ""{\""p\"": 0, \""d\"": 2, \""q\"": 2, \""regression_type\"": null}"", ""TransformationParameters"": ""{\""fillna\"": \""cubic\"", \""transformations\"": {\""0\"": \""AlignLastValue\"", \""1\"": \""AlignLastValue\""}, \""transformation_params\"": {\""0\"": {\""rows\"": 84, \""lag\"": 1, \""method\"": \""additive\"", \""strength\"": 0.5, \""first_value_only\"": false, \""threshold\"": 10, \""threshold_method\"": \""max\"", \""mean_type\"": \""arithmetic\""}, \""1\"": {\""rows\"": 1, \""lag\"": 7, \""method\"": \""additive\"", \""strength\"": 1.0, \""first_value_only\"": false, \""threshold\"": 10, \""threshold_method\"": \""mean\"", \""mean_type\"": \""arithmetic\""}}}""}, ""216178f098ef6698659d5bd14449f8af"": {""Model"": ""ARIMA"", ""ModelParameters"": ""{\""p\"": 4, \""d\"": 2, \""q\"": 4, \""regression_type\"": null}"", ""TransformationParameters"": ""{\""fillna\"": \""cubic\"", \""transformations\"": {\""0\"": \""bkfilter\"", \""1\"": \""AlignLastValue\""}, \""transformation_params\"": {\""0\"": {}, \""1\"": {\""rows\"": 1, \""lag\"": 7, \""method\"": \""additive\"", \""strength\"": 1.0, \""first_value_only\"": false, \""threshold\"": 10, \""threshold_method\"": \""mean\"", \""mean_type\"": \""arithmetic\""}}}""}, ""5c9aafe0ed22a0009a0c5786b4223a8f"": {""Model"": ""FBProphet"", ""ModelParameters"": ""{\""holiday\"": false, \""regression_type\"": null, \""growth\"": \""linear\"", \""seasonality_mode\"": \""additive\"", \""changepoint_prior_scale\"": 0.05, \""n_changepoints\"": 25, \""changepoint_range\"": 0.8, \""changepoint_spacing\"": null, \""changepoint_distance_end\"": null, \""seasonality_prior_scale\"": 10.0, \""yearly_seasonality_prior_scale\"": null, \""yearly_seasonality_order\"": null, \""weekly_seasonality_prior_scale\"": 0.0001, \""holidays_prior_scale\"": 10.0, \""trend_phi\"": null}"", ""TransformationParameters"": ""{\""fillna\"": \""mean\"", \""transformations\"": {\""0\"": \""StandardScaler\"", \""1\"": \""bkfilter\"", \""2\"": \""HPFilter\""}, \""transformation_params\"": {\""0\"": {}, \""1\"": {}, \""2\"": {\""part\"": \""trend\"", \""lamb\"": 6.25}}}""}}, ""model_weights"": {}, ""point_method"": ""mean""}","{""fillna"": ""quadratic"", ""transformations"": {""0"": ""AlignLastValue"", ""1"": ""ChangepointDetrend""}, ""transformation_params"": {""0"": {""rows"": 1, ""lag"": 1, ""method"": ""multiplicative"", ""strength"": 1.0, ""first_value_only"": false, ""threshold"": null, ""threshold_method"": ""mean""}, ""1"": {""model"": ""Linear"", ""changepoint_spacing"": 180, ""changepoint_distance_end"": 360, ""datepart_method"": null}}}",1,1,14.229406273156396,0.9583497737705088,1.1281977989416783,0.4743266028272288,0.9583497737705088,0.0,-1.8838859153133205,0.6291264550498459,113.11808693714772,0.9558015061313694,0.3830693428542569,0.8083333333333333,0.4583333333333333,2.856695275608134,0.975,1.3573027867131053,0.7760800935164189,3.9939737075651607,1.1761217566672948,0.01629421621121501,111.2342010218344,44.28519482909559,29.795982914196287,0.14196784967228657,14.229406273156396,0.9583497737705088,1.1281977989416783,0.4743266028272288,0.9583497737705088,0.0,0.6291264550498459,0.9558015061313694,0.3830693428542569,2.856695275608134,0.975,1.3573027867131053,0.7760800935164189,3.9939737075651607,1.1761217566672948,0.01629421621121501,111.2342010218344,44.28519482909559,29.795982914196287,0.14196784967228657,0.8083333333333333,0.4583333333333333,1.5723,22.990511276738133,13.61272863178787,Wh,13.61272863178787,Wh
217,d6135ff5aee181b5dd97455d73c7c657,FBProphet,"{""holiday"": false, ""regression_type"": null, ""growth"": ""linear"", ""seasonality_mode"": ""additive"", ""changepoint_prior_scale"": 0.05, ""n_changepoints"": 25, ""changepoint_range"": 0.8, ""changepoint_spacing"": 60, ""changepoint_distance_end"": 60, ""seasonality_prior_scale"": 10.0, ""yearly_seasonality_prior_scale"": null, ""yearly_seasonality_order"": null, ""weekly_seasonality_prior_scale"": null, ""holidays_prior_scale"": 20, ""trend_phi"": null}","{""fillna"": ""zero"", ""transformations"": {""0"": ""MaxAbsScaler""}, ""transformation_params"": {""0"": {}}}",0,1,14.211568569549017,0.9580581647741849,1.1370294988525733,0.5448060237729048,0.9580581647741849,0.0,-7.425784523452485,0.6373643374169708,107.54119524944971,0.9450983573751013,0.3736512792856109,0.95,0.4583333333333333,2.859837466029905,0.9833333333333333,1.356493584928236,0.7708207142142223,4.197965031193296,1.3892420364852216,0.3708088019818149,100.11541072599721,34.34434304661318,16.01521401862541,0.12777697371186822,14.211568569549017,0.9580581647741849,1.1370294988525733,0.5448060237729048,0.9580581647741849,0.0,0.6373643374169708,0.9450983573751013,0.3736512792856109,2.859837466029905,0.9833333333333333,1.356493584928236,0.7708207142142223,4.197965031193296,1.3892420364852216,0.3708088019818149,100.11541072599721,34.34434304661318,16.01521401862541,0.12777697371186822,0.95,0.4583333333333333,0.5589,22.843324922034395,13.608586517663998,Wh,13.608586517663998,Wh
218,ca5f86db0a321dd297a882492d831b53,Ensemble,"{""model_name"": ""BestN"", ""model_count"": 5, ""model_metric"": ""mixed_metric"", ""models"": {""ca2e0fcc7b23d74ee347d493f6ff4379"": {""Model"": ""ARIMA"", ""ModelParameters"": ""{\""p\"": 0, \""d\"": 2, \""q\"": 2, \""regression_type\"": null}"", ""TransformationParameters"": ""{\""fillna\"": \""cubic\"", \""transformations\"": {\""0\"": \""AlignLastValue\"", \""1\"": \""AlignLastValue\""}, \""transformation_params\"": {\""0\"": {\""rows\"": 84, \""lag\"": 1, \""method\"": \""additive\"", \""strength\"": 0.5, \""first_value_only\"": false, \""threshold\"": 10, \""threshold_method\"": \""max\"", \""mean_type\"": \""arithmetic\""}, \""1\"": {\""rows\"": 1, \""lag\"": 7, \""method\"": \""additive\"", \""strength\"": 1.0, \""first_value_only\"": false, \""threshold\"": 10, \""threshold_method\"": \""mean\"", \""mean_type\"": \""arithmetic\""}}}""}, ""216178f098ef6698659d5bd14449f8af"": {""Model"": ""ARIMA"", ""ModelParameters"": ""{\""p\"": 4, \""d\"": 2, \""q\"": 4, \""regression_type\"": null}"", ""TransformationParameters"": ""{\""fillna\"": \""cubic\"", \""transformations\"": {\""0\"": \""bkfilter\"", \""1\"": \""AlignLastValue\""}, \""transformation_params\"": {\""0\"": {}, \""1\"": {\""rows\"": 1, \""lag\"": 7, \""method\"": \""additive\"", \""strength\"": 1.0, \""first_value_only\"": false, \""threshold\"": 10, \""threshold_method\"": \""mean\"", \""mean_type\"": \""arithmetic\""}}}""}, ""5c9aafe0ed22a0009a0c5786b4223a8f"": {""Model"": ""FBProphet"", ""ModelParameters"": ""{\""holiday\"": false, \""regression_type\"": null, \""growth\"": \""linear\"", \""seasonality_mode\"": \""additive\"", \""changepoint_prior_scale\"": 0.05, \""n_changepoints\"": 25, \""changepoint_range\"": 0.8, \""changepoint_spacing\"": null, \""changepoint_distance_end\"": null, \""seasonality_prior_scale\"": 10.0, \""yearly_seasonality_prior_scale\"": null, \""yearly_seasonality_order\"": null, \""weekly_seasonality_prior_scale\"": 0.0001, \""holidays_prior_scale\"": 10.0, \""trend_phi\"": null}"", ""TransformationParameters"": ""{\""fillna\"": \""mean\"", \""transformations\"": {\""0\"": \""StandardScaler\"", \""1\"": \""bkfilter\"", \""2\"": \""HPFilter\""}, \""transformation_params\"": {\""0\"": {}, \""1\"": {}, \""2\"": {\""part\"": \""trend\"", \""lamb\"": 6.25}}}""}, ""5bb9f16e5f9c93ddad63947a240ff284"": {""Model"": ""FBProphet"", ""ModelParameters"": ""{\""holiday\"": false, \""regression_type\"": null, \""growth\"": \""linear\"", \""seasonality_mode\"": \""additive\"", \""changepoint_prior_scale\"": 0.05, \""n_changepoints\"": 25, \""changepoint_range\"": 360, \""changepoint_spacing\"": null, \""changepoint_distance_end\"": null, \""seasonality_prior_scale\"": 10.0, \""yearly_seasonality_prior_scale\"": null, \""yearly_seasonality_order\"": null, \""weekly_seasonality_prior_scale\"": null, \""holidays_prior_scale\"": 10.0, \""trend_phi\"": null}"", ""TransformationParameters"": ""{\""fillna\"": \""rolling_mean\"", \""transformations\"": {\""0\"": \""StandardScaler\"", \""1\"": \""bkfilter\"", \""2\"": \""HPFilter\""}, \""transformation_params\"": {\""0\"": {}, \""1\"": {}, \""2\"": {\""part\"": \""trend\"", \""lamb\"": 6.25}}}""}, ""90456766456292561f52d10770c88398"": {""Model"": ""FBProphet"", ""ModelParameters"": ""{\""holiday\"": false, \""regression_type\"": null, \""growth\"": \""linear\"", \""seasonality_mode\"": \""multiplicative\"", \""changepoint_prior_scale\"": 0.05, \""n_changepoints\"": 25, \""changepoint_range\"": 0.8, \""changepoint_spacing\"": null, \""changepoint_distance_end\"": null, \""seasonality_prior_scale\"": 10.0, \""yearly_seasonality_prior_scale\"": null, \""yearly_seasonality_order\"": null, \""weekly_seasonality_prior_scale\"": null, \""holidays_prior_scale\"": 0.1, \""trend_phi\"": null}"", ""TransformationParameters"": ""{\""fillna\"": \""linear\"", \""transformations\"": {\""0\"": \""UpscaleDownscaleTransformer\"", \""1\"": \""AlignLastValue\"", \""2\"": \""HPFilter\"", \""3\"": \""Discretize\"", \""4\"": \""ClipOutliers\"", \""5\"": \""Slice\""}, \""transformation_params\"": {\""0\"": {\""mode\"": \""downscale\"", \""factor\"": 1, \""down_method\"": \""decimate\"", \""fill_method\"": \""pchip\""}, \""1\"": {\""rows\"": 1, \""lag\"": 1, \""method\"": \""additive\"", \""strength\"": 1.0, \""first_value_only\"": false, \""threshold\"": null, \""threshold_method\"": \""max\"", \""mean_type\"": \""arithmetic\""}, \""2\"": {\""part\"": \""trend\"", \""lamb\"": 6.25}, \""3\"": {\""discretization\"": \""center\"", \""n_bins\"": 5}, \""4\"": {\""method\"": \""clip\"", \""std_threshold\"": 5, \""fillna\"": null}, \""5\"": {\""method\"": 0.5}}}""}}, ""point_method"": ""median"", ""model_weights"": {}}","{""fillna"": ""quadratic"", ""transformations"": {""0"": ""AlignLastValue"", ""1"": ""ChangepointDetrend""}, ""transformation_params"": {""0"": {""rows"": 1, ""lag"": 1, ""method"": ""multiplicative"", ""strength"": 1.0, ""first_value_only"": false, ""threshold"": null, ""threshold_method"": ""mean""}, ""1"": {""model"": ""Linear"", ""changepoint_spacing"": 180, ""changepoint_distance_end"": 360, ""datepart_method"": null}}}",1,1,14.64441514549296,0.9902040249492464,1.1590219011103189,0.4748479517684652,0.9902040249492464,0.0,-1.5505766788639859,0.6449652000891322,117.2739063150456,0.9881277992869374,0.3302542659362859,0.6416666666666667,0.45,2.904090792925543,0.975,1.3673269271151278,0.8069913515036012,4.07834996679119,1.2323602117269479,0.013890455514571716,115.7233296361816,46.782457036750266,29.794565793371667,0.1476973099500307,14.64441514549296,0.9902040249492464,1.1590219011103189,0.4748479517684652,0.9902040249492464,0.0,0.6449652000891322,0.9881277992869374,0.3302542659362859,2.904090792925543,0.975,1.3673269271151278,0.8069913515036012,4.07834996679119,1.2323602117269479,0.013890455514571716,115.7233296361816,46.782457036750266,29.794565793371667,0.1476973099500307,0.6416666666666667,0.45,2.6396,22.757793754768574,14.065197332603574,Wh,14.065197332603574,Wh
219,b556093ea4dc2369a8892ee44e986a1a,DatepartRegression,"{""regression_model"": {""model"": ""Adaboost"", ""model_params"": {""n_estimators"": 200, ""loss"": ""linear"", ""estimator"": ""ExtraTree"", ""learning_rate"": 100, ""max_depth"": 3}}, ""datepart_method"": ""recurring"", ""polynomial_degree"": null, ""holiday_countries_used"": false, ""lags"": null, ""forward_lags"": null, ""regression_type"": null}","{""fillna"": ""cubic"", ""transformations"": {""0"": ""bkfilter"", ""1"": ""AlignLastValue""}, ""transformation_params"": {""0"": {}, ""1"": {""rows"": 1, ""lag"": 7, ""method"": ""additive"", ""strength"": 1.0, ""first_value_only"": false, ""threshold"": 10, ""threshold_method"": ""mean"", ""mean_type"": ""arithmetic""}}}",0,1,15.024245803858461,1.0134468412763469,1.186030423471391,0.47746595404996184,1.0134468412763469,0.0,-6.70767129395708,0.6639379938666695,114.90594965920457,1.0029229113587508,0.301534776574542,0.9416666666666667,0.5083333333333333,2.935059169412595,0.9833333333333333,1.3727159252553562,0.8260437538980482,4.761452102499006,1.867050199606323,0.005168640510630265,108.19827836524746,33.73232590834149,30.26690238262601,0.13809311144099007,15.024245803858461,1.0134468412763469,1.186030423471391,0.47746595404996184,1.0134468412763469,0.0,0.6639379938666695,1.0029229113587508,0.301534776574542,2.935059169412595,0.9833333333333333,1.3727159252553562,0.8260437538980482,4.761452102499006,1.867050199606323,0.005168640510630265,108.19827836524746,33.73232590834149,30.26690238262601,0.13809311144099007,0.9416666666666667,0.5083333333333333,0.3975,22.741985276498383,14.395346261480007,Wh,14.395346261480007,Wh
220,d03912fe00b9bf49b1aaa82ce913c19c,DatepartRegression,"{""regression_model"": {""model"": ""ElasticNet"", ""model_params"": {""l1_ratio"": 0.5, ""fit_intercept"": true, ""selection"": ""cyclic"", ""max_iter"": 1000}}, ""datepart_method"": [""weekdayofmonth"", ""common_fourier""], ""polynomial_degree"": null, ""holiday_countries_used"": false, ""lags"": null, ""forward_lags"": null, ""regression_type"": null}","{""fillna"": ""cubic"", ""transformations"": {""0"": ""AlignLastValue"", ""1"": ""Detrend"", ""2"": ""RobustScaler""}, ""transformation_params"": {""0"": {""rows"": 7, ""lag"": 2, ""method"": ""additive"", ""strength"": 1.0, ""first_value_only"": true, ""threshold"": null, ""threshold_method"": ""max"", ""mean_type"": ""arithmetic""}, ""1"": {""model"": ""Linear"", ""phi"": 1, ""window"": null}, ""2"": {}}}",0,1,14.004872701340094,0.9377946661555858,1.1050841440235923,0.4886087411778041,0.9377946661555858,0.0,-5.857236980327968,0.6271886715784935,106.67812295834234,0.9272063584788408,0.3852145088336845,0.9666666666666667,0.5,2.835274387295681,0.9833333333333333,1.3486075497416838,0.7578637813666341,4.186006303441841,2.8955967512352503,0.025170570457627217,100.82088597801437,34.2672053584879,28.783266283963886,0.1286773694858823,14.004872701340094,0.9377946661555858,1.1050841440235923,0.4886087411778041,0.9377946661555858,0.0,0.6271886715784935,0.9272063584788408,0.3852145088336845,2.835274387295681,0.9833333333333333,1.3486075497416838,0.7578637813666341,4.186006303441841,2.8955967512352503,0.025170570457627217,100.82088597801437,34.2672053584879,28.783266283963886,0.1286773694858823,0.9666666666666667,0.5,0.2015,22.674995618872675,13.320756838589382,Wh,13.320756838589382,Wh
221,6be2bfd7b7cbe62871380c713792b8cc,ARIMA,"{""p"": 0, ""d"": 1, ""q"": 2, ""regression_type"": null}","{""fillna"": ""cubic"", ""transformations"": {""0"": ""bkfilter"", ""1"": ""AlignLastValue"", ""2"": ""AnomalyRemoval""}, ""transformation_params"": {""0"": {}, ""1"": {""rows"": 1, ""lag"": 7, ""method"": ""additive"", ""strength"": 1.0, ""first_value_only"": false, ""threshold"": 10, ""threshold_method"": ""mean"", ""mean_type"": ""arithmetic""}, ""2"": {""method"": ""rolling_zscore"", ""method_params"": {""distribution"": ""uniform"", ""alpha"": 0.05, ""rolling_periods"": 200, ""center"": true}, ""fillna"": ""rolling_mean_24"", ""transform_dict"": {""fillna"": ""ffill"", ""transformations"": {""0"": ""cffilter"", ""1"": ""ConvolutionFilter""}, ""transformation_params"": {""0"": {}, ""1"": {""weight"": [1.0, 0.5, 0.3333333333333333]}}}, ""isolated_only"": false, ""on_inverse"": false}}}",0,1,14.528329652276467,0.9763148230829135,1.1451832757879263,0.47707804759363637,0.9763148230829135,0.0,-7.699668855443241,0.6490095880721244,109.45810991450637,0.9637980114949076,0.3357920144951614,0.9,0.5083333333333333,2.8809428895286926,0.9833333333333333,1.3612502762923389,0.7919089583558736,4.576075785084215,1.7566634985467977,0.005168640510630265,101.75844105906312,30.970431939303943,30.221517327235922,0.1298739679923047,14.528329652276467,0.9763148230829135,1.1451832757879263,0.47707804759363637,0.9763148230829135,0.0,0.6490095880721244,0.9637980114949076,0.3357920144951614,2.8809428895286926,0.9833333333333333,1.3612502762923389,0.7919089583558736,4.576075785084215,1.7566634985467977,0.005168640510630265,101.75844105906312,30.970431939303943,30.221517327235922,0.1298739679923047,0.9,0.5083333333333333,0.0907,22.599930122363183,13.867910349193915,Wh,13.867910349193915,Wh
222,be2f126094d27484b6f78ec5f78dd562,FBProphet,"{""holiday"": true, ""regression_type"": null, ""growth"": ""linear"", ""seasonality_mode"": ""multiplicative"", ""changepoint_prior_scale"": 0.05, ""n_changepoints"": 25, ""changepoint_range"": 0.8, ""changepoint_spacing"": 40, ""changepoint_distance_end"": 50, ""seasonality_prior_scale"": 25, ""yearly_seasonality_prior_scale"": null, ""yearly_seasonality_order"": null, ""weekly_seasonality_prior_scale"": null, ""holidays_prior_scale"": 10.0, ""trend_phi"": 0.99}","{""fillna"": ""cubic"", ""transformations"": {""0"": ""bkfilter"", ""1"": ""AnomalyRemoval""}, ""transformation_params"": {""0"": {}, ""1"": {""method"": ""rolling_zscore"", ""method_params"": {""distribution"": ""uniform"", ""alpha"": 0.05, ""rolling_periods"": 200, ""center"": true}, ""fillna"": ""rolling_mean_24"", ""transform_dict"": {""fillna"": ""ffill"", ""transformations"": {""0"": ""cffilter"", ""1"": ""ConvolutionFilter""}, ""transformation_params"": {""0"": {}, ""1"": {""weight"": [1.0, 0.5, 0.3333333333333333]}}}, ""isolated_only"": false, ""on_inverse"": false}}}",0,1,11.862025802032171,0.7845678353767046,0.9573256264060022,0.4929471213813511,0.7845678353767046,0.0,-8.485655828280173,0.5500645538728804,85.66248441692437,0.7694066269857205,0.5572374887658451,0.0,0.5083333333333333,2.7404545751702987,0.9833333333333333,1.299967652500164,0.6149618592026078,3.4033392534574087,1.1167590716572366,0.28963537176198056,77.17682858864421,25.638602162827993,19.036255241656352,0.09850053579389463,11.862025802032171,0.7845678353767046,0.9573256264060022,0.4929471213813511,0.7845678353767046,0.0,0.5500645538728804,0.7694066269857205,0.5572374887658451,2.7404545751702987,0.9833333333333333,1.299967652500164,0.6149618592026078,3.4033392534574087,1.1167590716572366,0.28963537176198056,77.17682858864421,25.638602162827993,19.036255241656352,0.09850053579389463,0.0,0.5083333333333333,0.5819,22.537319592140015,11.144270420383917,Wh,11.144270420383917,Wh
223,0dd0f379f895fcf660df36ece49f8e75,FBProphet,"{""holiday"": false, ""regression_type"": null, ""growth"": ""linear"", ""seasonality_mode"": ""multiplicative"", ""changepoint_prior_scale"": 0.05, ""n_changepoints"": 25, ""changepoint_range"": 0.8, ""changepoint_spacing"": null, ""changepoint_distance_end"": null, ""seasonality_prior_scale"": 10.0, ""yearly_seasonality_prior_scale"": null, ""yearly_seasonality_order"": null, ""weekly_seasonality_prior_scale"": 0.0001, ""holidays_prior_scale"": 0.1, ""trend_phi"": null}","{""fillna"": ""rolling_mean"", ""transformations"": {""0"": ""AlignLastValue"", ""1"": ""CenterSplit"", ""2"": ""G726Filter""}, ""transformation_params"": {""0"": {""rows"": 1, ""lag"": 7, ""method"": ""additive"", ""strength"": 1.0, ""first_value_only"": false, ""threshold"": null, ""threshold_method"": ""max"", ""mean_type"": ""arithmetic""}, ""1"": {""fillna"": ""mean"", ""center"": ""median""}, ""2"": {""quant_bits"": 5, ""adaptation_rate"": 0.9193105529422215, ""prediction_alpha"": 0.7950291077560703, ""floor_step"": 0.006331556019061642, ""dynamic_range"": 2.0670874305285847, ""blend"": 0.0706715646700468, ""noise_gate"": 0.0, ""fill_method"": ""ffill"", ""on_transform"": true, ""on_inverse"": false, ""quantizer"": ""nonuniform"", ""use_adaptive_predictor"": false, ""predictor_leak"": 0.9999, ""bounds_only"": false}}}",0,1,13.736285141844025,0.9177413937684629,1.081824117963936,0.4773739536392604,0.9177413937684629,0.0,-7.294173419555398,0.6198412111131548,102.83479383266014,0.9061284146404631,0.3997324354653778,0.9166666666666666,0.5083333333333333,2.807350380307941,0.9833333333333333,1.3425927331377028,0.7383393886185596,4.1970277155798765,1.5383856623310934,0.005049570859816056,95.54062041310476,30.329162254518675,30.175837849241663,0.12193818368634844,13.736285141844025,0.9177413937684629,1.081824117963936,0.4773739536392604,0.9177413937684629,0.0,0.6198412111131548,0.9061284146404631,0.3997324354653778,2.807350380307941,0.9833333333333333,1.3425927331377028,0.7383393886185596,4.1970277155798765,1.5383856623310934,0.005049570859816056,95.54062041310476,30.329162254518675,30.175837849241663,0.12193818368634844,0.9166666666666666,0.5083333333333333,1.6038,22.527167383016995,13.035913284955278,Wh,13.035913284955278,Wh
224,331aa23ba1f6b37ed6802aa8cd68cf4c,FBProphet,"{""holiday"": true, ""regression_type"": null, ""growth"": ""linear"", ""seasonality_mode"": ""additive"", ""changepoint_prior_scale"": 0.05, ""n_changepoints"": 25, ""changepoint_range"": 0.85, ""changepoint_spacing"": null, ""changepoint_distance_end"": null, ""seasonality_prior_scale"": 40, ""yearly_seasonality_prior_scale"": 0.001, ""yearly_seasonality_order"": 12, ""weekly_seasonality_prior_scale"": null, ""holidays_prior_scale"": 10.0, ""trend_phi"": 0.98}","{""fillna"": ""ffill_mean_biased"", ""transformations"": {""0"": ""bkfilter"", ""1"": ""AlignLastValue"", ""2"": ""AnomalyRemoval""}, ""transformation_params"": {""0"": {}, ""1"": {""rows"": 1, ""lag"": 7, ""method"": ""additive"", ""strength"": 1.0, ""first_value_only"": false, ""threshold"": 10, ""threshold_method"": ""mean"", ""mean_type"": ""arithmetic""}, ""2"": {""method"": ""rolling_zscore"", ""method_params"": {""distribution"": ""uniform"", ""alpha"": 0.05, ""rolling_periods"": 200, ""center"": true}, ""fillna"": ""rolling_mean_24"", ""transform_dict"": {""fillna"": ""ffill"", ""transformations"": {""0"": ""cffilter"", ""1"": ""ConvolutionFilter""}, ""transformation_params"": {""0"": {}, ""1"": {""weight"": [1.0, 0.5, 0.3333333333333333]}}}, ""isolated_only"": false, ""on_inverse"": false}}}",0,1,12.259862860904825,0.8128385451299077,0.9866906986090289,0.49998102652015136,0.8128385451299077,0.0,-10.05325353008406,0.5691027629473934,87.48737188550487,0.7938569321659724,0.5230361547442769,0.0,0.5083333333333333,2.783572970147018,0.9833333333333333,1.3096779731401273,0.6401136481993774,3.627630737818804,1.3107073825919695,0.31685526566615674,77.4341183554208,23.669843968648813,17.853955752298948,0.09882891388800964,12.259862860904825,0.8128385451299077,0.9866906986090289,0.49998102652015136,0.8128385451299077,0.0,0.5691027629473934,0.7938569321659724,0.5230361547442769,2.783572970147018,0.9833333333333333,1.3096779731401273,0.6401136481993774,3.627630737818804,1.3107073825919695,0.31685526566615674,77.4341183554208,23.669843968648813,17.853955752298948,0.09882891388800964,0.0,0.5083333333333333,1.1588,22.52424844052022,11.545837270641815,Wh,11.545837270641815,Wh
225,9c584c7d7b23c6be4f9b7e46706a1062,ARIMA,"{""p"": 0, ""d"": 2, ""q"": 2, ""regression_type"": null}","{""fillna"": ""ffill"", ""transformations"": {""0"": ""bkfilter"", ""1"": ""ChangepointDetrend"", ""2"": ""AlignLastValue""}, ""transformation_params"": {""0"": {}, ""1"": {""model"": ""ElasticNet"", ""changepoint_spacing"": 90, ""changepoint_distance_end"": 180, ""datepart_method"": null}, ""2"": {""rows"": 1, ""lag"": 2, ""method"": ""additive"", ""strength"": 0.9, ""first_value_only"": false, ""threshold"": 1, ""threshold_method"": ""mean"", ""mean_type"": ""arithmetic""}}}",0,1,14.349496416859978,0.9694374795527428,1.1394038701726108,0.4737484427658186,0.9694374795527428,0.0,-1.4039869912232659,0.6343711227950819,114.92851055510587,0.9675447138780396,0.33772769650060924,0.9083333333333333,0.5,2.858561306922568,0.9333333333333333,1.374090676914352,0.7862685550326174,3.9257002043092255,1.1833981518383774,0.0005349479348358162,113.52452356388261,46.86450755682389,30.20369947642495,0.14489098089778732,14.349496416859978,0.9694374795527428,1.1394038701726108,0.4737484427658186,0.9694374795527428,0.0,0.6343711227950819,0.9675447138780396,0.33772769650060924,2.858561306922568,0.9333333333333333,1.374090676914352,0.7862685550326174,3.9257002043092255,1.1833981518383774,0.0005349479348358162,113.52452356388261,46.86450755682389,30.20369947642495,0.14489098089778732,0.9083333333333333,0.5,0.1468,22.514277504780626,13.770222204691663,Wh,13.770222204691663,Wh
226,ac0553a5a77b3294e185dc0ef77dd2c9,FBProphet,"{""holiday"": true, ""regression_type"": null, ""growth"": ""linear"", ""seasonality_mode"": ""additive"", ""changepoint_prior_scale"": 0.05, ""n_changepoints"": 25, ""changepoint_range"": 180, ""changepoint_spacing"": null, ""changepoint_distance_end"": null, ""seasonality_prior_scale"": 0.1, ""yearly_seasonality_prior_scale"": 0.001, ""yearly_seasonality_order"": 12, ""weekly_seasonality_prior_scale"": null, ""holidays_prior_scale"": 10.0, ""trend_phi"": 0.98}","{""fillna"": ""ffill_mean_biased"", ""transformations"": {""0"": ""bkfilter"", ""1"": ""AlignLastValue"", ""2"": ""AnomalyRemoval""}, ""transformation_params"": {""0"": {}, ""1"": {""rows"": 1, ""lag"": 7, ""method"": ""additive"", ""strength"": 1.0, ""first_value_only"": false, ""threshold"": 10, ""threshold_method"": ""mean"", ""mean_type"": ""arithmetic""}, ""2"": {""method"": ""rolling_zscore"", ""method_params"": {""distribution"": ""uniform"", ""alpha"": 0.05, ""rolling_periods"": 200, ""center"": true}, ""fillna"": ""rolling_mean_24"", ""transform_dict"": {""fillna"": ""ffill"", ""transformations"": {""0"": ""cffilter"", ""1"": ""ConvolutionFilter""}, ""transformation_params"": {""0"": {}, ""1"": {""weight"": [1.0, 0.5, 0.3333333333333333]}}}, ""isolated_only"": false, ""on_inverse"": false}}}",0,1,12.252318493647127,0.8122203162690538,0.9858805677616065,0.49896898355974323,0.8122203162690538,0.0,-10.019932720280568,0.5687193493357027,87.44650523200588,0.7933260759227541,0.5224245362012241,0.0,0.5083333333333333,2.7808922123565765,0.9833333333333333,1.3094657038263,0.6395177645070717,3.6263365788984467,1.3095065490422024,0.31257040932080854,77.42657251172533,23.66441290133211,18.055118116995665,0.09881928315219667,12.252318493647127,0.8122203162690538,0.9858805677616065,0.49896898355974323,0.8122203162690538,0.0,0.5687193493357027,0.7933260759227541,0.5224245362012241,2.7808922123565765,0.9833333333333333,1.3094657038263,0.6395177645070717,3.6263365788984467,1.3095065490422024,0.31257040932080854,77.42657251172533,23.66441290133211,18.055118116995665,0.09881928315219667,0.0,0.5083333333333333,0.7976,22.505099154747825,11.537055736023163,Wh,11.537055736023163,Wh
227,267537731b429f458a452fd8300bd7d2,FBProphet,"{""holiday"": false, ""regression_type"": null, ""growth"": ""linear"", ""seasonality_mode"": ""additive"", ""changepoint_prior_scale"": 0.05, ""n_changepoints"": 25, ""changepoint_range"": 0.8, ""changepoint_spacing"": null, ""changepoint_distance_end"": null, ""seasonality_prior_scale"": 10.0, ""yearly_seasonality_prior_scale"": 0.01, ""yearly_seasonality_order"": 12, ""weekly_seasonality_prior_scale"": 0.0001, ""holidays_prior_scale"": 1.0, ""trend_phi"": 0.95}","{""fillna"": ""ffill_mean_biased"", ""transformations"": {""0"": ""StandardScaler"", ""1"": ""bkfilter"", ""2"": ""HPFilter""}, ""transformation_params"": {""0"": {}, ""1"": {}, ""2"": {""part"": ""trend"", ""lamb"": 6.25}}}",0,1,13.029170655263812,0.865971687650251,1.0250897641110261,0.47798830031821493,0.865971687650251,0.0,-10.169387384801546,0.6012657470737973,93.74721513322858,0.8481045799345915,0.45892899798791575,0.0,0.5333333333333333,2.7058663219932946,0.9833333333333333,1.326567786800951,0.6906323427918883,3.9783063484549275,1.5599500012305005,0.006247742069928052,83.57782774842704,24.236193192162887,30.061679088478392,0.10667011024240533,13.029170655263812,0.865971687650251,1.0250897641110261,0.47798830031821493,0.865971687650251,0.0,0.6012657470737973,0.8481045799345915,0.45892899798791575,2.7058663219932946,0.9833333333333333,1.326567786800951,0.6906323427918883,3.9783063484549275,1.5599500012305005,0.006247742069928052,83.57782774842704,24.236193192162887,30.061679088478392,0.10667011024240533,0.0,0.5333333333333333,0.7893,22.474328553020747,12.300558636764602,Wh,12.300558636764602,Wh
228,3d947e4699cbdbf35d15d5be4f8adf50,Ensemble,"{""model_name"": ""BestN"", ""model_count"": 3, ""model_metric"": ""best_score"", ""models"": {""5bb9f16e5f9c93ddad63947a240ff284"": {""Model"": ""FBProphet"", ""ModelParameters"": ""{\""holiday\"": false, \""regression_type\"": null, \""growth\"": \""linear\"", \""seasonality_mode\"": \""additive\"", \""changepoint_prior_scale\"": 0.05, \""n_changepoints\"": 25, \""changepoint_range\"": 360, \""changepoint_spacing\"": null, \""changepoint_distance_end\"": null, \""seasonality_prior_scale\"": 10.0, \""yearly_seasonality_prior_scale\"": null, \""yearly_seasonality_order\"": null, \""weekly_seasonality_prior_scale\"": null, \""holidays_prior_scale\"": 10.0, \""trend_phi\"": null}"", ""TransformationParameters"": ""{\""fillna\"": \""rolling_mean\"", \""transformations\"": {\""0\"": \""StandardScaler\"", \""1\"": \""bkfilter\"", \""2\"": \""HPFilter\""}, \""transformation_params\"": {\""0\"": {}, \""1\"": {}, \""2\"": {\""part\"": \""trend\"", \""lamb\"": 6.25}}}""}, ""5c9aafe0ed22a0009a0c5786b4223a8f"": {""Model"": ""FBProphet"", ""ModelParameters"": ""{\""holiday\"": false, \""regression_type\"": null, \""growth\"": \""linear\"", \""seasonality_mode\"": \""additive\"", \""changepoint_prior_scale\"": 0.05, \""n_changepoints\"": 25, \""changepoint_range\"": 0.8, \""changepoint_spacing\"": null, \""changepoint_distance_end\"": null, \""seasonality_prior_scale\"": 10.0, \""yearly_seasonality_prior_scale\"": null, \""yearly_seasonality_order\"": null, \""weekly_seasonality_prior_scale\"": 0.0001, \""holidays_prior_scale\"": 10.0, \""trend_phi\"": null}"", ""TransformationParameters"": ""{\""fillna\"": \""mean\"", \""transformations\"": {\""0\"": \""StandardScaler\"", \""1\"": \""bkfilter\"", \""2\"": \""HPFilter\""}, \""transformation_params\"": {\""0\"": {}, \""1\"": {}, \""2\"": {\""part\"": \""trend\"", \""lamb\"": 6.25}}}""}, ""2f39eb773641165ab62d1d03bee46b54"": {""Model"": ""FBProphet"", ""ModelParameters"": ""{\""holiday\"": false, \""regression_type\"": null, \""growth\"": \""linear\"", \""seasonality_mode\"": \""additive\"", \""changepoint_prior_scale\"": 0.05, \""n_changepoints\"": 25, \""changepoint_range\"": 360, \""changepoint_spacing\"": null, \""changepoint_distance_end\"": null, \""seasonality_prior_scale\"": 10.0, \""yearly_seasonality_prior_scale\"": null, \""yearly_seasonality_order\"": null, \""weekly_seasonality_prior_scale\"": null, \""holidays_prior_scale\"": 20, \""trend_phi\"": null}"", ""TransformationParameters"": ""{\""fillna\"": \""rolling_mean\"", \""transformations\"": {\""0\"": \""StandardScaler\"", \""1\"": \""bkfilter\"", \""2\"": \""HPFilter\""}, \""transformation_params\"": {\""0\"": {}, \""1\"": {}, \""2\"": {\""part\"": \""trend\"", \""lamb\"": 6.25}}}""}}, ""model_weights"": {}, ""point_method"": ""mean""}","{""fillna"": ""median"", ""transformations"": {""0"": ""DiffSmoother"", ""1"": ""AlignLastValue"", ""2"": ""HistoricValues""}, ""transformation_params"": {""0"": {""method"": ""med_diff"", ""method_params"": {""distribution"": ""norm"", ""alpha"": 0.05}, ""transform_dict"": null, ""reverse_alignment"": false, ""isolated_only"": false, ""fillna"": ""linear""}, ""1"": {""rows"": 1, ""lag"": 1, ""method"": ""additive"", ""strength"": 1.0, ""first_value_only"": false, ""threshold"": null, ""threshold_method"": ""mean""}, ""2"": {""window"": 10}}}",1,1,14.028594224403,0.8807332575321197,1.0177033458526807,0.502881071261814,0.8807332575321197,0.0,-99.90771961212158,0.8693891622700601,5.780271291732788,0.6052704033285008,0.4015917747769385,0.3333333333333333,0.5083333333333333,2.4902148246765137,0.9833333333333333,1.3487816512216841,0.7340092331755395,3.1985471104108965,3.7516101609562034,0.09688161896406955,94.1274483203888,44.42983928205637,26.466491071869303,0.12013455673189771,14.028594224403,0.8807332575321197,1.0177033458526807,0.502881071261814,0.8807332575321197,0.0,0.8693891622700601,0.6052704033285008,0.4015917747769385,2.4902148246765137,0.9833333333333333,1.3487816512216841,0.7340092331755395,3.1985471104108965,3.7516101609562034,0.09688161896406955,94.1274483203888,44.42983928205637,26.466491071869303,0.12013455673189771,0.3333333333333333,0.5083333333333333,1.8905,22.44640368061299,12.510237034444458,Wh,12.510237034444458,Wh
229,db86521a6e0eca3345b780dd7356e9d8,ARIMA,"{""p"": 7, ""d"": 2, ""q"": 4, ""regression_type"": null}","{""fillna"": ""cubic"", ""transformations"": {""0"": ""CointegrationTransformer"", ""1"": ""G711Scaler"", ""2"": ""AnomalyRemoval""}, ""transformation_params"": {""0"": {""n_components"": null, ""max_components"": 20, ""shrinkage"": 1e-05, ""method"": ""cca"", ""min_periods"": 15}, ""1"": {""mode"": ""mu"", ""mu"": 50.0, ""A"": 87.6, ""center"": ""median"", ""scale_method"": ""mad"", ""scale_factor"": 1.501437443582679, ""min_scale"": 1e-06, ""clip"": true, ""zero_offset"": 1e-08, ""fill_method"": ""ffill"", ""on_transform"": true, ""on_inverse"": true, ""bounds_only"": false}, ""2"": {""method"": ""rolling_zscore"", ""method_params"": {""distribution"": ""uniform"", ""alpha"": 0.05, ""rolling_periods"": 200, ""center"": true}, ""fillna"": ""rolling_mean_24"", ""transform_dict"": {""fillna"": ""ffill"", ""transformations"": {""0"": ""cffilter"", ""1"": ""ConvolutionFilter""}, ""transformation_params"": {""0"": {}, ""1"": {""weight"": [1.0, 0.5, 0.3333333333333333]}}}, ""isolated_only"": false, ""on_inverse"": false}}}",0,1,11.384825726958763,0.7571310517243063,0.9537656009381957,0.4820591819393901,0.7571310517243063,0.0,-1.7197355889218908,0.5168236173107031,89.13599061799485,0.7550287111091046,0.5776943177354289,0.2916666666666667,0.48333333333333334,2.764515535026513,0.9833333333333333,1.2892009135700448,0.5666344501549126,2.9645536008108726,0.8332762664676321,0.13311265126572086,87.41625502907297,38.05180728306252,25.84224513447096,0.11156908252027317,11.384825726958763,0.7571310517243063,0.9537656009381957,0.4820591819393901,0.7571310517243063,0.0,0.5168236173107031,0.7550287111091046,0.5776943177354289,2.764515535026513,0.9833333333333333,1.2892009135700448,0.5666344501549126,2.9645536008108726,0.8332762664676321,0.13311265126572086,87.41625502907297,38.05180728306252,25.84224513447096,0.11156908252027317,0.2916666666666667,0.48333333333333334,0.7954,22.421691614516284,10.754548942264583,Wh,10.754548942264583,Wh
230,7001ddeec9ef46b73fc0d205d9ab0b41,Ensemble,"{""model_name"": ""BestN"", ""model_count"": 5, ""model_metric"": ""mixed_metric"", ""models"": {""ca2e0fcc7b23d74ee347d493f6ff4379"": {""Model"": ""ARIMA"", ""ModelParameters"": ""{\""p\"": 0, \""d\"": 2, \""q\"": 2, \""regression_type\"": null}"", ""TransformationParameters"": ""{\""fillna\"": \""cubic\"", \""transformations\"": {\""0\"": \""AlignLastValue\"", \""1\"": \""AlignLastValue\""}, \""transformation_params\"": {\""0\"": {\""rows\"": 84, \""lag\"": 1, \""method\"": \""additive\"", \""strength\"": 0.5, \""first_value_only\"": false, \""threshold\"": 10, \""threshold_method\"": \""max\"", \""mean_type\"": \""arithmetic\""}, \""1\"": {\""rows\"": 1, \""lag\"": 7, \""method\"": \""additive\"", \""strength\"": 1.0, \""first_value_only\"": false, \""threshold\"": 10, \""threshold_method\"": \""mean\"", \""mean_type\"": \""arithmetic\""}}}""}, ""216178f098ef6698659d5bd14449f8af"": {""Model"": ""ARIMA"", ""ModelParameters"": ""{\""p\"": 4, \""d\"": 2, \""q\"": 4, \""regression_type\"": null}"", ""TransformationParameters"": ""{\""fillna\"": \""cubic\"", \""transformations\"": {\""0\"": \""bkfilter\"", \""1\"": \""AlignLastValue\""}, \""transformation_params\"": {\""0\"": {}, \""1\"": {\""rows\"": 1, \""lag\"": 7, \""method\"": \""additive\"", \""strength\"": 1.0, \""first_value_only\"": false, \""threshold\"": 10, \""threshold_method\"": \""mean\"", \""mean_type\"": \""arithmetic\""}}}""}, ""5c9aafe0ed22a0009a0c5786b4223a8f"": {""Model"": ""FBProphet"", ""ModelParameters"": ""{\""holiday\"": false, \""regression_type\"": null, \""growth\"": \""linear\"", \""seasonality_mode\"": \""additive\"", \""changepoint_prior_scale\"": 0.05, \""n_changepoints\"": 25, \""changepoint_range\"": 0.8, \""changepoint_spacing\"": null, \""changepoint_distance_end\"": null, \""seasonality_prior_scale\"": 10.0, \""yearly_seasonality_prior_scale\"": null, \""yearly_seasonality_order\"": null, \""weekly_seasonality_prior_scale\"": 0.0001, \""holidays_prior_scale\"": 10.0, \""trend_phi\"": null}"", ""TransformationParameters"": ""{\""fillna\"": \""mean\"", \""transformations\"": {\""0\"": \""StandardScaler\"", \""1\"": \""bkfilter\"", \""2\"": \""HPFilter\""}, \""transformation_params\"": {\""0\"": {}, \""1\"": {}, \""2\"": {\""part\"": \""trend\"", \""lamb\"": 6.25}}}""}, ""5bb9f16e5f9c93ddad63947a240ff284"": {""Model"": ""FBProphet"", ""ModelParameters"": ""{\""holiday\"": false, \""regression_type\"": null, \""growth\"": \""linear\"", \""seasonality_mode\"": \""additive\"", \""changepoint_prior_scale\"": 0.05, \""n_changepoints\"": 25, \""changepoint_range\"": 360, \""changepoint_spacing\"": null, \""changepoint_distance_end\"": null, \""seasonality_prior_scale\"": 10.0, \""yearly_seasonality_prior_scale\"": null, \""yearly_seasonality_order\"": null, \""weekly_seasonality_prior_scale\"": null, \""holidays_prior_scale\"": 10.0, \""trend_phi\"": null}"", ""TransformationParameters"": ""{\""fillna\"": \""rolling_mean\"", \""transformations\"": {\""0\"": \""StandardScaler\"", \""1\"": \""bkfilter\"", \""2\"": \""HPFilter\""}, \""transformation_params\"": {\""0\"": {}, \""1\"": {}, \""2\"": {\""part\"": \""trend\"", \""lamb\"": 6.25}}}""}, ""90456766456292561f52d10770c88398"": {""Model"": ""FBProphet"", ""ModelParameters"": ""{\""holiday\"": false, \""regression_type\"": null, \""growth\"": \""linear\"", \""seasonality_mode\"": \""multiplicative\"", \""changepoint_prior_scale\"": 0.05, \""n_changepoints\"": 25, \""changepoint_range\"": 0.8, \""changepoint_spacing\"": null, \""changepoint_distance_end\"": null, \""seasonality_prior_scale\"": 10.0, \""yearly_seasonality_prior_scale\"": null, \""yearly_seasonality_order\"": null, \""weekly_seasonality_prior_scale\"": null, \""holidays_prior_scale\"": 0.1, \""trend_phi\"": null}"", ""TransformationParameters"": ""{\""fillna\"": \""linear\"", \""transformations\"": {\""0\"": \""UpscaleDownscaleTransformer\"", \""1\"": \""AlignLastValue\"", \""2\"": \""HPFilter\"", \""3\"": \""Discretize\"", \""4\"": \""ClipOutliers\"", \""5\"": \""Slice\""}, \""transformation_params\"": {\""0\"": {\""mode\"": \""downscale\"", \""factor\"": 1, \""down_method\"": \""decimate\"", \""fill_method\"": \""pchip\""}, \""1\"": {\""rows\"": 1, \""lag\"": 1, \""method\"": \""additive\"", \""strength\"": 1.0, \""first_value_only\"": false, \""threshold\"": null, \""threshold_method\"": \""max\"", \""mean_type\"": \""arithmetic\""}, \""2\"": {\""part\"": \""trend\"", \""lamb\"": 6.25}, \""3\"": {\""discretization\"": \""center\"", \""n_bins\"": 5}, \""4\"": {\""method\"": \""clip\"", \""std_threshold\"": 5, \""fillna\"": null}, \""5\"": {\""method\"": 0.5}}}""}}, ""point_method"": ""median"", ""model_weights"": {}}","{""fillna"": ""median"", ""transformations"": {""0"": ""DiffSmoother"", ""1"": ""AlignLastValue"", ""2"": ""HistoricValues""}, ""transformation_params"": {""0"": {""method"": ""med_diff"", ""method_params"": {""distribution"": ""norm"", ""alpha"": 0.05}, ""transform_dict"": null, ""reverse_alignment"": false, ""isolated_only"": false, ""fillna"": ""linear""}, ""1"": {""rows"": 1, ""lag"": 1, ""method"": ""additive"", ""strength"": 1.0, ""first_value_only"": false, ""threshold"": null, ""threshold_method"": ""mean""}, ""2"": {""window"": 10}}}",1,1,14.301299945229452,0.8952996095021566,1.0258380323409753,0.4861824614851667,0.8952996095021566,0.0,-102.00527429580688,0.8854509240447823,5.430678844451904,0.6130746774780594,0.37346147311619055,0.39166666666666666,0.5166666666666667,2.4902148246765137,0.9833333333333333,1.353418400591389,0.7504829565684,3.267084684618846,3.765909125048845,0.06436061975937184,96.57459545135498,44.98865160971929,27.446292058937473,0.12325784267114566,14.301299945229452,0.8952996095021566,1.0258380323409753,0.4861824614851667,0.8952996095021566,0.0,0.8854509240447823,0.6130746774780594,0.37346147311619055,2.4902148246765137,0.9833333333333333,1.353418400591389,0.7504829565684,3.267084684618846,3.765909125048845,0.06436061975937184,96.57459545135498,44.98865160971929,27.446292058937473,0.12325784267114566,0.39166666666666666,0.5166666666666667,2.5404,22.31655833273708,12.71714248999967,Wh,12.71714248999967,Wh
231,d5a34657484d16b0c8e60ae96176fc94,RollingRegression,"{""regression_model"": {""model"": ""ExtraTrees"", ""model_params"": {""n_estimators"": 100, ""min_samples_leaf"": 1, ""max_depth"": 10}}, ""holiday"": true, ""mean_rolling_periods"": 30, ""macd_periods"": null, ""std_rolling_periods"": null, ""max_rolling_periods"": 420, ""min_rolling_periods"": 7, ""ewm_var_alpha"": null, ""quantile90_rolling_periods"": null, ""quantile10_rolling_periods"": null, ""ewm_alpha"": null, ""additional_lag_periods"": 6, ""abs_energy"": true, ""rolling_autocorr_periods"": null, ""nonzero_last_n"": null, ""add_date_part"": null, ""polynomial_degree"": null, ""x_transform"": null, ""regression_type"": null}","{""fillna"": ""quadratic"", ""transformations"": {""0"": ""CenterSplit"", ""1"": ""StandardScaler""}, ""transformation_params"": {""0"": {""fillna"": ""ffill"", ""center"": ""median""}, ""1"": {}}}",0,1,13.489306160017124,0.9002778490780836,1.0657056476061633,0.479534168697507,0.9002778490780836,0.0,-9.583373530444648,0.6171998588094715,98.44996835892539,0.8826394939647114,0.4021034624568553,0.8916666666666667,0.49166666666666664,2.7489738862855093,0.9833333333333333,1.3376687207273552,0.7186483526462488,4.216957342268982,1.5768350145236802,0.07365869257119179,88.86659482848074,25.54989372529879,28.451188747371084,0.1134201464981197,13.489306160017124,0.9002778490780836,1.0657056476061633,0.479534168697507,0.9002778490780836,0.0,0.6171998588094715,0.8826394939647114,0.4021034624568553,2.7489738862855093,0.9833333333333333,1.3376687207273552,0.7186483526462488,4.216957342268982,1.5768350145236802,0.07365869257119179,88.86659482848074,25.54989372529879,28.451188747371084,0.1134201464981197,0.8916666666666667,0.49166666666666664,8.3179,22.252881826240962,12.787855111075896,Wh,12.787855111075896,Wh
232,f7ea0601f802b617ef6b19617523378c,Ensemble,"{""model_name"": ""BestN"", ""model_count"": 3, ""model_metric"": ""bestn_horizontal"", ""models"": {""5bb9f16e5f9c93ddad63947a240ff284"": {""Model"": ""FBProphet"", ""ModelParameters"": ""{\""holiday\"": false, \""regression_type\"": null, \""growth\"": \""linear\"", \""seasonality_mode\"": \""additive\"", \""changepoint_prior_scale\"": 0.05, \""n_changepoints\"": 25, \""changepoint_range\"": 360, \""changepoint_spacing\"": null, \""changepoint_distance_end\"": null, \""seasonality_prior_scale\"": 10.0, \""yearly_seasonality_prior_scale\"": null, \""yearly_seasonality_order\"": null, \""weekly_seasonality_prior_scale\"": null, \""holidays_prior_scale\"": 10.0, \""trend_phi\"": null}"", ""TransformationParameters"": ""{\""fillna\"": \""rolling_mean\"", \""transformations\"": {\""0\"": \""StandardScaler\"", \""1\"": \""bkfilter\"", \""2\"": \""HPFilter\""}, \""transformation_params\"": {\""0\"": {}, \""1\"": {}, \""2\"": {\""part\"": \""trend\"", \""lamb\"": 6.25}}}""}, ""290072eada53189c757f67ac7b1cfea9"": {""Model"": ""ARIMA"", ""ModelParameters"": ""{\""p\"": 0, \""d\"": 0, \""q\"": 2, \""regression_type\"": \""Holiday\""}"", ""TransformationParameters"": ""{\""fillna\"": \""mean\"", \""transformations\"": {\""0\"": \""AnomalyRemoval\"", \""1\"": \""ChangepointDetrend\"", \""2\"": \""ClipOutliers\""}, \""transformation_params\"": {\""0\"": {\""method\"": \""zscore\"", \""method_params\"": {\""distribution\"": \""chi2\"", \""alpha\"": 0.05}, \""fillna\"": \""ffill\"", \""transform_dict\"": null, \""isolated_only\"": false, \""on_inverse\"": false}, \""1\"": {\""model\"": \""ElasticNet\"", \""changepoint_spacing\"": 90, \""changepoint_distance_end\"": 180, \""datepart_method\"": null}, \""2\"": {\""method\"": \""clip\"", \""std_threshold\"": 2, \""fillna\"": null}}}""}, ""391cc75f9a7d750778405fc3cfcecb92"": {""Model"": ""RollingRegression"", ""ModelParameters"": ""{\""regression_model\"": {\""model\"": \""DecisionTree\"", \""model_params\"": {\""max_depth\"": null, \""min_samples_split\"": 0.05}}, \""holiday\"": false, \""mean_rolling_periods\"": null, \""macd_periods\"": null, \""std_rolling_periods\"": null, \""max_rolling_periods\"": 420, \""min_rolling_periods\"": 168, \""ewm_var_alpha\"": null, \""quantile90_rolling_periods\"": null, \""quantile10_rolling_periods\"": null, \""ewm_alpha\"": null, \""additional_lag_periods\"": 6, \""abs_energy\"": false, \""rolling_autocorr_periods\"": null, \""nonzero_last_n\"": null, \""add_date_part\"": \""expanded\"", \""polynomial_degree\"": null, \""x_transform\"": null, \""regression_type\"": null}"", ""TransformationParameters"": ""{\""fillna\"": \""mean\"", \""transformations\"": {\""0\"": \""STLFilter\"", \""1\"": \""RobustScaler\"", \""2\"": \""MaxAbsScaler\"", \""3\"": \""SeasonalDifference\"", \""4\"": \""AlignLastValue\""}, \""transformation_params\"": {\""0\"": {\""decomp_type\"": \""seasonal_decompose\"", \""part\"": \""trend\""}, \""1\"": {}, \""2\"": {}, \""3\"": {\""lag_1\"": 7, \""method\"": \""LastValue\""}, \""4\"": {\""rows\"": 1, \""lag\"": 2, \""method\"": \""additive\"", \""strength\"": 0.7, \""first_value_only\"": false, \""threshold\"": null, \""threshold_method\"": \""mean\"", \""mean_type\"": \""arithmetic\""}}}""}}, ""model_weights"": {""5bb9f16e5f9c93ddad63947a240ff284"": 4.0, ""290072eada53189c757f67ac7b1cfea9"": 3.0, ""391cc75f9a7d750778405fc3cfcecb92"": 2.0}, ""point_method"": ""mean""}","{""fillna"": ""fake_date"", ""transformations"": {""0"": ""AlignLastValue"", ""1"": ""AlignLastValue""}, ""transformation_params"": {""0"": {""rows"": 4, ""lag"": 28, ""method"": ""additive"", ""strength"": 0.2, ""first_value_only"": false, ""threshold"": 1, ""threshold_method"": ""max""}, ""1"": {""rows"": 1, ""lag"": 1, ""method"": ""additive"", ""strength"": 1.0, ""first_value_only"": false, ""threshold"": 1, ""threshold_method"": ""mean""}}}",1,1,13.867221930856527,0.9308000866522451,1.10290312391007,0.4762866586432141,0.9308000866522451,0.0,-2.4741787627637875,0.6150702590985035,109.22183163550561,0.9273581892435605,0.3619172830005597,0.49166666666666664,0.4666666666666667,2.798089019381523,0.9833333333333333,1.3460411093611797,0.7512844656129533,3.925747775312389,1.1394834860992147,0.056000992400876144,106.74765287274182,41.59168851861561,28.66971609672172,0.13624168283397015,13.867221930856527,0.9308000866522451,1.10290312391007,0.4762866586432141,0.9308000866522451,0.0,0.6150702590985035,0.9273581892435605,0.3619172830005597,2.798089019381523,0.9833333333333333,1.3460411093611797,0.7512844656129533,3.925747775312389,1.1394834860992147,0.056000992400876144,106.74765287274182,41.59168851861561,28.66971609672172,0.13624168283397015,0.49166666666666664,0.4666666666666667,3.3343,22.237190041232406,13.221403434145168,Wh,13.221403434145168,Wh
233,a9d2a5eddb0117a0e1a37ed4d82acbd7,Ensemble,"{""model_name"": ""BestN"", ""model_count"": 3, ""model_metric"": ""mixed_metric"", ""models"": {""ca2e0fcc7b23d74ee347d493f6ff4379"": {""Model"": ""ARIMA"", ""ModelParameters"": ""{\""p\"": 0, \""d\"": 2, \""q\"": 2, \""regression_type\"": null}"", ""TransformationParameters"": ""{\""fillna\"": \""cubic\"", \""transformations\"": {\""0\"": \""AlignLastValue\"", \""1\"": \""AlignLastValue\""}, \""transformation_params\"": {\""0\"": {\""rows\"": 84, \""lag\"": 1, \""method\"": \""additive\"", \""strength\"": 0.5, \""first_value_only\"": false, \""threshold\"": 10, \""threshold_method\"": \""max\"", \""mean_type\"": \""arithmetic\""}, \""1\"": {\""rows\"": 1, \""lag\"": 7, \""method\"": \""additive\"", \""strength\"": 1.0, \""first_value_only\"": false, \""threshold\"": 10, \""threshold_method\"": \""mean\"", \""mean_type\"": \""arithmetic\""}}}""}, ""216178f098ef6698659d5bd14449f8af"": {""Model"": ""ARIMA"", ""ModelParameters"": ""{\""p\"": 4, \""d\"": 2, \""q\"": 4, \""regression_type\"": null}"", ""TransformationParameters"": ""{\""fillna\"": \""cubic\"", \""transformations\"": {\""0\"": \""bkfilter\"", \""1\"": \""AlignLastValue\""}, \""transformation_params\"": {\""0\"": {}, \""1\"": {\""rows\"": 1, \""lag\"": 7, \""method\"": \""additive\"", \""strength\"": 1.0, \""first_value_only\"": false, \""threshold\"": 10, \""threshold_method\"": \""mean\"", \""mean_type\"": \""arithmetic\""}}}""}, ""5c9aafe0ed22a0009a0c5786b4223a8f"": {""Model"": ""FBProphet"", ""ModelParameters"": ""{\""holiday\"": false, \""regression_type\"": null, \""growth\"": \""linear\"", \""seasonality_mode\"": \""additive\"", \""changepoint_prior_scale\"": 0.05, \""n_changepoints\"": 25, \""changepoint_range\"": 0.8, \""changepoint_spacing\"": null, \""changepoint_distance_end\"": null, \""seasonality_prior_scale\"": 10.0, \""yearly_seasonality_prior_scale\"": null, \""yearly_seasonality_order\"": null, \""weekly_seasonality_prior_scale\"": 0.0001, \""holidays_prior_scale\"": 10.0, \""trend_phi\"": null}"", ""TransformationParameters"": ""{\""fillna\"": \""mean\"", \""transformations\"": {\""0\"": \""StandardScaler\"", \""1\"": \""bkfilter\"", \""2\"": \""HPFilter\""}, \""transformation_params\"": {\""0\"": {}, \""1\"": {}, \""2\"": {\""part\"": \""trend\"", \""lamb\"": 6.25}}}""}}, ""model_weights"": {}, ""point_method"": ""mean""}","{""fillna"": ""median"", ""transformations"": {""0"": ""DiffSmoother"", ""1"": ""AlignLastValue"", ""2"": ""HistoricValues""}, ""transformation_params"": {""0"": {""method"": ""med_diff"", ""method_params"": {""distribution"": ""norm"", ""alpha"": 0.05}, ""transform_dict"": null, ""reverse_alignment"": false, ""isolated_only"": false, ""fillna"": ""linear""}, ""1"": {""rows"": 1, ""lag"": 1, ""method"": ""additive"", ""strength"": 1.0, ""first_value_only"": false, ""threshold"": null, ""threshold_method"": ""mean""}, ""2"": {""window"": 10}}}",1,1,15.268756155816439,0.953224261601766,1.0797156060779287,0.49594489829642574,0.953224261601766,0.0,-108.97667789459229,0.9433772944800836,5.410233497619629,0.6450155488225696,0.29160630422309336,0.6666666666666666,0.48333333333333334,2.4902148246765137,0.9833333333333333,1.3717018478475658,0.8041286375008377,3.384889819010243,3.8634877422243035,0.058836123415641824,103.56644439697266,49.388985454455124,27.062866131858573,0.13218151678328266,15.268756155816439,0.953224261601766,1.0797156060779287,0.49594489829642574,0.953224261601766,0.0,0.9433772944800836,0.6450155488225696,0.29160630422309336,2.4902148246765137,0.9833333333333333,1.3717018478475658,0.8041286375008377,3.384889819010243,3.8634877422243035,0.058836123415641824,103.56644439697266,49.388985454455124,27.062866131858573,0.13218151678328266,0.6666666666666666,0.48333333333333334,1.4494,22.234683499595224,13.5399241003301,Wh,13.5399241003301,Wh
234,9e045ca2f5d930d779d0bcd964ffbd82,DatepartRegression,"{""regression_model"": {""model"": ""RandomForest"", ""model_params"": {""n_estimators"": 100, ""min_samples_leaf"": 2, ""bootstrap"": true}}, ""datepart_method"": ""expanded"", ""polynomial_degree"": null, ""holiday_countries_used"": false, ""lags"": null, ""forward_lags"": null, ""regression_type"": null}","{""fillna"": ""ffill"", ""transformations"": {""0"": ""QuantileTransformer"", ""1"": ""Detrend""}, ""transformation_params"": {""0"": {""output_distribution"": ""normal"", ""n_quantiles"": 20}, ""1"": {""model"": ""Linear"", ""phi"": 1, ""window"": null}}}",0,1,9.796530786606498,0.6425970556425509,0.826338043902941,0.6073289518837897,0.6425970556425509,0.0,-19.433057291439763,0.488346377827612,57.67858938566633,0.6048407123503942,0.7052730325172786,1.0,0.5416666666666666,2.275306688897647,0.975,1.2607622537086574,0.4781614603437055,2.6063874991548386,1.8361710248078247,0.49823077882415084,38.24553209422657,10.783156806163081,10.716275779193321,0.04881264845804011,9.796530786606498,0.6425970556425509,0.826338043902941,0.6073289518837897,0.6425970556425509,0.0,0.488346377827612,0.6048407123503942,0.7052730325172786,2.275306688897647,0.975,1.2607622537086574,0.4781614603437055,2.6063874991548386,1.8361710248078247,0.49823077882415084,38.24553209422657,10.783156806163081,10.716275779193321,0.04881264845804011,1.0,0.5416666666666666,0.459,22.199158546923456,9.127668808885904,Wh,9.127668808885904,Wh
235,a1151e6b07e0b7a6f8985b13dd5fed4d,DatepartRegression,"{""regression_model"": {""model"": ""RandomForest"", ""model_params"": {""n_estimators"": 100, ""min_samples_leaf"": 2, ""bootstrap"": true}}, ""datepart_method"": ""expanded"", ""polynomial_degree"": null, ""holiday_countries_used"": false, ""lags"": null, ""forward_lags"": null, ""regression_type"": null}","{""fillna"": ""ffill"", ""transformations"": {""0"": ""QuantileTransformer"", ""1"": ""Detrend"", ""2"": ""RobustScaler""}, ""transformation_params"": {""0"": {""output_distribution"": ""normal"", ""n_quantiles"": 20}, ""1"": {""model"": ""Linear"", ""phi"": 1, ""window"": null}, ""2"": {}}}",0,1,9.79653080960202,0.6425970569859837,0.8263380448043887,0.6073289513826629,0.6425970569859837,0.0,-19.433057189554933,0.48834637835482275,57.67858964876311,0.6048407140412919,0.7052730327811614,1.0,0.5416666666666666,2.2753066933523645,0.975,1.2607622539667522,0.4781614620842425,2.606387510484695,1.8361710111467684,0.4982307770912623,38.245532459208164,10.783156964028583,10.71627577416362,0.04881264892386494,9.79653080960202,0.6425970569859837,0.8263380448043887,0.6073289513826629,0.6425970569859837,0.0,0.48834637835482275,0.6048407140412919,0.7052730327811614,2.2753066933523645,0.975,1.2607622539667522,0.4781614620842425,2.606387510484695,1.8361710111467684,0.4982307770912623,38.245532459208164,10.783156964028583,10.71627577416362,0.04881264892386494,1.0,0.5416666666666666,0.3912,22.196291446338623,9.127668827968485,Wh,9.127668827968485,Wh
236,aa0f34dc1dd7ddc69a59f375dfb96b0a,ARIMA,"{""p"": 1, ""d"": 0, ""q"": 5, ""regression_type"": null}","{""fillna"": ""cubic"", ""transformations"": {""0"": ""bkfilter"", ""1"": ""AlignLastValue""}, ""transformation_params"": {""0"": {}, ""1"": {""rows"": 1, ""lag"": 7, ""method"": ""additive"", ""strength"": 1.0, ""first_value_only"": false, ""threshold"": 10, ""threshold_method"": ""mean"", ""mean_type"": ""arithmetic""}}}",0,1,14.144051349298122,0.9477348151995221,1.1126690207703263,0.47701032819430517,0.9477348151995221,0.0,-8.418668893098696,0.6375830923675815,105.30950893084395,0.9338039622768027,0.3389004500001151,0.9166666666666666,0.5083333333333333,2.837884902201541,0.9833333333333333,1.3523547026092912,0.766172405253524,4.42172025301858,1.6678878125239072,0.005248795708552275,96.89084003774525,29.06608090159826,30.186878975211926,0.12366146461015268,14.144051349298122,0.9477348151995221,1.1126690207703263,0.47701032819430517,0.9477348151995221,0.0,0.6375830923675815,0.9338039622768027,0.3389004500001151,2.837884902201541,0.9833333333333333,1.3523547026092912,0.766172405253524,4.42172025301858,1.6678878125239072,0.005248795708552275,96.89084003774525,29.06608090159826,30.186878975211926,0.12366146461015268,0.9166666666666666,0.5083333333333333,0.1878,22.153849881561523,13.461950122292324,Wh,13.461950122292324,Wh
237,346fdb6b863e0f61cef308f67827a6a1,ARIMA,"{""p"": 0, ""d"": 1, ""q"": 2, ""regression_type"": ""Holiday""}","{""fillna"": ""ffill"", ""transformations"": {""0"": ""AlignLastValue"", ""1"": ""ChangepointDetrend"", ""2"": ""Round""}, ""transformation_params"": {""0"": {""rows"": 1, ""lag"": 7, ""method"": ""additive"", ""strength"": 0.5, ""first_value_only"": false, ""threshold"": null, ""threshold_method"": ""mean"", ""mean_type"": ""arithmetic""}, ""1"": {""model"": ""ElasticNet"", ""changepoint_spacing"": 90, ""changepoint_distance_end"": 180, ""datepart_method"": null}, ""2"": {""decimals"": 0, ""on_transform"": false, ""on_inverse"": true}}}",0,1,13.843950981581367,0.92594552618725,1.0889473390381952,0.4939917698901012,0.92594552618725,0.0,-6.55418041680357,0.6226674169737619,104.55928272566642,0.9154371942636225,0.3630139376532602,0.9333333333333333,0.5083333333333333,2.8312968810811094,0.9833333333333333,1.3449541886883012,0.7494556503356355,4.1800564709215715,1.4292445562472327,0.06897915128682994,98.00510230886286,32.63447933348337,28.78997891766643,0.12508359392962767,13.843950981581367,0.92594552618725,1.0889473390381952,0.4939917698901012,0.92594552618725,0.0,0.6226674169737619,0.9154371942636225,0.3630139376532602,2.8312968810811094,0.9833333333333333,1.3449541886883012,0.7494556503356355,4.1800564709215715,1.4292445562472327,0.06897915128682994,98.00510230886286,32.63447933348337,28.78997891766643,0.12508359392962767,0.9333333333333333,0.5083333333333333,0.2255,22.142346562334012,13.152447593547862,Wh,13.152447593547862,Wh
238,18e9fded1b60b8f4a505641372ba9b15,ARIMA,"{""p"": 2, ""d"": 0, ""q"": 2, ""regression_type"": null}","{""fillna"": ""cubic"", ""transformations"": {""0"": ""bkfilter"", ""1"": ""AlignLastValue"", ""2"": ""AnomalyRemoval""}, ""transformation_params"": {""0"": {}, ""1"": {""rows"": 1, ""lag"": 7, ""method"": ""additive"", ""strength"": 1.0, ""first_value_only"": false, ""threshold"": 10, ""threshold_method"": ""mean"", ""mean_type"": ""arithmetic""}, ""2"": {""method"": ""rolling_zscore"", ""method_params"": {""distribution"": ""uniform"", ""alpha"": 0.05, ""rolling_periods"": 200, ""center"": true}, ""fillna"": ""rolling_mean_24"", ""transform_dict"": {""fillna"": ""ffill"", ""transformations"": {""0"": ""cffilter"", ""1"": ""ConvolutionFilter""}, ""transformation_params"": {""0"": {}, ""1"": {""weight"": [1.0, 0.5, 0.3333333333333333]}}}, ""isolated_only"": false, ""on_inverse"": false}}}",0,1,14.020594194519584,0.9389580263149084,1.1001589390067195,0.48908038616200455,0.9389580263149084,0.0,-8.905256718369728,0.6354688089447276,103.76970643941928,0.923715511177409,0.3313849793020288,0.9166666666666666,0.5333333333333333,2.725359093082014,0.9833333333333333,1.3492065435251699,0.7611401868620739,4.360883082525928,1.5912343006110934,0.32499006940559055,94.86444972104954,28.260433406626536,20.4264710523296,0.12107518922708443,14.020594194519584,0.9389580263149084,1.1001589390067195,0.48908038616200455,0.9389580263149084,0.0,0.6354688089447276,0.923715511177409,0.3313849793020288,2.725359093082014,0.9833333333333333,1.3492065435251699,0.7611401868620739,4.360883082525928,1.5912343006110934,0.32499006940559055,94.86444972104954,28.260433406626536,20.4264710523296,0.12107518922708443,0.9166666666666666,0.5333333333333333,0.283,21.88413850112052,13.337281604998608,Wh,13.337281604998608,Wh
239,bf4c5c517e2ef82cb6b519d0d4074bf2,FBProphet,"{""holiday"": true, ""regression_type"": null, ""growth"": ""linear"", ""seasonality_mode"": ""additive"", ""changepoint_prior_scale"": 0.05, ""n_changepoints"": 25, ""changepoint_range"": 0.85, ""changepoint_spacing"": null, ""changepoint_distance_end"": null, ""seasonality_prior_scale"": 10.0, ""yearly_seasonality_prior_scale"": null, ""yearly_seasonality_order"": null, ""weekly_seasonality_prior_scale"": null, ""holidays_prior_scale"": 10.0, ""trend_phi"": 0.999}","{""fillna"": ""ffill_mean_biased"", ""transformations"": {""0"": ""AlignLastValue"", ""1"": ""StandardScaler"", ""2"": ""FFTFilter""}, ""transformation_params"": {""0"": {""rows"": 7, ""lag"": 7, ""method"": ""additive"", ""strength"": 0.9, ""first_value_only"": false, ""threshold"": null, ""threshold_method"": ""max"", ""mean_type"": ""arithmetic""}, ""1"": {}, ""2"": {""cutoff"": 0.2, ""reverse"": false, ""on_transform"": true, ""on_inverse"": false}}}",0,1,10.807222859465488,0.7119217940757411,0.8865905629395392,0.49914575239436915,0.7119217940757411,0.0,-9.413116861238127,0.5104333397146387,76.0174984278508,0.6948677471762028,0.5986048060384762,0.0,0.525,2.2985793035793947,0.9833333333333333,1.2771027140798847,0.5465167057307323,2.8730363070950973,0.7869691040247617,0.1947987893648875,66.60438156661267,23.83000327886678,22.39621985366094,0.0850069559802781,10.807222859465488,0.7119217940757411,0.8865905629395392,0.49914575239436915,0.7119217940757411,0.0,0.5104333397146387,0.6948677471762028,0.5986048060384762,2.2985793035793947,0.9833333333333333,1.2771027140798847,0.5465167057307323,2.8730363070950973,0.7869691040247617,0.1947987893648875,66.60438156661267,23.83000327886678,22.39621985366094,0.0850069559802781,0.0,0.525,0.9713,21.877272439644383,10.112381152530363,Wh,10.112381152530363,Wh
240,ffa2f1d0e78fc4602061f45548eadddc,Ensemble,"{""model_name"": ""BestN"", ""model_count"": 5, ""model_metric"": ""bestn_horizontal"", ""models"": {""5bb9f16e5f9c93ddad63947a240ff284"": {""Model"": ""FBProphet"", ""ModelParameters"": ""{\""holiday\"": false, \""regression_type\"": null, \""growth\"": \""linear\"", \""seasonality_mode\"": \""additive\"", \""changepoint_prior_scale\"": 0.05, \""n_changepoints\"": 25, \""changepoint_range\"": 360, \""changepoint_spacing\"": null, \""changepoint_distance_end\"": null, \""seasonality_prior_scale\"": 10.0, \""yearly_seasonality_prior_scale\"": null, \""yearly_seasonality_order\"": null, \""weekly_seasonality_prior_scale\"": null, \""holidays_prior_scale\"": 10.0, \""trend_phi\"": null}"", ""TransformationParameters"": ""{\""fillna\"": \""rolling_mean\"", \""transformations\"": {\""0\"": \""StandardScaler\"", \""1\"": \""bkfilter\"", \""2\"": \""HPFilter\""}, \""transformation_params\"": {\""0\"": {}, \""1\"": {}, \""2\"": {\""part\"": \""trend\"", \""lamb\"": 6.25}}}""}, ""5c9aafe0ed22a0009a0c5786b4223a8f"": {""Model"": ""FBProphet"", ""ModelParameters"": ""{\""holiday\"": false, \""regression_type\"": null, \""growth\"": \""linear\"", \""seasonality_mode\"": \""additive\"", \""changepoint_prior_scale\"": 0.05, \""n_changepoints\"": 25, \""changepoint_range\"": 0.8, \""changepoint_spacing\"": null, \""changepoint_distance_end\"": null, \""seasonality_prior_scale\"": 10.0, \""yearly_seasonality_prior_scale\"": null, \""yearly_seasonality_order\"": null, \""weekly_seasonality_prior_scale\"": 0.0001, \""holidays_prior_scale\"": 10.0, \""trend_phi\"": null}"", ""TransformationParameters"": ""{\""fillna\"": \""mean\"", \""transformations\"": {\""0\"": \""StandardScaler\"", \""1\"": \""bkfilter\"", \""2\"": \""HPFilter\""}, \""transformation_params\"": {\""0\"": {}, \""1\"": {}, \""2\"": {\""part\"": \""trend\"", \""lamb\"": 6.25}}}""}, ""2f39eb773641165ab62d1d03bee46b54"": {""Model"": ""FBProphet"", ""ModelParameters"": ""{\""holiday\"": false, \""regression_type\"": null, \""growth\"": \""linear\"", \""seasonality_mode\"": \""additive\"", \""changepoint_prior_scale\"": 0.05, \""n_changepoints\"": 25, \""changepoint_range\"": 360, \""changepoint_spacing\"": null, \""changepoint_distance_end\"": null, \""seasonality_prior_scale\"": 10.0, \""yearly_seasonality_prior_scale\"": null, \""yearly_seasonality_order\"": null, \""weekly_seasonality_prior_scale\"": null, \""holidays_prior_scale\"": 20, \""trend_phi\"": null}"", ""TransformationParameters"": ""{\""fillna\"": \""rolling_mean\"", \""transformations\"": {\""0\"": \""StandardScaler\"", \""1\"": \""bkfilter\"", \""2\"": \""HPFilter\""}, \""transformation_params\"": {\""0\"": {}, \""1\"": {}, \""2\"": {\""part\"": \""trend\"", \""lamb\"": 6.25}}}""}, ""03692eafcc5a0b55c93fa7a44934e875"": {""Model"": ""FBProphet"", ""ModelParameters"": ""{\""holiday\"": false, \""regression_type\"": null, \""growth\"": \""linear\"", \""seasonality_mode\"": \""multiplicative\"", \""changepoint_prior_scale\"": 0.05, \""n_changepoints\"": 25, \""changepoint_range\"": 0.8, \""changepoint_spacing\"": null, \""changepoint_distance_end\"": null, \""seasonality_prior_scale\"": 10.0, \""yearly_seasonality_prior_scale\"": null, \""yearly_seasonality_order\"": null, \""weekly_seasonality_prior_scale\"": 0.0001, \""holidays_prior_scale\"": 0.1, \""trend_phi\"": null}"", ""TransformationParameters"": ""{\""fillna\"": \""rolling_mean\"", \""transformations\"": {\""0\"": \""StandardScaler\"", \""1\"": \""bkfilter\"", \""2\"": \""HPFilter\""}, \""transformation_params\"": {\""0\"": {}, \""1\"": {}, \""2\"": {\""part\"": \""trend\"", \""lamb\"": 6.25}}}""}, ""0c0137540bc924eddab1cf1337a173c4"": {""Model"": ""FBProphet"", ""ModelParameters"": ""{\""holiday\"": false, \""regression_type\"": null, \""growth\"": \""linear\"", \""seasonality_mode\"": \""additive\"", \""changepoint_prior_scale\"": 0.05, \""n_changepoints\"": 25, \""changepoint_range\"": 0.85, \""changepoint_spacing\"": null, \""changepoint_distance_end\"": null, \""seasonality_prior_scale\"": 10.0, \""yearly_seasonality_prior_scale\"": null, \""yearly_seasonality_order\"": null, \""weekly_seasonality_prior_scale\"": 0.0001, \""holidays_prior_scale\"": 0.1, \""trend_phi\"": null}"", ""TransformationParameters"": ""{\""fillna\"": \""rolling_mean\"", \""transformations\"": {\""0\"": \""StandardScaler\"", \""1\"": \""bkfilter\"", \""2\"": \""HPFilter\""}, \""transformation_params\"": {\""0\"": {}, \""1\"": {}, \""2\"": {\""part\"": \""trend\"", \""lamb\"": 6.25}}}""}}, ""point_method"": ""median"", ""model_weights"": {}}","{""fillna"": ""median"", ""transformations"": {""0"": ""DiffSmoother"", ""1"": ""AlignLastValue"", ""2"": ""HistoricValues""}, ""transformation_params"": {""0"": {""method"": ""med_diff"", ""method_params"": {""distribution"": ""norm"", ""alpha"": 0.05}, ""transform_dict"": null, ""reverse_alignment"": false, ""isolated_only"": false, ""fillna"": ""linear""}, ""1"": {""rows"": 1, ""lag"": 1, ""method"": ""additive"", ""strength"": 1.0, ""first_value_only"": false, ""threshold"": null, ""threshold_method"": ""mean""}, ""2"": {""window"": 10}}}",1,1,13.674395590194539,0.8603403647740682,1.0023892239483854,0.494570078480234,0.8603403647740682,0.0,-97.4605724811554,0.8489962695120086,5.780271291732788,0.5937315569754641,0.38161890957940753,0.375,0.5,2.4902148246765137,0.9833333333333333,1.3422632932962173,0.7093544333588844,3.1343702779339586,3.7250002334752117,0.04207711898238323,91.68030118942261,43.22450865602111,28.323351766031745,0.11701127079264977,13.674395590194539,0.8603403647740682,1.0023892239483854,0.494570078480234,0.8603403647740682,0.0,0.8489962695120086,0.5937315569754641,0.38161890957940753,2.4902148246765137,0.9833333333333333,1.3422632932962173,0.7093544333588844,3.1343702779339586,3.7250002334752117,0.04207711898238323,91.68030118942261,43.22450865602111,28.323351766031745,0.11701127079264977,0.375,0.5,3.1869,21.781377983602802,12.220569396667164,Wh,12.220569396667164,Wh
241,57e4153bd29c0ec34eafba01c0560767,FBProphet,"{""holiday"": false, ""regression_type"": null, ""growth"": ""linear"", ""seasonality_mode"": ""additive"", ""changepoint_prior_scale"": 1, ""n_changepoints"": 25, ""changepoint_range"": 0.85, ""changepoint_spacing"": null, ""changepoint_distance_end"": null, ""seasonality_prior_scale"": 10.0, ""yearly_seasonality_prior_scale"": null, ""yearly_seasonality_order"": null, ""weekly_seasonality_prior_scale"": 0.0001, ""holidays_prior_scale"": 0.1, ""trend_phi"": 0.8}","{""fillna"": ""ffill"", ""transformations"": {""0"": ""AlignLastValue"", ""1"": ""bkfilter"", ""2"": ""HPFilter"", ""3"": ""RobustScaler""}, ""transformation_params"": {""0"": {""rows"": 1, ""lag"": 7, ""method"": ""additive"", ""strength"": 1.0, ""first_value_only"": true, ""threshold"": 3, ""threshold_method"": ""max"", ""mean_type"": ""arithmetic""}, ""1"": {}, ""2"": {""part"": ""trend"", ""lamb"": 6.25}, ""3"": {}}}",0,1,9.140062630194477,0.5941650968987814,0.7600820780106208,0.4748079350494686,0.5941650968987814,0.0,-29.771523641558023,0.49815807140268703,41.52828798629575,0.522208617954831,0.7373623651741792,0.35833333333333334,0.525,2.1151937816859814,0.9833333333333333,1.2416296997154073,0.4393310276303672,2.2979831658928567,0.8647697896470723,0.005171798517758733,11.756764344737734,8.940285413102428,29.583988075509847,0.015005120168019165,9.140062630194477,0.5941650968987814,0.7600820780106208,0.4748079350494686,0.5941650968987814,0.0,0.49815807140268703,0.522208617954831,0.7373623651741792,2.1151937816859814,0.9833333333333333,1.2416296997154073,0.4393310276303672,2.2979831658928567,0.8647697896470723,0.005171798517758733,11.756764344737734,8.940285413102428,29.583988075509847,0.015005120168019165,0.35833333333333334,0.525,1.0578,21.77870363508018,8.439724668312905,Wh,8.439724668312905,Wh
242,0b57b5d3d868885675e796c95259c778,DatepartRegression,"{""regression_model"": {""model"": ""ElasticNet"", ""model_params"": {""l1_ratio"": 0.1, ""fit_intercept"": true, ""selection"": ""cyclic"", ""max_iter"": 1000}}, ""datepart_method"": ""simple_binarized"", ""polynomial_degree"": null, ""holiday_countries_used"": false, ""lags"": null, ""forward_lags"": null, ""regression_type"": null}","{""fillna"": ""SeasonalityMotifImputer1K"", ""transformations"": {""0"": ""ClipOutliers"", ""1"": ""StandardScaler""}, ""transformation_params"": {""0"": {""method"": ""clip"", ""std_threshold"": 5, ""fillna"": null}, ""1"": {}}}",0,1,13.381011234160152,0.8922347898940262,1.0596909508306174,0.4762708606483417,0.8922347898940262,0.0,-5.40889629178994,0.6016194668050154,101.6592784954932,0.8841392521790994,0.37443058321617617,0.9416666666666667,0.5083333333333333,2.7836840631541957,0.9833333333333333,1.3341038561973828,0.7134964936285462,3.9676022530626485,1.2809554438780946,0.003721338668187815,96.25038220370325,33.185753526553675,30.17700067925776,0.12284405035563876,13.381011234160152,0.8922347898940262,1.0596909508306174,0.4762708606483417,0.8922347898940262,0.0,0.6016194668050154,0.8841392521790994,0.37443058321617617,2.7836840631541957,0.9833333333333333,1.3341038561973828,0.7134964936285462,3.9676022530626485,1.2809554438780946,0.003721338668187815,96.25038220370325,33.185753526553675,30.17700067925776,0.12284405035563876,0.9416666666666667,0.5083333333333333,0.2026,21.757022113153116,12.673608741912352,Wh,12.673608741912352,Wh
243,0a63c3898a922a11546517c91471677f,Ensemble,"{""model_name"": ""BestN"", ""model_count"": 5, ""model_metric"": ""best_score_unique"", ""models"": {""5bb9f16e5f9c93ddad63947a240ff284"": {""Model"": ""FBProphet"", ""ModelParameters"": ""{\""holiday\"": false, \""regression_type\"": null, \""growth\"": \""linear\"", \""seasonality_mode\"": \""additive\"", \""changepoint_prior_scale\"": 0.05, \""n_changepoints\"": 25, \""changepoint_range\"": 360, \""changepoint_spacing\"": null, \""changepoint_distance_end\"": null, \""seasonality_prior_scale\"": 10.0, \""yearly_seasonality_prior_scale\"": null, \""yearly_seasonality_order\"": null, \""weekly_seasonality_prior_scale\"": null, \""holidays_prior_scale\"": 10.0, \""trend_phi\"": null}"", ""TransformationParameters"": ""{\""fillna\"": \""rolling_mean\"", \""transformations\"": {\""0\"": \""StandardScaler\"", \""1\"": \""bkfilter\"", \""2\"": \""HPFilter\""}, \""transformation_params\"": {\""0\"": {}, \""1\"": {}, \""2\"": {\""part\"": \""trend\"", \""lamb\"": 6.25}}}""}, ""290072eada53189c757f67ac7b1cfea9"": {""Model"": ""ARIMA"", ""ModelParameters"": ""{\""p\"": 0, \""d\"": 0, \""q\"": 2, \""regression_type\"": \""Holiday\""}"", ""TransformationParameters"": ""{\""fillna\"": \""mean\"", \""transformations\"": {\""0\"": \""AnomalyRemoval\"", \""1\"": \""ChangepointDetrend\"", \""2\"": \""ClipOutliers\""}, \""transformation_params\"": {\""0\"": {\""method\"": \""zscore\"", \""method_params\"": {\""distribution\"": \""chi2\"", \""alpha\"": 0.05}, \""fillna\"": \""ffill\"", \""transform_dict\"": null, \""isolated_only\"": false, \""on_inverse\"": false}, \""1\"": {\""model\"": \""ElasticNet\"", \""changepoint_spacing\"": 90, \""changepoint_distance_end\"": 180, \""datepart_method\"": null}, \""2\"": {\""method\"": \""clip\"", \""std_threshold\"": 2, \""fillna\"": null}}}""}, ""7f1b9001e4365205912d8167e1108b4a"": {""Model"": ""DatepartRegression"", ""ModelParameters"": ""{\""regression_model\"": {\""model\"": \""ElasticNet\"", \""model_params\"": {\""l1_ratio\"": 0.5, \""fit_intercept\"": true, \""selection\"": \""cyclic\"", \""max_iter\"": 1000}}, \""datepart_method\"": \""simple_2\"", \""polynomial_degree\"": null, \""holiday_countries_used\"": false, \""lags\"": null, \""forward_lags\"": null, \""regression_type\"": null}"", ""TransformationParameters"": ""{\""fillna\"": \""ffill_mean_biased\"", \""transformations\"": {\""0\"": \""AlignLastValue\"", \""1\"": \""bkfilter\"", \""2\"": \""CointegrationTransformer\""}, \""transformation_params\"": {\""0\"": {\""rows\"": 7, \""lag\"": 2, \""method\"": \""additive\"", \""strength\"": 1.0, \""first_value_only\"": true, \""threshold\"": null, \""threshold_method\"": \""max\"", \""mean_type\"": \""arithmetic\""}, \""1\"": {}, \""2\"": {\""n_components\"": 5, \""max_components\"": 20, \""shrinkage\"": 0.01, \""method\"": \""cca\"", \""min_periods\"": 30}}}""}, ""391cc75f9a7d750778405fc3cfcecb92"": {""Model"": ""RollingRegression"", ""ModelParameters"": ""{\""regression_model\"": {\""model\"": \""DecisionTree\"", \""model_params\"": {\""max_depth\"": null, \""min_samples_split\"": 0.05}}, \""holiday\"": false, \""mean_rolling_periods\"": null, \""macd_periods\"": null, \""std_rolling_periods\"": null, \""max_rolling_periods\"": 420, \""min_rolling_periods\"": 168, \""ewm_var_alpha\"": null, \""quantile90_rolling_periods\"": null, \""quantile10_rolling_periods\"": null, \""ewm_alpha\"": null, \""additional_lag_periods\"": 6, \""abs_energy\"": false, \""rolling_autocorr_periods\"": null, \""nonzero_last_n\"": null, \""add_date_part\"": \""expanded\"", \""polynomial_degree\"": null, \""x_transform\"": null, \""regression_type\"": null}"", ""TransformationParameters"": ""{\""fillna\"": \""mean\"", \""transformations\"": {\""0\"": \""STLFilter\"", \""1\"": \""RobustScaler\"", \""2\"": \""MaxAbsScaler\"", \""3\"": \""SeasonalDifference\"", \""4\"": \""AlignLastValue\""}, \""transformation_params\"": {\""0\"": {\""decomp_type\"": \""seasonal_decompose\"", \""part\"": \""trend\""}, \""1\"": {}, \""2\"": {}, \""3\"": {\""lag_1\"": 7, \""method\"": \""LastValue\""}, \""4\"": {\""rows\"": 1, \""lag\"": 2, \""method\"": \""additive\"", \""strength\"": 0.7, \""first_value_only\"": false, \""threshold\"": null, \""threshold_method\"": \""mean\"", \""mean_type\"": \""arithmetic\""}}}""}}, ""point_method"": ""midhinge"", ""model_weights"": {}}","{""fillna"": ""zero"", ""transformations"": {""0"": ""AnomalyRemoval"", ""1"": ""EWMAFilter"", ""2"": ""AlignLastValue""}, ""transformation_params"": {""0"": {""method"": ""med_diff"", ""method_params"": {""distribution"": ""norm"", ""alpha"": 0.05}, ""fillna"": ""rolling_mean_24"", ""transform_dict"": {""fillna"": null, ""transformations"": {""0"": ""EWMAFilter""}, ""transformation_params"": {""0"": {""span"": 7}}}, ""isolated_only"": false, ""on_inverse"": false}, ""1"": {""span"": 7}, ""2"": {""rows"": 1, ""lag"": 1, ""method"": ""multiplicative"", ""strength"": 1.0, ""first_value_only"": false, ""threshold"": 1, ""threshold_method"": ""max""}}}",1,1,13.79618617747447,0.926489811532353,1.0980534754568734,0.4790145096971168,0.926489811532353,0.0,-2.469376269915162,0.6133570808421079,108.7094011139672,0.923022473586779,0.32475449183614036,0.7166666666666667,0.4583333333333333,2.768258566511679,0.9833333333333333,1.344635923300699,0.7459535981788056,3.844547276305412,1.2121257420796692,0.04358477390353309,106.24002484405202,42.141369831130255,28.796726138033403,0.13559379882883105,13.79618617747447,0.926489811532353,1.0980534754568734,0.4790145096971168,0.926489811532353,0.0,0.6133570808421079,0.923022473586779,0.32475449183614036,2.768258566511679,0.9833333333333333,1.344635923300699,0.7459535981788056,3.844547276305412,1.2121257420796692,0.04358477390353309,106.24002484405202,42.141369831130255,28.796726138033403,0.13559379882883105,0.7166666666666667,0.4583333333333333,3.3427,21.626789599985013,13.160178809126903,Wh,13.160178809126903,Wh
244,d366345645fa6867ebe8a92d455b3324,FBProphet,"{""holiday"": false, ""regression_type"": null, ""growth"": ""linear"", ""seasonality_mode"": ""multiplicative"", ""changepoint_prior_scale"": 0.05, ""n_changepoints"": 25, ""changepoint_range"": 0.8, ""changepoint_spacing"": null, ""changepoint_distance_end"": null, ""seasonality_prior_scale"": 10.0, ""yearly_seasonality_prior_scale"": null, ""yearly_seasonality_order"": null, ""weekly_seasonality_prior_scale"": null, ""holidays_prior_scale"": 0.1, ""trend_phi"": null}","{""fillna"": ""rolling_mean"", ""transformations"": {""0"": ""bkfilter"", ""1"": ""bkfilter"", ""2"": ""HPFilter""}, ""transformation_params"": {""0"": {}, ""1"": {}, ""2"": {""part"": ""trend"", ""lamb"": 6.25}}}",0,1,14.158870573017447,0.8636943319908411,0.9917889851516246,0.4807609148441055,0.8636943319908411,0.0,-92.31592404107045,0.8378304713003897,11.327395797830492,0.6145822538905263,0.35338100295777713,0.4083333333333333,0.48333333333333334,2.058456313713126,0.9833333333333333,1.3344165233725227,0.7130732535529598,3.8567753047855065,2.295409459325231,0.041326991802700525,80.98852824323995,24.79227364132266,27.363275651304292,0.10336539568939866,14.158870573017447,0.8636943319908411,0.9917889851516246,0.4807609148441055,0.8636943319908411,0.0,0.8378304713003897,0.6145822538905263,0.35338100295777713,2.058456313713126,0.9833333333333333,1.3344165233725227,0.7130732535529598,3.8567753047855065,2.295409459325231,0.041326991802700525,80.98852824323995,24.79227364132266,27.363275651304292,0.10336539568939866,0.4083333333333333,0.48333333333333334,1.0457,21.622261644614376,12.268210296484162,Wh,12.268210296484162,Wh
245,a944cf8405c300df71a7c46635630b86,FBProphet,"{""holiday"": false, ""regression_type"": null, ""growth"": ""linear"", ""seasonality_mode"": ""multiplicative"", ""changepoint_prior_scale"": 0.05, ""n_changepoints"": 25, ""changepoint_range"": 0.8, ""changepoint_spacing"": null, ""changepoint_distance_end"": null, ""seasonality_prior_scale"": 10.0, ""yearly_seasonality_prior_scale"": null, ""yearly_seasonality_order"": null, ""weekly_seasonality_prior_scale"": null, ""holidays_prior_scale"": 40, ""trend_phi"": null}","{""fillna"": ""rolling_mean"", ""transformations"": {""0"": ""MaxAbsScaler"", ""1"": ""bkfilter"", ""2"": ""HPFilter""}, ""transformation_params"": {""0"": {}, ""1"": {}, ""2"": {""part"": ""trend"", ""lamb"": 6.25}}}",0,1,14.130909025280593,0.8623543547176948,0.9900659911718397,0.48093025559269026,0.8623543547176948,0.0,-92.13998094815005,0.8364777365349851,11.342541617973328,0.6139716775795866,0.35223935086430613,0.43333333333333335,0.48333333333333334,2.0570520238189234,0.9833333333333333,1.3339689669373997,0.7122322719079914,3.845973338963448,2.282097343618584,0.04493314424495145,80.79743933017673,24.77960494517696,27.21012748786927,0.10312150952997476,14.130909025280593,0.8623543547176948,0.9900659911718397,0.48093025559269026,0.8623543547176948,0.0,0.8364777365349851,0.6139716775795866,0.35223935086430613,2.0570520238189234,0.9833333333333333,1.3339689669373997,0.7122322719079914,3.845973338963448,2.282097343618584,0.04493314424495145,80.79743933017673,24.77960494517696,27.21012748786927,0.10312150952997476,0.43333333333333335,0.48333333333333334,0.9645,21.575846502790977,12.249176800060054,Wh,12.249176800060054,Wh
246,77aa1ea14a4b8454e15dadbf1287d1f2,ARIMA,"{""p"": 4, ""d"": 0, ""q"": 1, ""regression_type"": ""Holiday""}","{""fillna"": ""cubic"", ""transformations"": {""0"": ""bkfilter"", ""1"": ""AlignLastValue"", ""2"": ""AnomalyRemoval""}, ""transformation_params"": {""0"": {}, ""1"": {""rows"": 1, ""lag"": 7, ""method"": ""additive"", ""strength"": 1.0, ""first_value_only"": false, ""threshold"": 10, ""threshold_method"": ""mean"", ""mean_type"": ""arithmetic""}, ""2"": {""method"": ""rolling_zscore"", ""method_params"": {""distribution"": ""uniform"", ""alpha"": 0.05, ""rolling_periods"": 200, ""center"": true}, ""fillna"": ""rolling_mean_24"", ""transform_dict"": {""fillna"": ""ffill"", ""transformations"": {""0"": ""cffilter"", ""1"": ""ConvolutionFilter""}, ""transformation_params"": {""0"": {}, ""1"": {""weight"": [1.0, 0.5, 0.3333333333333333]}}}, ""isolated_only"": false, ""on_inverse"": false}}}",0,1,13.825940371148397,0.9241414203295962,1.0801374264682557,0.49273802981316006,0.9241414203295962,0.0,-10.037902412274097,0.6320886817070923,100.85906802727746,0.906603018479467,0.3239040093628767,0.9083333333333333,0.5166666666666667,2.8041887368975553,0.9833333333333333,1.3450068001577793,0.749518121599415,4.281483109468446,1.591537684126731,0.06808960764710152,90.82116561500337,26.532529502136075,28.749567288634374,0.11591475884797078,13.825940371148397,0.9241414203295962,1.0801374264682557,0.49273802981316006,0.9241414203295962,0.0,0.6320886817070923,0.906603018479467,0.3239040093628767,2.8041887368975553,0.9833333333333333,1.3450068001577793,0.749518121599415,4.281483109468446,1.591537684126731,0.06808960764710152,90.82116561500337,26.532529502136075,28.749567288634374,0.11591475884797078,0.9083333333333333,0.5166666666666667,0.3768,21.51417454839988,13.126821455643494,Wh,13.126821455643494,Wh
247,0acbc9c3f796a31e70c2c5d8d2a7691d,ARIMA,"{""p"": 4, ""d"": 1, ""q"": 2, ""regression_type"": null}","{""fillna"": ""ffill"", ""transformations"": {""0"": ""bkfilter"", ""1"": ""AlignLastValue"", ""2"": ""AnomalyRemoval""}, ""transformation_params"": {""0"": {}, ""1"": {""rows"": 1, ""lag"": 7, ""method"": ""additive"", ""strength"": 1.0, ""first_value_only"": false, ""threshold"": 10, ""threshold_method"": ""mean"", ""mean_type"": ""arithmetic""}, ""2"": {""method"": ""rolling_zscore"", ""method_params"": {""distribution"": ""uniform"", ""alpha"": 0.05, ""rolling_periods"": 200, ""center"": true}, ""fillna"": ""rolling_mean_24"", ""transform_dict"": {""fillna"": ""ffill"", ""transformations"": {""0"": ""cffilter"", ""1"": ""ConvolutionFilter""}, ""transformation_params"": {""0"": {}, ""1"": {""weight"": [1.0, 0.5, 0.3333333333333333]}}}, ""isolated_only"": false, ""on_inverse"": false}}}",0,1,13.598717397736202,0.9074913318057658,1.0672506114026126,0.476395412968688,0.9074913318057658,0.0,-10.058992030209026,0.6224592004001034,98.83996778648287,0.8899358202188403,0.32742965076552455,0.9166666666666666,0.5333333333333333,2.7724480489728878,0.9833333333333333,1.3398655302455358,0.7301213564299437,4.2159531971655575,1.5556835039090833,0.014531231076086656,88.78097575627386,25.392866817133637,29.59478694355694,0.11331087115420133,13.598717397736202,0.9074913318057658,1.0672506114026126,0.476395412968688,0.9074913318057658,0.0,0.6224592004001034,0.8899358202188403,0.32742965076552455,2.7724480489728878,0.9833333333333333,1.3398655302455358,0.7301213564299437,4.2159531971655575,1.5556835039090833,0.014531231076086656,88.78097575627386,25.392866817133637,29.59478694355694,0.11331087115420133,0.9166666666666666,0.5333333333333333,0.1809,21.293509082829004,12.890317891941057,Wh,12.890317891941057,Wh
248,4f33e5d34cb8b514ad5de60c2f0d2461,ARIMA,"{""p"": 4, ""d"": 0, ""q"": 12, ""regression_type"": ""Holiday""}","{""fillna"": ""zero"", ""transformations"": {""0"": ""bkfilter"", ""1"": ""Log"", ""2"": ""AlignLastValue"", ""3"": ""AlignLastValue"", ""4"": ""AlignLastValue""}, ""transformation_params"": {""0"": {}, ""1"": {}, ""2"": {""rows"": 84, ""lag"": 1, ""method"": ""additive"", ""strength"": 1.0, ""first_value_only"": false, ""threshold"": 1, ""threshold_method"": ""mean"", ""mean_type"": ""arithmetic""}, ""3"": {""rows"": 4, ""lag"": 1, ""method"": ""additive"", ""strength"": 1.0, ""first_value_only"": false, ""threshold"": 1, ""threshold_method"": ""max"", ""mean_type"": ""arithmetic""}, ""4"": {""rows"": 1, ""lag"": 1, ""method"": ""additive"", ""strength"": 1.0, ""first_value_only"": false, ""threshold"": 1, ""threshold_method"": ""mean"", ""mean_type"": ""arithmetic""}}}",0,1,8.275922675767783,0.5371846209049362,0.7092928595301944,0.5152981815257273,0.5371846209049362,0.0,-33.79841987139471,0.47004137226171916,30.66373463719765,0.45663930108235096,0.7698950530066375,0.9916666666666667,0.5166666666666667,1.8599094725755556,0.9833333333333333,1.2199106162838431,0.37882424309658,1.9143994667016755,0.49330190627196885,0.4155589323422325,3.1346852341970575,10.354317798345598,16.743371183162516,0.004000788588494194,8.275922675767783,0.5371846209049362,0.7092928595301944,0.5152981815257273,0.5371846209049362,0.0,0.47004137226171916,0.45663930108235096,0.7698950530066375,1.8599094725755556,0.9833333333333333,1.2199106162838431,0.37882424309658,1.9143994667016755,0.49330190627196885,0.4155589323422325,3.1346852341970575,10.354317798345598,16.743371183162516,0.004000788588494194,0.9916666666666667,0.5166666666666667,4.8441,21.26615383552755,7.630354458976309,Wh,7.630354458976309,Wh
249,706c0c4219a164aed43277ec238fb19f,FBProphet,"{""holiday"": false, ""regression_type"": null, ""growth"": ""linear"", ""seasonality_mode"": ""multiplicative"", ""changepoint_prior_scale"": 0.05, ""n_changepoints"": 25, ""changepoint_range"": 30, ""changepoint_spacing"": null, ""changepoint_distance_end"": null, ""seasonality_prior_scale"": 15, ""yearly_seasonality_prior_scale"": null, ""yearly_seasonality_order"": null, ""weekly_seasonality_prior_scale"": null, ""holidays_prior_scale"": 0.1, ""trend_phi"": null}","{""fillna"": ""cubic"", ""transformations"": {""0"": ""AlignLastValue"", ""1"": ""bkfilter"", ""2"": ""Constraint"", ""3"": ""AlignLastValue""}, ""transformation_params"": {""0"": {""rows"": 1, ""lag"": 1, ""method"": ""additive"", ""strength"": 1.0, ""first_value_only"": false, ""threshold"": 10, ""threshold_method"": ""mean"", ""mean_type"": ""arithmetic""}, ""1"": {}, ""2"": {""constraint_method"": ""last_window"", ""constraint_direction"": ""upper"", ""constraint_regularization"": 1.0, ""constraint_value"": {""window"": 10, ""threshold"": 0.2}, ""bounds_only"": false, ""fillna"": null}, ""3"": {""rows"": 1, ""lag"": 1, ""method"": ""additive"", ""strength"": 1.0, ""first_value_only"": false, ""threshold"": 10, ""threshold_method"": ""mean"", ""mean_type"": ""arithmetic""}}}",0,1,14.008134701297097,0.9467909573222892,1.1311887404257022,0.49060706420392375,0.9467909573222892,0.0,-2.1546207806358444,0.619938042157309,111.46029409803886,0.9437958416624102,0.2661115988289856,0.8,0.525,2.9205588150511153,0.8916666666666667,1.4041518487261944,0.7595560837427697,3.818679453247247,1.1485775175653339,0.27079868514453653,109.305673317403,44.908944455017966,20.966616799923006,0.13950647602356667,14.008134701297097,0.9467909573222892,1.1311887404257022,0.49060706420392375,0.9467909573222892,0.0,0.619938042157309,0.9437958416624102,0.2661115988289856,2.9205588150511153,0.8916666666666667,1.4041518487261944,0.7595560837427697,3.818679453247247,1.1485775175653339,0.27079868514453653,109.305673317403,44.908944455017966,20.966616799923006,0.13950647602356667,0.8,0.525,0.7435,21.132454879273766,13.448543241525613,Wh,13.448543241525613,Wh
250,91d2aa5083c51949d6c78fc6b3ac482e,ARIMA,"{""p"": 4, ""d"": 0, ""q"": 2, ""regression_type"": null}","{""fillna"": ""cubic"", ""transformations"": {""0"": ""CointegrationTransformer"", ""1"": ""AlignLastValue"", ""2"": ""MinMaxScaler""}, ""transformation_params"": {""0"": {""n_components"": 5, ""max_components"": 10, ""shrinkage"": 1e-06, ""method"": ""cca"", ""min_periods"": 30}, ""1"": {""rows"": 1, ""lag"": 7, ""method"": ""additive"", ""strength"": 1.0, ""first_value_only"": false, ""threshold"": 10, ""threshold_method"": ""mean"", ""mean_type"": ""arithmetic""}, ""2"": {}}}",0,1,12.50355848591535,0.8297584205026467,0.9883737648123269,0.5513808317035491,0.8297584205026467,0.0,-13.6438785845165,0.5915246239293644,85.92713187580111,0.8018011867161489,0.38648791464625604,0.975,0.5333333333333333,2.647305167716058,0.9833333333333333,1.3142630306230376,0.6642032018827007,3.7651344994679383,1.2705088976724086,0.6204120214867634,72.28325329128461,18.46877215512474,8.031867620245693,0.09225488152754904,12.50355848591535,0.8297584205026467,0.9883737648123269,0.5513808317035491,0.8297584205026467,0.0,0.5915246239293644,0.8018011867161489,0.38648791464625604,2.647305167716058,0.9833333333333333,1.3142630306230376,0.6642032018827007,3.7651344994679383,1.2705088976724086,0.6204120214867634,72.28325329128461,18.46877215512474,8.031867620245693,0.09225488152754904,0.975,0.5333333333333333,0.6856,20.801580711421117,11.786172979207361,Wh,11.786172979207361,Wh
251,db07c383673dcebdfa5932317a9be224,ARIMA,"{""p"": 4, ""d"": 2, ""q"": 12, ""regression_type"": null}","{""fillna"": ""cubic"", ""transformations"": {""0"": ""bkfilter"", ""1"": ""ScipyFilter"", ""2"": ""AnomalyRemoval""}, ""transformation_params"": {""0"": {}, ""1"": {""method"": ""savgol_filter"", ""method_args"": {""window_length"": 31, ""polyorder"": 2, ""deriv"": 0, ""mode"": ""mirror""}}, ""2"": {""method"": ""rolling_zscore"", ""method_params"": {""distribution"": ""uniform"", ""alpha"": 0.05, ""rolling_periods"": 200, ""center"": true}, ""fillna"": ""rolling_mean_24"", ""transform_dict"": {""fillna"": ""ffill"", ""transformations"": {""0"": ""cffilter"", ""1"": ""ConvolutionFilter""}, ""transformation_params"": {""0"": {}, ""1"": {""weight"": [1.0, 0.5, 0.3333333333333333]}}}, ""isolated_only"": false, ""on_inverse"": false}}}",0,1,12.671217459436148,0.8420818272328302,1.010611353139561,0.4784819302590134,0.8420818272328302,0.0,-4.734512435473962,0.5738526815057097,96.31530683246567,0.8352104124776693,0.36364622160041454,0.4083333333333333,0.44166666666666665,2.703036942619109,0.9833333333333333,1.3177661436307162,0.6668048339194,3.5816782676380257,1.0144566279613865,0.03725011566523494,91.5807943969917,33.88910402001695,29.03004545714199,0.11688427059649222,12.671217459436148,0.8420818272328302,1.010611353139561,0.4784819302590134,0.8420818272328302,0.0,0.5738526815057097,0.8352104124776693,0.36364622160041454,2.703036942619109,0.9833333333333333,1.3177661436307162,0.6668048339194,3.5816782676380257,1.0144566279613865,0.03725011566523494,91.5807943969917,33.88910402001695,29.03004545714199,0.11688427059649222,0.4083333333333333,0.44166666666666665,5.2034,20.75900053585767,11.961218871874634,Wh,11.961218871874634,Wh
252,88c787a3abeddb2f9893c339071f1a0e,RollingRegression,"{""regression_model"": {""model"": ""ExtraTrees"", ""model_params"": {""n_estimators"": 100, ""min_samples_leaf"": 1, ""max_depth"": 10}}, ""holiday"": true, ""mean_rolling_periods"": 30, ""macd_periods"": null, ""std_rolling_periods"": null, ""max_rolling_periods"": 420, ""min_rolling_periods"": 7, ""ewm_var_alpha"": null, ""quantile90_rolling_periods"": null, ""quantile10_rolling_periods"": null, ""ewm_alpha"": null, ""additional_lag_periods"": 6, ""abs_energy"": true, ""rolling_autocorr_periods"": null, ""nonzero_last_n"": null, ""add_date_part"": null, ""polynomial_degree"": null, ""x_transform"": null, ""regression_type"": null}","{""fillna"": ""quadratic"", ""transformations"": {""0"": ""RobustScaler""}, ""transformation_params"": {""0"": {}}}",0,1,12.34420854118933,0.8176110935316745,0.9770629228461049,0.5025088532147659,0.8176110935316745,0.0,-14.428112683093937,0.5890292402755264,83.68521854070701,0.7863527815454503,0.3830805845329725,0.975,0.575,2.5788381843133905,0.95,1.331938075323577,0.6436569974468561,3.720437068572416,1.5758739218379276,0.14430617221045117,69.25710585761307,17.020348099572505,25.587173009938592,0.08839261938152683,12.34420854118933,0.8176110935316745,0.9770629228461049,0.5025088532147659,0.8176110935316745,0.0,0.5890292402755264,0.7863527815454503,0.3830805845329725,2.5788381843133905,0.95,1.331938075323577,0.6436569974468561,3.720437068572416,1.5758739218379276,0.14430617221045117,69.25710585761307,17.020348099572505,25.587173009938592,0.08839261938152683,0.975,0.575,8.3453,20.546855571601878,11.613628183785895,Wh,11.613628183785895,Wh
253,e75197b89bbb4409257387b45d362843,ARIMA,"{""p"": 4, ""d"": 0, ""q"": 2, ""regression_type"": ""Holiday""}","{""fillna"": ""cubic"", ""transformations"": {""0"": ""bkfilter"", ""1"": ""AlignLastValue""}, ""transformation_params"": {""0"": {}, ""1"": {""rows"": 1, ""lag"": 7, ""method"": ""additive"", ""strength"": 1.0, ""first_value_only"": false, ""threshold"": 10, ""threshold_method"": ""mean"", ""mean_type"": ""arithmetic""}}}",0,1,12.790785363607474,0.8491131962318168,0.9971245064134181,0.5188347399190827,0.8491131962318168,0.0,-13.158665097138154,0.6036492106018815,88.73491845067986,0.8231007501454892,0.31946737397512176,0.9333333333333333,0.5333333333333333,2.5937034291166388,0.9833333333333333,1.320818858609298,0.6853426566385771,3.863449941350669,1.3404186109839666,0.44194197194171186,75.5762533535417,20.050664001227943,16.162716920746153,0.0964577268171698,12.790785363607474,0.8491131962318168,0.9971245064134181,0.5188347399190827,0.8491131962318168,0.0,0.6036492106018815,0.8231007501454892,0.31946737397512176,2.5937034291166388,0.9833333333333333,1.320818858609298,0.6853426566385771,3.863449941350669,1.3404186109839666,0.44194197194171186,75.5762533535417,20.050664001227943,16.162716920746153,0.0964577268171698,0.9333333333333333,0.5333333333333333,0.7582,20.14989976291208,12.06109484692348,Wh,12.06109484692348,Wh
254,6174715c7f934a47ce60a9e16f0aeef0,Ensemble,"{""model_name"": ""BestN"", ""model_count"": 3, ""model_metric"": ""mixed_metric"", ""models"": {""ca2e0fcc7b23d74ee347d493f6ff4379"": {""Model"": ""ARIMA"", ""ModelParameters"": ""{\""p\"": 0, \""d\"": 2, \""q\"": 2, \""regression_type\"": null}"", ""TransformationParameters"": ""{\""fillna\"": \""cubic\"", \""transformations\"": {\""0\"": \""AlignLastValue\"", \""1\"": \""AlignLastValue\""}, \""transformation_params\"": {\""0\"": {\""rows\"": 84, \""lag\"": 1, \""method\"": \""additive\"", \""strength\"": 0.5, \""first_value_only\"": false, \""threshold\"": 10, \""threshold_method\"": \""max\"", \""mean_type\"": \""arithmetic\""}, \""1\"": {\""rows\"": 1, \""lag\"": 7, \""method\"": \""additive\"", \""strength\"": 1.0, \""first_value_only\"": false, \""threshold\"": 10, \""threshold_method\"": \""mean\"", \""mean_type\"": \""arithmetic\""}}}""}, ""216178f098ef6698659d5bd14449f8af"": {""Model"": ""ARIMA"", ""ModelParameters"": ""{\""p\"": 4, \""d\"": 2, \""q\"": 4, \""regression_type\"": null}"", ""TransformationParameters"": ""{\""fillna\"": \""cubic\"", \""transformations\"": {\""0\"": \""bkfilter\"", \""1\"": \""AlignLastValue\""}, \""transformation_params\"": {\""0\"": {}, \""1\"": {\""rows\"": 1, \""lag\"": 7, \""method\"": \""additive\"", \""strength\"": 1.0, \""first_value_only\"": false, \""threshold\"": 10, \""threshold_method\"": \""mean\"", \""mean_type\"": \""arithmetic\""}}}""}, ""5c9aafe0ed22a0009a0c5786b4223a8f"": {""Model"": ""FBProphet"", ""ModelParameters"": ""{\""holiday\"": false, \""regression_type\"": null, \""growth\"": \""linear\"", \""seasonality_mode\"": \""additive\"", \""changepoint_prior_scale\"": 0.05, \""n_changepoints\"": 25, \""changepoint_range\"": 0.8, \""changepoint_spacing\"": null, \""changepoint_distance_end\"": null, \""seasonality_prior_scale\"": 10.0, \""yearly_seasonality_prior_scale\"": null, \""yearly_seasonality_order\"": null, \""weekly_seasonality_prior_scale\"": 0.0001, \""holidays_prior_scale\"": 10.0, \""trend_phi\"": null}"", ""TransformationParameters"": ""{\""fillna\"": \""mean\"", \""transformations\"": {\""0\"": \""StandardScaler\"", \""1\"": \""bkfilter\"", \""2\"": \""HPFilter\""}, \""transformation_params\"": {\""0\"": {}, \""1\"": {}, \""2\"": {\""part\"": \""trend\"", \""lamb\"": 6.25}}}""}}, ""model_weights"": {}, ""point_method"": ""mean""}","{""fillna"": ""fake_date"", ""transformations"": {""0"": ""AlignLastValue"", ""1"": ""AlignLastValue""}, ""transformation_params"": {""0"": {""rows"": 4, ""lag"": 28, ""method"": ""additive"", ""strength"": 0.2, ""first_value_only"": false, ""threshold"": 1, ""threshold_method"": ""max""}, ""1"": {""rows"": 1, ""lag"": 1, ""method"": ""additive"", ""strength"": 1.0, ""first_value_only"": false, ""threshold"": 1, ""threshold_method"": ""mean""}}}",1,1,9.639489338878407,0.6314222886147933,0.8192958389604346,0.4758331503364136,0.6314222886147933,0.0,-6.370108960963636,0.4523713556093343,69.40056567281157,0.6226304943370936,0.5598135276797147,0.9833333333333333,0.4583333333333333,2.4830632458012944,0.9833333333333333,1.247489411527675,0.4624638658465355,2.346798948986076,0.5888493422714509,0.029346884214719045,63.03045671184794,27.40970044725866,28.948067328831883,0.08044556728992654,9.639489338878407,0.6314222886147933,0.8192958389604346,0.4758331503364136,0.6314222886147933,0.0,0.4523713556093343,0.6226304943370936,0.5598135276797147,2.4830632458012944,0.9833333333333333,1.247489411527675,0.4624638658465355,2.346798948986076,0.5888493422714509,0.029346884214719045,63.03045671184794,27.40970044725866,28.948067328831883,0.08044556728992654,0.9833333333333333,0.4583333333333333,1.4027,19.990246405962203,8.968938588213112,Wh,8.968938588213112,Wh
255,9528003a65a531df671ea53f0a3606c3,Ensemble,"{""model_name"": ""BestN"", ""model_count"": 5, ""model_metric"": ""bestn_horizontal"", ""models"": {""5bb9f16e5f9c93ddad63947a240ff284"": {""Model"": ""FBProphet"", ""ModelParameters"": ""{\""holiday\"": false, \""regression_type\"": null, \""growth\"": \""linear\"", \""seasonality_mode\"": \""additive\"", \""changepoint_prior_scale\"": 0.05, \""n_changepoints\"": 25, \""changepoint_range\"": 360, \""changepoint_spacing\"": null, \""changepoint_distance_end\"": null, \""seasonality_prior_scale\"": 10.0, \""yearly_seasonality_prior_scale\"": null, \""yearly_seasonality_order\"": null, \""weekly_seasonality_prior_scale\"": null, \""holidays_prior_scale\"": 10.0, \""trend_phi\"": null}"", ""TransformationParameters"": ""{\""fillna\"": \""rolling_mean\"", \""transformations\"": {\""0\"": \""StandardScaler\"", \""1\"": \""bkfilter\"", \""2\"": \""HPFilter\""}, \""transformation_params\"": {\""0\"": {}, \""1\"": {}, \""2\"": {\""part\"": \""trend\"", \""lamb\"": 6.25}}}""}, ""5c9aafe0ed22a0009a0c5786b4223a8f"": {""Model"": ""FBProphet"", ""ModelParameters"": ""{\""holiday\"": false, \""regression_type\"": null, \""growth\"": \""linear\"", \""seasonality_mode\"": \""additive\"", \""changepoint_prior_scale\"": 0.05, \""n_changepoints\"": 25, \""changepoint_range\"": 0.8, \""changepoint_spacing\"": null, \""changepoint_distance_end\"": null, \""seasonality_prior_scale\"": 10.0, \""yearly_seasonality_prior_scale\"": null, \""yearly_seasonality_order\"": null, \""weekly_seasonality_prior_scale\"": 0.0001, \""holidays_prior_scale\"": 10.0, \""trend_phi\"": null}"", ""TransformationParameters"": ""{\""fillna\"": \""mean\"", \""transformations\"": {\""0\"": \""StandardScaler\"", \""1\"": \""bkfilter\"", \""2\"": \""HPFilter\""}, \""transformation_params\"": {\""0\"": {}, \""1\"": {}, \""2\"": {\""part\"": \""trend\"", \""lamb\"": 6.25}}}""}, ""2f39eb773641165ab62d1d03bee46b54"": {""Model"": ""FBProphet"", ""ModelParameters"": ""{\""holiday\"": false, \""regression_type\"": null, \""growth\"": \""linear\"", \""seasonality_mode\"": \""additive\"", \""changepoint_prior_scale\"": 0.05, \""n_changepoints\"": 25, \""changepoint_range\"": 360, \""changepoint_spacing\"": null, \""changepoint_distance_end\"": null, \""seasonality_prior_scale\"": 10.0, \""yearly_seasonality_prior_scale\"": null, \""yearly_seasonality_order\"": null, \""weekly_seasonality_prior_scale\"": null, \""holidays_prior_scale\"": 20, \""trend_phi\"": null}"", ""TransformationParameters"": ""{\""fillna\"": \""rolling_mean\"", \""transformations\"": {\""0\"": \""StandardScaler\"", \""1\"": \""bkfilter\"", \""2\"": \""HPFilter\""}, \""transformation_params\"": {\""0\"": {}, \""1\"": {}, \""2\"": {\""part\"": \""trend\"", \""lamb\"": 6.25}}}""}, ""03692eafcc5a0b55c93fa7a44934e875"": {""Model"": ""FBProphet"", ""ModelParameters"": ""{\""holiday\"": false, \""regression_type\"": null, \""growth\"": \""linear\"", \""seasonality_mode\"": \""multiplicative\"", \""changepoint_prior_scale\"": 0.05, \""n_changepoints\"": 25, \""changepoint_range\"": 0.8, \""changepoint_spacing\"": null, \""changepoint_distance_end\"": null, \""seasonality_prior_scale\"": 10.0, \""yearly_seasonality_prior_scale\"": null, \""yearly_seasonality_order\"": null, \""weekly_seasonality_prior_scale\"": 0.0001, \""holidays_prior_scale\"": 0.1, \""trend_phi\"": null}"", ""TransformationParameters"": ""{\""fillna\"": \""rolling_mean\"", \""transformations\"": {\""0\"": \""StandardScaler\"", \""1\"": \""bkfilter\"", \""2\"": \""HPFilter\""}, \""transformation_params\"": {\""0\"": {}, \""1\"": {}, \""2\"": {\""part\"": \""trend\"", \""lamb\"": 6.25}}}""}, ""0c0137540bc924eddab1cf1337a173c4"": {""Model"": ""FBProphet"", ""ModelParameters"": ""{\""holiday\"": false, \""regression_type\"": null, \""growth\"": \""linear\"", \""seasonality_mode\"": \""additive\"", \""changepoint_prior_scale\"": 0.05, \""n_changepoints\"": 25, \""changepoint_range\"": 0.85, \""changepoint_spacing\"": null, \""changepoint_distance_end\"": null, \""seasonality_prior_scale\"": 10.0, \""yearly_seasonality_prior_scale\"": null, \""yearly_seasonality_order\"": null, \""weekly_seasonality_prior_scale\"": 0.0001, \""holidays_prior_scale\"": 0.1, \""trend_phi\"": null}"", ""TransformationParameters"": ""{\""fillna\"": \""rolling_mean\"", \""transformations\"": {\""0\"": \""StandardScaler\"", \""1\"": \""bkfilter\"", \""2\"": \""HPFilter\""}, \""transformation_params\"": {\""0\"": {}, \""1\"": {}, \""2\"": {\""part\"": \""trend\"", \""lamb\"": 6.25}}}""}}, ""point_method"": ""median"", ""model_weights"": {}}","{""fillna"": ""fake_date"", ""transformations"": {""0"": ""AlignLastValue"", ""1"": ""AlignLastValue""}, ""transformation_params"": {""0"": {""rows"": 4, ""lag"": 28, ""method"": ""additive"", ""strength"": 0.2, ""first_value_only"": false, ""threshold"": 1, ""threshold_method"": ""max""}, ""1"": {""rows"": 1, ""lag"": 1, ""method"": ""additive"", ""strength"": 1.0, ""first_value_only"": false, ""threshold"": 1, ""threshold_method"": ""mean""}}}",1,1,12.039561778957879,0.7998827064544273,0.9820626970409426,0.4746103984617169,0.7998827064544273,0.0,-3.061575087214541,0.5447284330363718,92.92434968731673,0.795497903756027,0.3557886545883998,0.4583333333333333,0.5,2.6427734732817916,0.9833333333333333,1.3036945038712506,0.6210650589758681,3.1792272017147267,0.8606297331473594,0.018851647834005374,89.86277460010217,36.85662536642403,29.81369175401741,0.11469156750681075,12.039561778957879,0.7998827064544273,0.9820626970409426,0.4746103984617169,0.7998827064544273,0.0,0.5447284330363718,0.795497903756027,0.3557886545883998,2.6427734732817916,0.9833333333333333,1.3036945038712506,0.6210650589758681,3.1792272017147267,0.8606297331473594,0.018851647834005374,89.86277460010217,36.85662536642403,29.81369175401741,0.11469156750681075,0.4583333333333333,0.5,3.1548,19.958946423748802,11.361808097876787,Wh,11.361808097876787,Wh
256,6040c95f113e7f12cbf227e644efa4e9,FBProphet,"{""holiday"": false, ""regression_type"": null, ""growth"": ""linear"", ""seasonality_mode"": ""multiplicative"", ""changepoint_prior_scale"": 0.001, ""n_changepoints"": 25, ""changepoint_range"": 0.8, ""changepoint_spacing"": null, ""changepoint_distance_end"": null, ""seasonality_prior_scale"": 0.1, ""yearly_seasonality_prior_scale"": null, ""yearly_seasonality_order"": 30, ""weekly_seasonality_prior_scale"": null, ""holidays_prior_scale"": 10.0, ""trend_phi"": 0.999}","{""fillna"": ""quadratic"", ""transformations"": {""0"": ""bkfilter"", ""1"": ""SeasonalDifference"", ""2"": ""AnomalyRemoval""}, ""transformation_params"": {""0"": {}, ""1"": {""lag_1"": 7, ""method"": ""Median""}, ""2"": {""method"": ""rolling_zscore"", ""method_params"": {""distribution"": ""uniform"", ""alpha"": 0.05, ""rolling_periods"": 200, ""center"": true}, ""fillna"": ""rolling_mean_24"", ""transform_dict"": {""fillna"": ""ffill"", ""transformations"": {""0"": ""cffilter"", ""1"": ""ConvolutionFilter""}, ""transformation_params"": {""0"": {}, ""1"": {""weight"": [1.0, 0.5, 0.3333333333333333]}}}, ""isolated_only"": false, ""on_inverse"": false}}}",0,1,9.692731020902961,0.6350979498375312,0.8137295540178527,0.5558926784062077,0.6350979498375312,0.0,-13.51411381345411,0.47212746953901275,62.69764016704964,0.6121075094519874,0.5352583671811695,0.0,0.5083333333333333,2.616689044197619,0.9833333333333333,1.249261530932424,0.4716630451711298,2.4997019052977323,1.116731673990585,0.4412222488217931,49.18352635359553,18.239116505863695,11.520275713636405,0.06277277502401972,9.692731020902961,0.6350979498375312,0.8137295540178527,0.5558926784062077,0.6350979498375312,0.0,0.47212746953901275,0.6121075094519874,0.5352583671811695,2.616689044197619,0.9833333333333333,1.249261530932424,0.4716630451711298,2.4997019052977323,1.116731673990585,0.4412222488217931,49.18352635359553,18.239116505863695,11.520275713636405,0.06277277502401972,0.0,0.5083333333333333,0.8459,19.64884159962115,9.021148939941643,Wh,9.021148939941643,Wh
257,453f54cf1b32d31ca01fb4bdd7ec165b,FBProphet,"{""holiday"": false, ""regression_type"": null, ""growth"": ""linear"", ""seasonality_mode"": ""additive"", ""changepoint_prior_scale"": 0.05, ""n_changepoints"": 25, ""changepoint_range"": 0.8, ""changepoint_spacing"": null, ""changepoint_distance_end"": null, ""seasonality_prior_scale"": 10.0, ""yearly_seasonality_prior_scale"": null, ""yearly_seasonality_order"": 2, ""weekly_seasonality_prior_scale"": null, ""holidays_prior_scale"": 0.1, ""trend_phi"": null}","{""fillna"": ""cubic"", ""transformations"": {""0"": ""bkfilter"", ""1"": ""AlignLastValue"", ""2"": ""SeasonalDifference""}, ""transformation_params"": {""0"": {}, ""1"": {""rows"": 1, ""lag"": 7, ""method"": ""additive"", ""strength"": 1.0, ""first_value_only"": false, ""threshold"": 10, ""threshold_method"": ""mean"", ""mean_type"": ""arithmetic""}, ""2"": {""lag_1"": 12, ""method"": ""Mean""}}}",0,1,13.025846575944744,0.8006219941957216,0.9716486052665833,0.6727065748035718,0.8006219941957216,0.0,-84.33859849229881,0.7777599275135478,11.73604081118776,0.5642288771685575,0.28317634397906816,0.75,0.5833333333333334,2.681969378013367,0.9833333333333333,1.3179231140427967,0.6413048218532954,3.0036364966249636,1.5126101751150935,0.7252422845695974,72.60255768111107,33.14121476242798,4.784282658034962,0.09266240868374882,13.025846575944744,0.8006219941957216,0.9716486052665833,0.6727065748035718,0.8006219941957216,0.0,0.7777599275135478,0.5642288771685575,0.28317634397906816,2.681969378013367,0.9833333333333333,1.3179231140427967,0.6413048218532954,3.0036364966249636,1.5126101751150935,0.7252422845695974,72.60255768111107,33.14121476242798,4.784282658034962,0.09266240868374882,0.75,0.5833333333333334,0.7034,19.56831997828196,11.372309194322455,Wh,11.372309194322455,Wh
258,a07605e1fcaf6b1392f928133f568cb6,Ensemble,"{""model_name"": ""BestN"", ""model_count"": 3, ""model_metric"": ""horizontal"", ""models"": {""391cc75f9a7d750778405fc3cfcecb92"": {""Model"": ""RollingRegression"", ""ModelParameters"": ""{\""regression_model\"": {\""model\"": \""DecisionTree\"", \""model_params\"": {\""max_depth\"": null, \""min_samples_split\"": 0.05}}, \""holiday\"": false, \""mean_rolling_periods\"": null, \""macd_periods\"": null, \""std_rolling_periods\"": null, \""max_rolling_periods\"": 420, \""min_rolling_periods\"": 168, \""ewm_var_alpha\"": null, \""quantile90_rolling_periods\"": null, \""quantile10_rolling_periods\"": null, \""ewm_alpha\"": null, \""additional_lag_periods\"": 6, \""abs_energy\"": false, \""rolling_autocorr_periods\"": null, \""nonzero_last_n\"": null, \""add_date_part\"": \""expanded\"", \""polynomial_degree\"": null, \""x_transform\"": null, \""regression_type\"": null}"", ""TransformationParameters"": ""{\""fillna\"": \""mean\"", \""transformations\"": {\""0\"": \""STLFilter\"", \""1\"": \""RobustScaler\"", \""2\"": \""MaxAbsScaler\"", \""3\"": \""SeasonalDifference\"", \""4\"": \""AlignLastValue\""}, \""transformation_params\"": {\""0\"": {\""decomp_type\"": \""seasonal_decompose\"", \""part\"": \""trend\""}, \""1\"": {}, \""2\"": {}, \""3\"": {\""lag_1\"": 7, \""method\"": \""LastValue\""}, \""4\"": {\""rows\"": 1, \""lag\"": 2, \""method\"": \""additive\"", \""strength\"": 0.7, \""first_value_only\"": false, \""threshold\"": null, \""threshold_method\"": \""mean\"", \""mean_type\"": \""arithmetic\""}}}""}, ""290072eada53189c757f67ac7b1cfea9"": {""Model"": ""ARIMA"", ""ModelParameters"": ""{\""p\"": 0, \""d\"": 0, \""q\"": 2, \""regression_type\"": \""Holiday\""}"", ""TransformationParameters"": ""{\""fillna\"": \""mean\"", \""transformations\"": {\""0\"": \""AnomalyRemoval\"", \""1\"": \""ChangepointDetrend\"", \""2\"": \""ClipOutliers\""}, \""transformation_params\"": {\""0\"": {\""method\"": \""zscore\"", \""method_params\"": {\""distribution\"": \""chi2\"", \""alpha\"": 0.05}, \""fillna\"": \""ffill\"", \""transform_dict\"": null, \""isolated_only\"": false, \""on_inverse\"": false}, \""1\"": {\""model\"": \""ElasticNet\"", \""changepoint_spacing\"": 90, \""changepoint_distance_end\"": 180, \""datepart_method\"": null}, \""2\"": {\""method\"": \""clip\"", \""std_threshold\"": 2, \""fillna\"": null}}}""}, ""5bb9f16e5f9c93ddad63947a240ff284"": {""Model"": ""FBProphet"", ""ModelParameters"": ""{\""holiday\"": false, \""regression_type\"": null, \""growth\"": \""linear\"", \""seasonality_mode\"": \""additive\"", \""changepoint_prior_scale\"": 0.05, \""n_changepoints\"": 25, \""changepoint_range\"": 360, \""changepoint_spacing\"": null, \""changepoint_distance_end\"": null, \""seasonality_prior_scale\"": 10.0, \""yearly_seasonality_prior_scale\"": null, \""yearly_seasonality_order\"": null, \""weekly_seasonality_prior_scale\"": null, \""holidays_prior_scale\"": 10.0, \""trend_phi\"": null}"", ""TransformationParameters"": ""{\""fillna\"": \""rolling_mean\"", \""transformations\"": {\""0\"": \""StandardScaler\"", \""1\"": \""bkfilter\"", \""2\"": \""HPFilter\""}, \""transformation_params\"": {\""0\"": {}, \""1\"": {}, \""2\"": {\""part\"": \""trend\"", \""lamb\"": 6.25}}}""}}, ""model_weights"": {}, ""point_method"": ""mean""}","{""fillna"": ""zero"", ""transformations"": {""0"": ""AnomalyRemoval"", ""1"": ""EWMAFilter"", ""2"": ""AlignLastValue""}, ""transformation_params"": {""0"": {""method"": ""med_diff"", ""method_params"": {""distribution"": ""norm"", ""alpha"": 0.05}, ""fillna"": ""rolling_mean_24"", ""transform_dict"": {""fillna"": null, ""transformations"": {""0"": ""EWMAFilter""}, ""transformation_params"": {""0"": {""span"": 7}}}, ""isolated_only"": false, ""on_inverse"": false}, ""1"": {""span"": 7}, ""2"": {""rows"": 1, ""lag"": 1, ""method"": ""multiplicative"", ""strength"": 1.0, ""first_value_only"": false, ""threshold"": 1, ""threshold_method"": ""max""}}}",1,1,12.22032164307476,0.8095948530432779,0.9813977875677948,0.4785193020928581,0.8095948530432779,0.0,-4.907249108572785,0.5555776960283407,92.24413325662057,0.802244690790991,0.30326753318157595,0.7,0.4583333333333333,2.6332872946289294,0.9833333333333333,1.307266336066879,0.6370050676028346,3.419558631556306,0.9846247601697837,0.06410508350329981,87.33688414804779,32.4370969549359,28.457356450032844,0.11146778172247693,12.22032164307476,0.8095948530432779,0.9813977875677948,0.4785193020928581,0.8095948530432779,0.0,0.5555776960283407,0.802244690790991,0.30326753318157595,2.6332872946289294,0.9833333333333333,1.307266336066879,0.6370050676028346,3.419558631556306,0.9846247601697837,0.06410508350329981,87.33688414804779,32.4370969549359,28.457356450032844,0.11146778172247693,0.7,0.4583333333333333,2.1105,19.35568728617204,11.499762756566808,Wh,11.499762756566808,Wh
259,b2ac263ec89815ccce0920ea81e51c08,Ensemble,"{""model_name"": ""BestN"", ""model_count"": 3, ""model_metric"": ""best_score"", ""models"": {""5bb9f16e5f9c93ddad63947a240ff284"": {""Model"": ""FBProphet"", ""ModelParameters"": ""{\""holiday\"": false, \""regression_type\"": null, \""growth\"": \""linear\"", \""seasonality_mode\"": \""additive\"", \""changepoint_prior_scale\"": 0.05, \""n_changepoints\"": 25, \""changepoint_range\"": 360, \""changepoint_spacing\"": null, \""changepoint_distance_end\"": null, \""seasonality_prior_scale\"": 10.0, \""yearly_seasonality_prior_scale\"": null, \""yearly_seasonality_order\"": null, \""weekly_seasonality_prior_scale\"": null, \""holidays_prior_scale\"": 10.0, \""trend_phi\"": null}"", ""TransformationParameters"": ""{\""fillna\"": \""rolling_mean\"", \""transformations\"": {\""0\"": \""StandardScaler\"", \""1\"": \""bkfilter\"", \""2\"": \""HPFilter\""}, \""transformation_params\"": {\""0\"": {}, \""1\"": {}, \""2\"": {\""part\"": \""trend\"", \""lamb\"": 6.25}}}""}, ""5c9aafe0ed22a0009a0c5786b4223a8f"": {""Model"": ""FBProphet"", ""ModelParameters"": ""{\""holiday\"": false, \""regression_type\"": null, \""growth\"": \""linear\"", \""seasonality_mode\"": \""additive\"", \""changepoint_prior_scale\"": 0.05, \""n_changepoints\"": 25, \""changepoint_range\"": 0.8, \""changepoint_spacing\"": null, \""changepoint_distance_end\"": null, \""seasonality_prior_scale\"": 10.0, \""yearly_seasonality_prior_scale\"": null, \""yearly_seasonality_order\"": null, \""weekly_seasonality_prior_scale\"": 0.0001, \""holidays_prior_scale\"": 10.0, \""trend_phi\"": null}"", ""TransformationParameters"": ""{\""fillna\"": \""mean\"", \""transformations\"": {\""0\"": \""StandardScaler\"", \""1\"": \""bkfilter\"", \""2\"": \""HPFilter\""}, \""transformation_params\"": {\""0\"": {}, \""1\"": {}, \""2\"": {\""part\"": \""trend\"", \""lamb\"": 6.25}}}""}, ""2f39eb773641165ab62d1d03bee46b54"": {""Model"": ""FBProphet"", ""ModelParameters"": ""{\""holiday\"": false, \""regression_type\"": null, \""growth\"": \""linear\"", \""seasonality_mode\"": \""additive\"", \""changepoint_prior_scale\"": 0.05, \""n_changepoints\"": 25, \""changepoint_range\"": 360, \""changepoint_spacing\"": null, \""changepoint_distance_end\"": null, \""seasonality_prior_scale\"": 10.0, \""yearly_seasonality_prior_scale\"": null, \""yearly_seasonality_order\"": null, \""weekly_seasonality_prior_scale\"": null, \""holidays_prior_scale\"": 20, \""trend_phi\"": null}"", ""TransformationParameters"": ""{\""fillna\"": \""rolling_mean\"", \""transformations\"": {\""0\"": \""StandardScaler\"", \""1\"": \""bkfilter\"", \""2\"": \""HPFilter\""}, \""transformation_params\"": {\""0\"": {}, \""1\"": {}, \""2\"": {\""part\"": \""trend\"", \""lamb\"": 6.25}}}""}}, ""model_weights"": {}, ""point_method"": ""mean""}","{""fillna"": ""fake_date"", ""transformations"": {""0"": ""AlignLastValue"", ""1"": ""AlignLastValue""}, ""transformation_params"": {""0"": {""rows"": 4, ""lag"": 28, ""method"": ""additive"", ""strength"": 0.2, ""first_value_only"": false, ""threshold"": 1, ""threshold_method"": ""max""}, ""1"": {""rows"": 1, ""lag"": 1, ""method"": ""additive"", ""strength"": 1.0, ""first_value_only"": false, ""threshold"": 1, ""threshold_method"": ""mean""}}}",1,1,11.58083757099607,0.7672282741112519,0.9535925977436479,0.4761779605299564,0.7672282741112519,0.0,-3.5098113261412713,0.5263083663282033,88.55758156720896,0.7620546665599998,0.34515882739432135,0.4666666666666667,0.48333333333333334,2.59894016740651,0.9833333333333333,1.2930352236020046,0.5889499932965866,3.023216821416162,0.8106339883421989,0.03800137129748345,85.0477702410677,34.93658594591402,28.189459249671224,0.10854619307399012,11.58083757099607,0.7672282741112519,0.9535925977436479,0.4761779605299564,0.7672282741112519,0.0,0.5263083663282033,0.7620546665599998,0.34515882739432135,2.59894016740651,0.9833333333333333,1.2930352236020046,0.5889499932965866,3.023216821416162,0.8106339883421989,0.03800137129748345,85.0477702410677,34.93658594591402,28.189459249671224,0.10854619307399012,0.4666666666666667,0.48333333333333334,1.8581,19.26210904014295,10.897973349563728,Wh,10.897973349563728,Wh
260,987d3e3521788ead9ae1bc7039a1ab67,FBProphet,"{""holiday"": false, ""regression_type"": null, ""growth"": ""linear"", ""seasonality_mode"": ""additive"", ""changepoint_prior_scale"": 0.001, ""n_changepoints"": 25, ""changepoint_range"": 0.85, ""changepoint_spacing"": null, ""changepoint_distance_end"": 60, ""seasonality_prior_scale"": 10.0, ""yearly_seasonality_prior_scale"": null, ""yearly_seasonality_order"": null, ""weekly_seasonality_prior_scale"": 0.0001, ""holidays_prior_scale"": 0.1, ""trend_phi"": 0.99}","{""fillna"": ""mean"", ""transformations"": {""0"": ""StandardScaler"", ""1"": ""bkfilter"", ""2"": ""HPFilter""}, ""transformation_params"": {""0"": {}, ""1"": {}, ""2"": {""part"": ""trend"", ""lamb"": 6.25}}}",0,1,10.201995748484624,0.6664287337020074,0.8200732531734284,0.4773584824785297,0.6664287337020074,0.0,-11.926285454395565,0.4954000712524949,68.04516258984532,0.6454561059300503,0.4700649216110776,0.0,0.5083333333333333,2.402594723468275,0.9833333333333333,1.260928716724292,0.5061246981410388,2.7531144864599715,0.9727546880350507,0.0051240661105347975,56.11887713544976,17.34908016649435,29.893685485172046,0.07162434071315149,10.201995748484624,0.6664287337020074,0.8200732531734284,0.4773584824785297,0.6664287337020074,0.0,0.4954000712524949,0.6454561059300503,0.4700649216110776,2.402594723468275,0.9833333333333333,1.260928716724292,0.5061246981410388,2.7531144864599715,0.9727546880350507,0.0051240661105347975,56.11887713544976,17.34908016649435,29.893685485172046,0.07162434071315149,0.0,0.5083333333333333,0.5698,19.20325467950076,9.466182131623121,Wh,9.466182131623121,Wh
261,70d4ea64ef9a86adb35c31e0182e11bf,Ensemble,"{""model_name"": ""BestN"", ""model_count"": 3, ""model_metric"": ""best_score_unique"", ""models"": {""5bb9f16e5f9c93ddad63947a240ff284"": {""Model"": ""FBProphet"", ""ModelParameters"": ""{\""holiday\"": false, \""regression_type\"": null, \""growth\"": \""linear\"", \""seasonality_mode\"": \""additive\"", \""changepoint_prior_scale\"": 0.05, \""n_changepoints\"": 25, \""changepoint_range\"": 360, \""changepoint_spacing\"": null, \""changepoint_distance_end\"": null, \""seasonality_prior_scale\"": 10.0, \""yearly_seasonality_prior_scale\"": null, \""yearly_seasonality_order\"": null, \""weekly_seasonality_prior_scale\"": null, \""holidays_prior_scale\"": 10.0, \""trend_phi\"": null}"", ""TransformationParameters"": ""{\""fillna\"": \""rolling_mean\"", \""transformations\"": {\""0\"": \""StandardScaler\"", \""1\"": \""bkfilter\"", \""2\"": \""HPFilter\""}, \""transformation_params\"": {\""0\"": {}, \""1\"": {}, \""2\"": {\""part\"": \""trend\"", \""lamb\"": 6.25}}}""}, ""290072eada53189c757f67ac7b1cfea9"": {""Model"": ""ARIMA"", ""ModelParameters"": ""{\""p\"": 0, \""d\"": 0, \""q\"": 2, \""regression_type\"": \""Holiday\""}"", ""TransformationParameters"": ""{\""fillna\"": \""mean\"", \""transformations\"": {\""0\"": \""AnomalyRemoval\"", \""1\"": \""ChangepointDetrend\"", \""2\"": \""ClipOutliers\""}, \""transformation_params\"": {\""0\"": {\""method\"": \""zscore\"", \""method_params\"": {\""distribution\"": \""chi2\"", \""alpha\"": 0.05}, \""fillna\"": \""ffill\"", \""transform_dict\"": null, \""isolated_only\"": false, \""on_inverse\"": false}, \""1\"": {\""model\"": \""ElasticNet\"", \""changepoint_spacing\"": 90, \""changepoint_distance_end\"": 180, \""datepart_method\"": null}, \""2\"": {\""method\"": \""clip\"", \""std_threshold\"": 2, \""fillna\"": null}}}""}, ""7f1b9001e4365205912d8167e1108b4a"": {""Model"": ""DatepartRegression"", ""ModelParameters"": ""{\""regression_model\"": {\""model\"": \""ElasticNet\"", \""model_params\"": {\""l1_ratio\"": 0.5, \""fit_intercept\"": true, \""selection\"": \""cyclic\"", \""max_iter\"": 1000}}, \""datepart_method\"": \""simple_2\"", \""polynomial_degree\"": null, \""holiday_countries_used\"": false, \""lags\"": null, \""forward_lags\"": null, \""regression_type\"": null}"", ""TransformationParameters"": ""{\""fillna\"": \""ffill_mean_biased\"", \""transformations\"": {\""0\"": \""AlignLastValue\"", \""1\"": \""bkfilter\"", \""2\"": \""CointegrationTransformer\""}, \""transformation_params\"": {\""0\"": {\""rows\"": 7, \""lag\"": 2, \""method\"": \""additive\"", \""strength\"": 1.0, \""first_value_only\"": true, \""threshold\"": null, \""threshold_method\"": \""max\"", \""mean_type\"": \""arithmetic\""}, \""1\"": {}, \""2\"": {\""n_components\"": 5, \""max_components\"": 20, \""shrinkage\"": 0.01, \""method\"": \""cca\"", \""min_periods\"": 30}}}""}}, ""model_weights"": {}, ""point_method"": ""mean""}","{""fillna"": ""zero"", ""transformations"": {""0"": ""AnomalyRemoval"", ""1"": ""EWMAFilter"", ""2"": ""AlignLastValue""}, ""transformation_params"": {""0"": {""method"": ""med_diff"", ""method_params"": {""distribution"": ""norm"", ""alpha"": 0.05}, ""fillna"": ""rolling_mean_24"", ""transform_dict"": {""fillna"": null, ""transformations"": {""0"": ""EWMAFilter""}, ""transformation_params"": {""0"": {""span"": 7}}}, ""isolated_only"": false, ""on_inverse"": false}, ""1"": {""span"": 7}, ""2"": {""rows"": 1, ""lag"": 1, ""method"": ""multiplicative"", ""strength"": 1.0, ""first_value_only"": false, ""threshold"": 1, ""threshold_method"": ""max""}}}",1,1,12.012191828652204,0.798222761800039,0.9793974647013187,0.4789922205258629,0.798222761800039,0.0,-3.3291439242742626,0.5444002321980965,92.45758749173042,0.7935357432100789,0.29825486940717577,0.825,0.475,2.6490860319660365,0.9833333333333333,1.3031516275683543,0.6215951133242887,3.1620905497064684,0.9564511680113555,0.04387275901766669,89.12844356745616,36.53717353483315,28.643577556687518,0.1137543431936526,12.012191828652204,0.798222761800039,0.9793974647013187,0.4789922205258629,0.798222761800039,0.0,0.5444002321980965,0.7935357432100789,0.29825486940717577,2.6490860319660365,0.9833333333333333,1.3031516275683543,0.6215951133242887,3.1620905497064684,0.9564511680113555,0.04387275901766669,89.12844356745616,36.53717353483315,28.643577556687518,0.1137543431936526,0.825,0.475,0.941,19.10260939803522,11.338229675110464,Wh,11.338229675110464,Wh
262,8e0d19e70e7b94fab5544c7e7f35edc1,FBProphet,"{""holiday"": false, ""regression_type"": null, ""growth"": ""linear"", ""seasonality_mode"": ""additive"", ""changepoint_prior_scale"": 0.05, ""n_changepoints"": 25, ""changepoint_range"": 0.8, ""changepoint_spacing"": 40, ""changepoint_distance_end"": null, ""seasonality_prior_scale"": 10.0, ""yearly_seasonality_prior_scale"": null, ""yearly_seasonality_order"": null, ""weekly_seasonality_prior_scale"": null, ""holidays_prior_scale"": 10.0, ""trend_phi"": 0.999}","{""fillna"": ""ffill_mean_biased"", ""transformations"": {""0"": ""bkfilter"", ""1"": ""AlignLastValue"", ""2"": ""AnomalyRemoval""}, ""transformation_params"": {""0"": {}, ""1"": {""rows"": 1, ""lag"": 7, ""method"": ""additive"", ""strength"": 1.0, ""first_value_only"": false, ""threshold"": 10, ""threshold_method"": ""mean"", ""mean_type"": ""arithmetic""}, ""2"": {""method"": ""rolling_zscore"", ""method_params"": {""distribution"": ""uniform"", ""alpha"": 0.05, ""rolling_periods"": 200, ""center"": true}, ""fillna"": ""rolling_mean_24"", ""transform_dict"": {""fillna"": ""ffill"", ""transformations"": {""0"": ""cffilter"", ""1"": ""ConvolutionFilter""}, ""transformation_params"": {""0"": {}, ""1"": {""weight"": [1.0, 0.5, 0.3333333333333333]}}}, ""isolated_only"": false, ""on_inverse"": false}}}",0,1,9.460583023214504,0.6173105065668378,0.7845880639916134,0.4996935608926441,0.6173105065668378,0.0,-13.588333553993142,0.4650255521532464,60.48892723402741,0.5927331095176794,0.5206323768686175,0.0,0.5083333333333333,2.4884617915125906,0.9833333333333333,1.244578246640881,0.4645075665002823,2.413327366849417,0.8962482669570091,0.31676240002849987,46.90059368003426,16.212797768234953,17.88581960034023,0.059859075463679655,9.460583023214504,0.6173105065668378,0.7845880639916134,0.4996935608926441,0.6173105065668378,0.0,0.4650255521532464,0.5927331095176794,0.5206323768686175,2.4884617915125906,0.9833333333333333,1.244578246640881,0.4645075665002823,2.413327366849417,0.8962482669570091,0.31676240002849987,46.90059368003426,16.212797768234953,17.88581960034023,0.059859075463679655,0.0,0.5083333333333333,0.8758,19.102232669136892,8.768489999621119,Wh,8.768489999621119,Wh
263,be01385295c3527a1497926f91b277cf,FBProphet,"{""holiday"": false, ""regression_type"": null, ""growth"": ""linear"", ""seasonality_mode"": ""multiplicative"", ""changepoint_prior_scale"": 0.001, ""n_changepoints"": 50, ""changepoint_range"": 0.85, ""changepoint_spacing"": null, ""changepoint_distance_end"": null, ""seasonality_prior_scale"": 10.0, ""yearly_seasonality_prior_scale"": null, ""yearly_seasonality_order"": null, ""weekly_seasonality_prior_scale"": null, ""holidays_prior_scale"": 10.0, ""trend_phi"": 0.999}","{""fillna"": ""ffill"", ""transformations"": {""0"": ""CointegrationTransformer"", ""1"": ""AlignLastValue"", ""2"": ""FIRFilter"", ""3"": ""AlignLastValue"", ""4"": ""PositiveShift""}, ""transformation_params"": {""0"": {""n_components"": 3, ""max_components"": 5, ""shrinkage"": 0.01, ""method"": ""cca"", ""min_periods"": 15}, ""1"": {""rows"": 1, ""lag"": 7, ""method"": ""additive"", ""strength"": 1.0, ""first_value_only"": false, ""threshold"": 1, ""threshold_method"": ""mean"", ""mean_type"": ""arithmetic""}, ""2"": {""numtaps"": 512, ""cutoff_hz"": 0.1, ""window"": ""blackman"", ""sampling_frequency"": 2, ""on_transform"": true, ""on_inverse"": false, ""bounds_only"": false}, ""3"": {""rows"": 1, ""lag"": 1, ""method"": ""additive"", ""strength"": 1.0, ""first_value_only"": false, ""threshold"": 10, ""threshold_method"": ""mean"", ""mean_type"": ""arithmetic""}, ""4"": {}}}",0,1,9.409508691465964,0.6128890722911053,0.7703333558425222,0.48014611437454163,0.6128890722911053,0.0,-12.722138336980576,0.4633454888433818,60.82455033795206,0.5905011217347752,0.5162516388458563,0.0,0.5083333333333333,2.34274868958725,0.9833333333333333,1.2426669119087994,0.45512233688925147,2.3899901397594903,0.8709445194075948,0.05145390939646939,48.10241200097149,15.405124591430644,28.79983938950931,0.06139295228531228,9.409508691465964,0.6128890722911053,0.7703333558425222,0.48014611437454163,0.6128890722911053,0.0,0.4633454888433818,0.5905011217347752,0.5162516388458563,2.34274868958725,0.9833333333333333,1.2426669119087994,0.45512233688925147,2.3899901397594903,0.8709445194075948,0.05145390939646939,48.10241200097149,15.405124591430644,28.79983938950931,0.06139295228531228,0.0,0.5083333333333333,1.06,18.936383024771903,8.705686431856888,Wh,8.705686431856888,Wh
264,c7f03b3bb0dad671da800c0359834d82,FBProphet,"{""holiday"": false, ""regression_type"": null, ""growth"": ""linear"", ""seasonality_mode"": ""multiplicative"", ""changepoint_prior_scale"": 0.05, ""n_changepoints"": 25, ""changepoint_range"": 0.8, ""changepoint_spacing"": null, ""changepoint_distance_end"": 10, ""seasonality_prior_scale"": 0.1, ""yearly_seasonality_prior_scale"": null, ""yearly_seasonality_order"": 2, ""weekly_seasonality_prior_scale"": null, ""holidays_prior_scale"": 10.0, ""trend_phi"": 0.999}","{""fillna"": ""zero"", ""transformations"": {""0"": ""bkfilter"", ""1"": ""AlignLastValue"", ""2"": ""AnomalyRemoval""}, ""transformation_params"": {""0"": {}, ""1"": {""rows"": 1, ""lag"": 7, ""method"": ""additive"", ""strength"": 1.0, ""first_value_only"": false, ""threshold"": 10, ""threshold_method"": ""mean"", ""mean_type"": ""arithmetic""}, ""2"": {""method"": ""rolling_zscore"", ""method_params"": {""distribution"": ""uniform"", ""alpha"": 0.05, ""rolling_periods"": 200, ""center"": true}, ""fillna"": ""rolling_mean_24"", ""transform_dict"": {""fillna"": ""ffill"", ""transformations"": {""0"": ""cffilter"", ""1"": ""ConvolutionFilter""}, ""transformation_params"": {""0"": {}, ""1"": {""weight"": [1.0, 0.5, 0.3333333333333333]}}}, ""isolated_only"": false, ""on_inverse"": false}}}",0,1,9.34106115697137,0.6089099212677814,0.7749682161102719,0.4905477281693905,0.6089099212677814,0.0,-13.078997147325389,0.45893059697946276,59.99019340480838,0.5857558574360687,0.5133085752447384,0.0,0.5083333333333333,2.4594687564972473,0.9833333333333333,1.2415193882516873,0.4564075433751846,2.3656015918347273,0.8833615828164493,0.27741896300221963,46.91119625748299,16.256650460438983,19.45802579589519,0.05987260749885906,9.34106115697137,0.6089099212677814,0.7749682161102719,0.4905477281693905,0.6089099212677814,0.0,0.45893059697946276,0.5857558574360687,0.5133085752447384,2.4594687564972473,0.9833333333333333,1.2415193882516873,0.4564075433751846,2.3656015918347273,0.8833615828164493,0.27741896300221963,46.91119625748299,16.256650460438983,19.45802579589519,0.05987260749885906,0.0,0.5083333333333333,0.9601,18.84986531194152,8.649165206988961,Wh,8.649165206988961,Wh
265,bca6437f91c4d8f72413d92eec9be22a,ARIMA,"{""p"": 4, ""d"": 0, ""q"": 12, ""regression_type"": null}","{""fillna"": ""cubic"", ""transformations"": {""0"": ""bkfilter"", ""1"": ""AlignLastValue"", ""2"": ""AnomalyRemoval""}, ""transformation_params"": {""0"": {}, ""1"": {""rows"": 1, ""lag"": 7, ""method"": ""additive"", ""strength"": 1.0, ""first_value_only"": false, ""threshold"": 10, ""threshold_method"": ""mean"", ""mean_type"": ""arithmetic""}, ""2"": {""method"": ""rolling_zscore"", ""method_params"": {""distribution"": ""uniform"", ""alpha"": 0.05, ""rolling_periods"": 200, ""center"": true}, ""fillna"": ""rolling_mean_24"", ""transform_dict"": {""fillna"": ""ffill"", ""transformations"": {""0"": ""cffilter"", ""1"": ""ConvolutionFilter""}, ""transformation_params"": {""0"": {}, ""1"": {""weight"": [1.0, 0.5, 0.3333333333333333]}}}, ""isolated_only"": false, ""on_inverse"": false}}}",0,1,9.83978037341189,0.6359550781001003,0.8200497745842831,0.5117820570696086,0.6359550781001003,0.0,-61.58668219803802,0.605066358472627,14.72792717397402,0.47748225905877095,0.45756848420025076,0.9833333333333333,0.5333333333333333,2.0417175420238767,0.9833333333333333,1.2609510823806835,0.4635647410032129,2.0513717610740967,1.003266806367093,0.42291755093533046,46.858755024063996,30.11424352366126,14.867662950904034,0.05980567692288274,9.83978037341189,0.6359550781001003,0.8200497745842831,0.5117820570696086,0.6359550781001003,0.0,0.605066358472627,0.47748225905877095,0.45756848420025076,2.0417175420238767,0.9833333333333333,1.2609510823806835,0.4635647410032129,2.0513717610740967,1.003266806367093,0.42291755093533046,46.858755024063996,30.11424352366126,14.867662950904034,0.05980567692288274,0.9833333333333333,0.5333333333333333,3.8973,18.69837660439788,9.03332388353774,Wh,9.03332388353774,Wh
266,4e4f58820d9139f1b0a9c5e37c7f3a21,ARIMA,"{""p"": 0, ""d"": 1, ""q"": 2, ""regression_type"": ""Holiday""}","{""fillna"": ""ffill"", ""transformations"": {""0"": ""bkfilter"", ""1"": ""ChangepointDetrend"", ""2"": ""STLFilter"", ""3"": ""PositiveShift""}, ""transformation_params"": {""0"": {}, ""1"": {""model"": ""ElasticNet"", ""changepoint_spacing"": 90, ""changepoint_distance_end"": 180, ""datepart_method"": null}, ""2"": {""decomp_type"": ""STL"", ""part"": ""trend"", ""seasonal"": 7}, ""3"": {}}}",0,1,11.268620425607724,0.719451518330636,0.8576638202932305,0.48312447050372387,0.719451518330636,0.0,-77.49410273391493,0.7012594776928885,8.840079465761402,0.5243964250719159,0.33814222043306463,0.8166666666666667,0.5083333333333333,2.1146414527122435,0.9833333333333333,1.2904065641197435,0.5813575404105368,2.629399854137776,3.009744453449299,0.012467780341205973,68.65402326815351,33.036518213696496,29.025018535966318,0.08762290703034481,11.268620425607724,0.719451518330636,0.8576638202932305,0.48312447050372387,0.719451518330636,0.0,0.7012594776928885,0.5243964250719159,0.33814222043306463,2.1146414527122435,0.9833333333333333,1.2904065641197435,0.5813575404105368,2.629399854137776,3.009744453449299,0.012467780341205973,68.65402326815351,33.036518213696496,29.025018535966318,0.08762290703034481,0.8166666666666667,0.5083333333333333,0.2665,18.439497146824657,10.219335936430191,Wh,10.219335936430191,Wh
267,ff9b5335360cd51d1270e01d54393ad3,FBProphet,"{""holiday"": true, ""regression_type"": null, ""growth"": ""linear"", ""seasonality_mode"": ""multiplicative"", ""changepoint_prior_scale"": 0.05, ""n_changepoints"": 25, ""changepoint_range"": 0.85, ""changepoint_spacing"": null, ""changepoint_distance_end"": null, ""seasonality_prior_scale"": 10.0, ""yearly_seasonality_prior_scale"": null, ""yearly_seasonality_order"": 12, ""weekly_seasonality_prior_scale"": 0.0001, ""holidays_prior_scale"": 0.1, ""trend_phi"": null}","{""fillna"": ""rolling_mean"", ""transformations"": {""0"": ""CenterSplit"", ""1"": ""bkfilter"", ""2"": ""AnomalyRemoval"", ""3"": ""SeasonalDifference"", ""4"": ""cffilter""}, ""transformation_params"": {""0"": {""fillna"": ""linear"", ""center"": ""zero""}, ""1"": {}, ""2"": {""method"": ""max_diff"", ""method_params"": {""distribution"": ""gamma"", ""alpha"": 0.05}, ""fillna"": ""ffill"", ""transform_dict"": {""fillna"": ""rolling_mean"", ""transformations"": {""0"": ""AlignLastValue"", ""1"": ""StandardScaler""}, ""transformation_params"": {""0"": {""rows"": 7, ""lag"": 28, ""method"": ""additive"", ""strength"": 0.7, ""first_value_only"": false, ""threshold"": null, ""threshold_method"": ""max"", ""mean_type"": ""arithmetic""}, ""1"": {}}}, ""isolated_only"": false, ""on_inverse"": false}, ""3"": {""lag_1"": 12, ""method"": 5}, ""4"": {}}}",0,1,11.526283715777916,0.7605490892602375,0.9480862774072472,0.6432776045268487,0.7605490892602375,0.0,-14.768431256977301,0.550093663762516,76.49745945425119,0.7264537927098739,0.2925177293833825,0.7166666666666667,0.575,2.8285849513213304,0.9416666666666667,1.3094013414769796,0.5893264091508673,3.0695458440194594,1.0042963176116373,0.6815590917408765,61.72902819727389,22.586766988890982,3.340956394551908,0.0787845583015129,11.526283715777916,0.7605490892602375,0.9480862774072472,0.6432776045268487,0.7605490892602375,0.0,0.550093663762516,0.7264537927098739,0.2925177293833825,2.8285849513213304,0.9416666666666667,1.3094013414769796,0.5893264091508673,3.0695458440194594,1.0042963176116373,0.6815590917408765,61.72902819727389,22.586766988890982,3.340956394551908,0.0787845583015129,0.7166666666666667,0.575,1.2472,18.400281234060458,10.803099918853052,Wh,10.803099918853052,Wh
268,c6bb0a5eb8ae4bd7caf82db9e0481523,Ensemble,"{""model_name"": ""BestN"", ""model_count"": 3, ""model_metric"": ""mixed_metric"", ""models"": {""ca2e0fcc7b23d74ee347d493f6ff4379"": {""Model"": ""ARIMA"", ""ModelParameters"": ""{\""p\"": 0, \""d\"": 2, \""q\"": 2, \""regression_type\"": null}"", ""TransformationParameters"": ""{\""fillna\"": \""cubic\"", \""transformations\"": {\""0\"": \""AlignLastValue\"", \""1\"": \""AlignLastValue\""}, \""transformation_params\"": {\""0\"": {\""rows\"": 84, \""lag\"": 1, \""method\"": \""additive\"", \""strength\"": 0.5, \""first_value_only\"": false, \""threshold\"": 10, \""threshold_method\"": \""max\"", \""mean_type\"": \""arithmetic\""}, \""1\"": {\""rows\"": 1, \""lag\"": 7, \""method\"": \""additive\"", \""strength\"": 1.0, \""first_value_only\"": false, \""threshold\"": 10, \""threshold_method\"": \""mean\"", \""mean_type\"": \""arithmetic\""}}}""}, ""216178f098ef6698659d5bd14449f8af"": {""Model"": ""ARIMA"", ""ModelParameters"": ""{\""p\"": 4, \""d\"": 2, \""q\"": 4, \""regression_type\"": null}"", ""TransformationParameters"": ""{\""fillna\"": \""cubic\"", \""transformations\"": {\""0\"": \""bkfilter\"", \""1\"": \""AlignLastValue\""}, \""transformation_params\"": {\""0\"": {}, \""1\"": {\""rows\"": 1, \""lag\"": 7, \""method\"": \""additive\"", \""strength\"": 1.0, \""first_value_only\"": false, \""threshold\"": 10, \""threshold_method\"": \""mean\"", \""mean_type\"": \""arithmetic\""}}}""}, ""5c9aafe0ed22a0009a0c5786b4223a8f"": {""Model"": ""FBProphet"", ""ModelParameters"": ""{\""holiday\"": false, \""regression_type\"": null, \""growth\"": \""linear\"", \""seasonality_mode\"": \""additive\"", \""changepoint_prior_scale\"": 0.05, \""n_changepoints\"": 25, \""changepoint_range\"": 0.8, \""changepoint_spacing\"": null, \""changepoint_distance_end\"": null, \""seasonality_prior_scale\"": 10.0, \""yearly_seasonality_prior_scale\"": null, \""yearly_seasonality_order\"": null, \""weekly_seasonality_prior_scale\"": 0.0001, \""holidays_prior_scale\"": 10.0, \""trend_phi\"": null}"", ""TransformationParameters"": ""{\""fillna\"": \""mean\"", \""transformations\"": {\""0\"": \""StandardScaler\"", \""1\"": \""bkfilter\"", \""2\"": \""HPFilter\""}, \""transformation_params\"": {\""0\"": {}, \""1\"": {}, \""2\"": {\""part\"": \""trend\"", \""lamb\"": 6.25}}}""}}, ""model_weights"": {}, ""point_method"": ""mean""}","{""fillna"": ""zero"", ""transformations"": {""0"": ""AnomalyRemoval"", ""1"": ""EWMAFilter"", ""2"": ""AlignLastValue""}, ""transformation_params"": {""0"": {""method"": ""med_diff"", ""method_params"": {""distribution"": ""norm"", ""alpha"": 0.05}, ""fillna"": ""rolling_mean_24"", ""transform_dict"": {""fillna"": null, ""transformations"": {""0"": ""EWMAFilter""}, ""transformation_params"": {""0"": {""span"": 7}}}, ""isolated_only"": false, ""on_inverse"": false}, ""1"": {""span"": 7}, ""2"": {""rows"": 1, ""lag"": 1, ""method"": ""multiplicative"", ""strength"": 1.0, ""first_value_only"": false, ""threshold"": 1, ""threshold_method"": ""max""}}}",1,1,8.206101864734242,0.5326853866944206,0.6862245184099316,0.4775041400945966,0.5326853866944206,0.0,-15.491199699859859,0.4177140865528738,48.4310467034706,0.5085030232216148,0.572416671042991,0.9916666666666667,0.4583333333333333,2.2476175672992014,0.9833333333333333,1.2144576585926523,0.3868121601157234,1.9528669279504285,0.5426920246782662,0.030658980058878994,32.939847003610744,14.757217484135431,28.707700224736463,0.04204101980036508,8.206101864734242,0.5326853866944206,0.6862245184099316,0.4775041400945966,0.5326853866944206,0.0,0.4177140865528738,0.5085030232216148,0.572416671042991,2.2476175672992014,0.9833333333333333,1.2144576585926523,0.3868121601157234,1.9528669279504285,0.5426920246782662,0.030658980058878994,32.939847003610744,14.757217484135431,28.707700224736463,0.04204101980036508,0.9916666666666667,0.4583333333333333,1.5354,18.317253768384468,7.5664457942748635,Wh,7.5664457942748635,Wh
269,4325af346944a10b3a4bebc67770b774,ARIMA,"{""p"": 0, ""d"": 1, ""q"": 12, ""regression_type"": null}","{""fillna"": ""cubic"", ""transformations"": {""0"": ""bkfilter"", ""1"": ""AlignLastValue"", ""2"": ""AnomalyRemoval""}, ""transformation_params"": {""0"": {}, ""1"": {""rows"": 1, ""lag"": 7, ""method"": ""additive"", ""strength"": 1.0, ""first_value_only"": false, ""threshold"": 10, ""threshold_method"": ""mean"", ""mean_type"": ""arithmetic""}, ""2"": {""method"": ""rolling_zscore"", ""method_params"": {""distribution"": ""uniform"", ""alpha"": 0.05, ""rolling_periods"": 200, ""center"": true}, ""fillna"": ""rolling_mean_24"", ""transform_dict"": {""fillna"": ""ffill"", ""transformations"": {""0"": ""cffilter"", ""1"": ""ConvolutionFilter""}, ""transformation_params"": {""0"": {}, ""1"": {""weight"": [1.0, 0.5, 0.3333333333333333]}}}, ""isolated_only"": false, ""on_inverse"": false}}}",0,1,11.326280360761752,0.7440493062935208,0.8908330417461235,0.4860492433110566,0.7440493062935208,0.0,-16.72833573182672,0.5564386130072498,72.55758102339576,0.7080642507094541,0.31134450512385026,0.95,0.49166666666666664,2.4789736911487195,0.9833333333333333,1.288506211773614,0.5856893822941157,3.2913789094470136,1.1456739966163254,0.06846380796085574,55.82924529156904,12.4875615983482,26.54258351106069,0.07125468453101833,11.326280360761752,0.7440493062935208,0.8908330417461235,0.4860492433110566,0.7440493062935208,0.0,0.5564386130072498,0.7080642507094541,0.31134450512385026,2.4789736911487195,0.9833333333333333,1.288506211773614,0.5856893822941157,3.2913789094470136,1.1456739966163254,0.06846380796085574,55.82924529156904,12.4875615983482,26.54258351106069,0.07125468453101833,0.95,0.49166666666666664,3.2425,18.23271505358505,10.568731346796504,Wh,10.568731346796504,Wh
270,a7e9ea5611be4f3317acabfd0cb1e8b2,RollingRegression,"{""regression_model"": {""model"": ""ExtraTrees"", ""model_params"": {""n_estimators"": 100, ""min_samples_leaf"": 1, ""max_depth"": 10}}, ""holiday"": false, ""mean_rolling_periods"": 30, ""macd_periods"": 364, ""std_rolling_periods"": null, ""max_rolling_periods"": 420, ""min_rolling_periods"": 7, ""ewm_var_alpha"": null, ""quantile90_rolling_periods"": null, ""quantile10_rolling_periods"": null, ""ewm_alpha"": null, ""additional_lag_periods"": 90, ""abs_energy"": false, ""rolling_autocorr_periods"": 7, ""nonzero_last_n"": null, ""add_date_part"": null, ""polynomial_degree"": null, ""x_transform"": null, ""regression_type"": null}","{""fillna"": ""quadratic"", ""transformations"": {""0"": ""RobustScaler"", ""1"": ""Detrend""}, ""transformation_params"": {""0"": {}, ""1"": {""model"": ""GLS"", ""phi"": 1, ""window"": null, ""transform_dict"": {""fillna"": null, ""transformations"": {""0"": ""ClipOutliers""}, ""transformation_params"": {""0"": {""method"": ""clip"", ""std_threshold"": 4}}}}}}",0,1,10.255089443889647,0.6661541288398183,0.8748991922132823,0.552987900928548,0.6661541288398183,0.0,-39.35840724276937,0.5622917384772177,40.580088218008825,0.5609541739338405,0.37658019609030485,0.9833333333333333,0.5583333333333333,2.3117335844682536,0.95,1.2845869965721195,0.48343155489576745,2.4116838826297955,0.7079070681486281,0.37746238809120997,1.2216809752394537,9.391325561541485,13.979014188997233,0.0015592274628398008,10.255089443889647,0.6661541288398183,0.8748991922132823,0.552987900928548,0.6661541288398183,0.0,0.5622917384772177,0.5609541739338405,0.37658019609030485,2.3117335844682536,0.95,1.2845869965721195,0.48343155489576745,2.4116838826297955,0.7079070681486281,0.37746238809120997,1.2216809752394537,9.391325561541485,13.979014188997233,0.0015592274628398008,0.9833333333333333,0.5583333333333333,10.1088,18.055062001298587,9.462281550048148,Wh,9.462281550048148,Wh
271,15a9e7f2f247f4bb6e1708679bf1013d,FBProphet,"{""holiday"": false, ""regression_type"": null, ""growth"": ""linear"", ""seasonality_mode"": ""multiplicative"", ""changepoint_prior_scale"": 0.05, ""n_changepoints"": 25, ""changepoint_range"": 0.8, ""changepoint_spacing"": null, ""changepoint_distance_end"": null, ""seasonality_prior_scale"": 10.0, ""yearly_seasonality_prior_scale"": null, ""yearly_seasonality_order"": null, ""weekly_seasonality_prior_scale"": 0.0001, ""holidays_prior_scale"": 0.1, ""trend_phi"": null}","{""fillna"": ""ffill"", ""transformations"": {""0"": ""StandardScaler"", ""1"": ""bkfilter"", ""2"": ""AlignLastValue"", ""3"": ""AlignLastValue"", ""4"": ""QuantileTransformer""}, ""transformation_params"": {""0"": {}, ""1"": {}, ""2"": {""rows"": 4, ""lag"": 1, ""method"": ""additive"", ""strength"": 1.0, ""first_value_only"": false, ""threshold"": 3, ""threshold_method"": ""max"", ""mean_type"": ""arithmetic""}, ""3"": {""rows"": 1, ""lag"": 1, ""method"": ""additive"", ""strength"": 1.0, ""first_value_only"": false, ""threshold"": 1, ""threshold_method"": ""mean"", ""mean_type"": ""arithmetic""}, ""4"": {""output_distribution"": ""uniform"", ""n_quantiles"": 27}}}",0,1,10.239571022724299,0.6713668057377749,0.8352832915530277,0.4777405233664263,0.6713668057377749,0.0,-8.552067609568901,0.48694498464837305,72.01194907896408,0.6576423237252873,0.37825378001763854,0.9916666666666667,0.5083333333333333,2.555387684107645,0.9833333333333333,1.261508999033481,0.5110311656107832,2.5974308590096187,0.9520688099439193,0.005290866181071662,63.4598814693952,23.382972520483985,29.945881322814238,0.08099364071397226,10.239571022724299,0.6713668057377749,0.8352832915530277,0.4777405233664263,0.6713668057377749,0.0,0.48694498464837305,0.6576423237252873,0.37825378001763854,2.555387684107645,0.9833333333333333,1.261508999033481,0.5110311656107832,2.5974308590096187,0.9520688099439193,0.005290866181071662,63.4598814693952,23.382972520483985,29.945881322814238,0.08099364071397226,0.9916666666666667,0.5083333333333333,0.6506,18.006656630500636,9.536324199192721,Wh,9.536324199192721,Wh
272,81462eb78e75d786bbb31fea2eac8b33,FBProphet,"{""holiday"": false, ""regression_type"": null, ""growth"": ""linear"", ""seasonality_mode"": ""multiplicative"", ""changepoint_prior_scale"": 0.05, ""n_changepoints"": 25, ""changepoint_range"": 0.8, ""changepoint_spacing"": null, ""changepoint_distance_end"": null, ""seasonality_prior_scale"": 0.1, ""yearly_seasonality_prior_scale"": null, ""yearly_seasonality_order"": 30, ""weekly_seasonality_prior_scale"": null, ""holidays_prior_scale"": 10.0, ""trend_phi"": 0.98}","{""fillna"": ""ffill_mean_biased"", ""transformations"": {""0"": ""ClipOutliers"", ""1"": ""Detrend""}, ""transformation_params"": {""0"": {""method"": ""clip"", ""std_threshold"": 2, ""fillna"": null}, ""1"": {""model"": ""Linear"", ""phi"": 0.999, ""window"": null, ""transform_dict"": null}}}",0,1,8.739995224745826,0.5690214575820929,0.7363159255184729,0.4756983998739261,0.5690214575820929,0.0,-11.271713898073287,0.4288813618082322,57.01086101177785,0.552891570890473,0.5005073516755524,0.0,0.5083333333333333,2.3645966921120856,0.9833333333333333,1.2265482970341564,0.41323421408531624,2.0972358941217357,0.5938462766419618,0.004880096535054268,45.739147113704554,19.920266284437123,29.81363990341801,0.05837672498139657,8.739995224745826,0.5690214575820929,0.7363159255184729,0.4756983998739261,0.5690214575820929,0.0,0.4288813618082322,0.552891570890473,0.5005073516755524,2.3645966921120856,0.9833333333333333,1.2265482970341564,0.41323421408531624,2.0972358941217357,0.5938462766419618,0.004880096535054268,45.739147113704554,19.920266284437123,29.81363990341801,0.05837672498139657,0.0,0.5083333333333333,0.919,17.980102628286147,8.082575798243266,Wh,8.082575798243266,Wh
273,e3ae774f9d89e98f179985ba6af5d517,FBProphet,"{""holiday"": false, ""regression_type"": null, ""growth"": ""linear"", ""seasonality_mode"": ""multiplicative"", ""changepoint_prior_scale"": 0.001, ""n_changepoints"": 25, ""changepoint_range"": 0.8, ""changepoint_spacing"": null, ""changepoint_distance_end"": null, ""seasonality_prior_scale"": 10.0, ""yearly_seasonality_prior_scale"": null, ""yearly_seasonality_order"": 12, ""weekly_seasonality_prior_scale"": null, ""holidays_prior_scale"": 10.0, ""trend_phi"": 0.999}","{""fillna"": ""cubic"", ""transformations"": {""0"": ""bkfilter""}, ""transformation_params"": {""0"": {}}}",0,1,8.865998062100521,0.5771118490859076,0.748432900967026,0.4937770186323897,0.5771118490859076,0.0,-15.248232941119923,0.4423911641563285,54.00518894918899,0.5497894206807821,0.4871765773277863,0.0,0.5083333333333333,2.325005641651029,0.9833333333333333,1.2307438942897948,0.4240335192582451,2.192534893615924,0.8005791435848332,0.2521364405639952,38.75695600806907,13.693140597067062,20.92652138362089,0.049465377139077275,8.865998062100521,0.5771118490859076,0.748432900967026,0.4937770186323897,0.5771118490859076,0.0,0.4423911641563285,0.5497894206807821,0.4871765773277863,2.325005641651029,0.9833333333333333,1.2307438942897948,0.4240335192582451,2.192534893615924,0.8005791435848332,0.2521364405639952,38.75695600806907,13.693140597067062,20.92652138362089,0.049465377139077275,0.0,0.5083333333333333,0.6833,17.92769102617759,8.19749449189835,Wh,8.19749449189835,Wh
274,2cfe322bc2a0d92d0a012a4a74a1d5ee,FBProphet,"{""holiday"": true, ""regression_type"": null, ""growth"": ""linear"", ""seasonality_mode"": ""multiplicative"", ""changepoint_prior_scale"": 0.001, ""n_changepoints"": 50, ""changepoint_range"": 0.8, ""changepoint_spacing"": null, ""changepoint_distance_end"": null, ""seasonality_prior_scale"": 0.1, ""yearly_seasonality_prior_scale"": null, ""yearly_seasonality_order"": null, ""weekly_seasonality_prior_scale"": null, ""holidays_prior_scale"": 10.0, ""trend_phi"": 0.999}","{""fillna"": ""cubic"", ""transformations"": {""0"": ""bkfilter""}, ""transformation_params"": {""0"": {}}}",0,1,8.84140508633135,0.5754093201716174,0.745955871431324,0.49201966948772763,0.5754093201716174,0.0,-15.20202538054036,0.4413786681829807,53.84709304005372,0.5483072784610133,0.48585159109125103,0.0,0.5083333333333333,2.320087735246811,0.9833333333333333,1.2301428147487639,0.4226493888210329,2.1831309470413083,0.7955427610401441,0.24361475851984793,38.64506765951336,13.671599080117256,21.28054612669229,0.04932257440303102,8.84140508633135,0.5754093201716174,0.745955871431324,0.49201966948772763,0.5754093201716174,0.0,0.4413786681829807,0.5483072784610133,0.48585159109125103,2.320087735246811,0.9833333333333333,1.2301428147487639,0.4226493888210329,2.1831309470413083,0.7955427610401441,0.24361475851984793,38.64506765951336,13.671599080117256,21.28054612669229,0.04932257440303102,0.0,0.5083333333333333,0.8549,17.876804971243654,8.17331118770992,Wh,8.17331118770992,Wh
275,fbacea07e9e94eaca4d9510731420a39,FBProphet,"{""holiday"": true, ""regression_type"": null, ""growth"": ""linear"", ""seasonality_mode"": ""additive"", ""changepoint_prior_scale"": 0.05, ""n_changepoints"": 25, ""changepoint_range"": 0.8, ""changepoint_spacing"": null, ""changepoint_distance_end"": null, ""seasonality_prior_scale"": 0.1, ""yearly_seasonality_prior_scale"": null, ""yearly_seasonality_order"": 12, ""weekly_seasonality_prior_scale"": null, ""holidays_prior_scale"": 10.0, ""trend_phi"": 0.999}","{""fillna"": ""cubic"", ""transformations"": {""0"": ""bkfilter""}, ""transformation_params"": {""0"": {}}}",0,1,8.796486830029693,0.5726966111065234,0.7439403717019416,0.5030001821269183,0.5726966111065234,0.0,-16.890196556829384,0.4431508465098973,51.83339677595342,0.541762785110522,0.4843074514509902,0.0,0.5083333333333333,2.297726771307163,0.9833333333333333,1.2295454684801745,0.4210744900023491,2.1693081747619813,0.8008428689980291,0.28171259816865396,34.94320021912404,12.338244367853624,20.089552217893697,0.04459789300597794,8.796486830029693,0.5726966111065234,0.7439403717019416,0.5030001821269183,0.5726966111065234,0.0,0.4431508465098973,0.541762785110522,0.4843074514509902,2.297726771307163,0.9833333333333333,1.2295454684801745,0.4210744900023491,2.1693081747619813,0.8008428689980291,0.28171259816865396,34.94320021912404,12.338244367853624,20.089552217893697,0.04459789300597794,0.0,0.5083333333333333,0.9813,17.802977630224383,8.134778938451042,Wh,8.134778938451042,Wh
276,c5d460fd31ee5e536489bd921f41f81e,FBProphet,"{""holiday"": true, ""regression_type"": null, ""growth"": ""linear"", ""seasonality_mode"": ""additive"", ""changepoint_prior_scale"": 0.05, ""n_changepoints"": 25, ""changepoint_range"": 0.8, ""changepoint_spacing"": null, ""changepoint_distance_end"": null, ""seasonality_prior_scale"": 0.1, ""yearly_seasonality_prior_scale"": null, ""yearly_seasonality_order"": null, ""weekly_seasonality_prior_scale"": null, ""holidays_prior_scale"": 10.0, ""trend_phi"": 0.999}","{""fillna"": ""cubic"", ""transformations"": {""0"": ""bkfilter""}, ""transformation_params"": {""0"": {}}}",0,1,8.796486830029693,0.5726966111065234,0.7439403717019416,0.5030001821269183,0.5726966111065234,0.0,-16.890196556829384,0.4431508465098973,51.83339677595342,0.541762785110522,0.48430674000249546,0.0,0.5083333333333333,2.297726771307163,0.9833333333333333,1.2295454684801745,0.4210744900023491,2.1693081747619813,0.8008428689980291,0.28171259816865396,34.94320021912404,12.338244367853624,20.089552217893697,0.04459789300597794,8.796486830029693,0.5726966111065234,0.7439403717019416,0.5030001821269183,0.5726966111065234,0.0,0.4431508465098973,0.541762785110522,0.48430674000249546,2.297726771307163,0.9833333333333333,1.2295454684801745,0.4210744900023491,2.1693081747619813,0.8008428689980291,0.28171259816865396,34.94320021912404,12.338244367853624,20.089552217893697,0.04459789300597794,0.0,0.5083333333333333,0.9007,17.802967463127658,8.134778938451042,Wh,8.134778938451042,Wh
277,4adb19d67b2736fd3c6050f8d53a7e84,ARIMA,"{""p"": 4, ""d"": 2, ""q"": 7, ""regression_type"": ""Holiday""}","{""fillna"": ""cubic"", ""transformations"": {""0"": ""bkfilter"", ""1"": ""ChangepointDetrend"", ""2"": ""AnomalyRemoval""}, ""transformation_params"": {""0"": {}, ""1"": {""model"": ""ElasticNet"", ""changepoint_spacing"": 90, ""changepoint_distance_end"": 180, ""datepart_method"": null}, ""2"": {""method"": ""rolling_zscore"", ""method_params"": {""distribution"": ""uniform"", ""alpha"": 0.05, ""rolling_periods"": 200, ""center"": true}, ""fillna"": ""rolling_mean_24"", ""transform_dict"": {""fillna"": ""ffill"", ""transformations"": {""0"": ""cffilter"", ""1"": ""ConvolutionFilter""}, ""transformation_params"": {""0"": {}, ""1"": {""weight"": [1.0, 0.5, 0.3333333333333333]}}}, ""isolated_only"": false, ""on_inverse"": false}}}",0,1,10.346197100566036,0.6790577643716873,0.8549294130594609,0.5072484859141428,0.6790577643716873,0.0,-7.928849901274572,0.48801698384116615,73.5580818233279,0.6655118006217765,0.3504978999467161,0.95,0.525,2.4858059788317197,0.9666666666666667,1.272480806223426,0.5093277697044792,2.6412140404260196,0.6664754429053192,0.18698430561945656,65.62923192205332,25.345762793897524,22.563626974264768,0.08376237565448774,10.346197100566036,0.6790577643716873,0.8549294130594609,0.5072484859141428,0.6790577643716873,0.0,0.48801698384116615,0.6655118006217765,0.3504978999467161,2.4858059788317197,0.9666666666666667,1.272480806223426,0.5093277697044792,2.6412140404260196,0.6664754429053192,0.18698430561945656,65.62923192205332,25.345762793897524,22.563626974264768,0.08376237565448774,0.95,0.525,1.4506,17.786560240752923,9.645569211470283,Wh,9.645569211470283,Wh
278,f8cad7175f90e83df389edf682d0d0ff,FBProphet,"{""holiday"": false, ""regression_type"": null, ""growth"": ""linear"", ""seasonality_mode"": ""additive"", ""changepoint_prior_scale"": 0.05, ""n_changepoints"": 25, ""changepoint_range"": 0.8, ""changepoint_spacing"": null, ""changepoint_distance_end"": null, ""seasonality_prior_scale"": 10.0, ""yearly_seasonality_prior_scale"": null, ""yearly_seasonality_order"": 12, ""weekly_seasonality_prior_scale"": null, ""holidays_prior_scale"": 0.1, ""trend_phi"": null}","{""fillna"": ""ffill"", ""transformations"": {""0"": ""RollingMeanTransformer"", ""1"": ""AlignLastValue"", ""2"": ""ChangepointDetrend""}, ""transformation_params"": {""0"": {""fixed"": true, ""window"": 7, ""macro_micro"": false, ""center"": false, ""mean_type"": ""arithmetic""}, ""1"": {""rows"": 1, ""lag"": 7, ""method"": ""additive"", ""strength"": 1.0, ""first_value_only"": false, ""threshold"": 10, ""threshold_method"": ""mean"", ""mean_type"": ""arithmetic""}, ""2"": {""model"": ""Linear"", ""changepoint_spacing"": 6, ""changepoint_distance_end"": 5040, ""datepart_method"": ""recurring""}}}",0,1,11.05091976773003,0.7304700088608568,0.9219085026890167,0.5006233240413558,0.7304700088608568,0.0,-5.3494495464176035,0.5065419342904031,82.3069515168852,0.7222677409870142,0.2807811367465063,0.875,0.4583333333333333,2.501869266670316,0.9833333333333333,1.2813183175998457,0.5556871850352527,2.8299037673375107,0.8055740983926525,0.2179644702786551,76.9575019704676,30.83332185815503,23.28282964540204,0.09822060994310064,11.05091976773003,0.7304700088608568,0.9219085026890167,0.5006233240413558,0.7304700088608568,0.0,0.5065419342904031,0.7222677409870142,0.2807811367465063,2.501869266670316,0.9833333333333333,1.2813183175998457,0.5556871850352527,2.8299037673375107,0.8055740983926525,0.2179644702786551,76.9575019704676,30.83332185815503,23.28282964540204,0.09822060994310064,0.875,0.4583333333333333,1.019,17.716403255819618,10.375846352172971,Wh,10.375846352172971,Wh
279,917e8829ee527c1578fdebdd8f5244dc,ARIMA,"{""p"": 0, ""d"": 2, ""q"": 2, ""regression_type"": null}","{""fillna"": ""cubic"", ""transformations"": {""0"": ""bkfilter"", ""1"": ""AlignLastValue"", ""2"": ""QuantileTransformer""}, ""transformation_params"": {""0"": {}, ""1"": {""rows"": 1, ""lag"": 7, ""method"": ""additive"", ""strength"": 1.0, ""first_value_only"": false, ""threshold"": 10, ""threshold_method"": ""mean"", ""mean_type"": ""arithmetic""}, ""2"": {""output_distribution"": ""uniform"", ""n_quantiles"": 27}}}",0,1,9.598421217892183,0.6273691827820491,0.7874927444273052,0.47789443902852635,0.6273691827820491,0.0,-10.278720282890715,0.464798930598239,65.00558165095516,0.6111088037563571,0.4106972687271325,1.0,0.5083333333333333,2.480096900961832,0.9833333333333333,1.2466801963347711,0.47347655979048653,2.364208059508285,0.9013411660415791,0.005511944462400089,54.72686136806446,20.575930524667342,29.883713743570546,0.06984771550804199,9.598421217892183,0.6273691827820491,0.7874927444273052,0.47789443902852635,0.6273691827820491,0.0,0.464798930598239,0.6111088037563571,0.4106972687271325,2.480096900961832,0.9833333333333333,1.2466801963347711,0.47347655979048653,2.364208059508285,0.9013411660415791,0.005511944462400089,54.72686136806446,20.575930524667342,29.883713743570546,0.06984771550804199,1.0,0.5083333333333333,0.1482,17.689118354233464,8.911366883886423,Wh,8.911366883886423,Wh
280,4088f56083e5db200956c2d4c42a633c,Ensemble,"{""model_name"": ""BestN"", ""model_count"": 3, ""model_metric"": ""bestn_horizontal"", ""models"": {""5bb9f16e5f9c93ddad63947a240ff284"": {""Model"": ""FBProphet"", ""ModelParameters"": ""{\""holiday\"": false, \""regression_type\"": null, \""growth\"": \""linear\"", \""seasonality_mode\"": \""additive\"", \""changepoint_prior_scale\"": 0.05, \""n_changepoints\"": 25, \""changepoint_range\"": 360, \""changepoint_spacing\"": null, \""changepoint_distance_end\"": null, \""seasonality_prior_scale\"": 10.0, \""yearly_seasonality_prior_scale\"": null, \""yearly_seasonality_order\"": null, \""weekly_seasonality_prior_scale\"": null, \""holidays_prior_scale\"": 10.0, \""trend_phi\"": null}"", ""TransformationParameters"": ""{\""fillna\"": \""rolling_mean\"", \""transformations\"": {\""0\"": \""StandardScaler\"", \""1\"": \""bkfilter\"", \""2\"": \""HPFilter\""}, \""transformation_params\"": {\""0\"": {}, \""1\"": {}, \""2\"": {\""part\"": \""trend\"", \""lamb\"": 6.25}}}""}, ""290072eada53189c757f67ac7b1cfea9"": {""Model"": ""ARIMA"", ""ModelParameters"": ""{\""p\"": 0, \""d\"": 0, \""q\"": 2, \""regression_type\"": \""Holiday\""}"", ""TransformationParameters"": ""{\""fillna\"": \""mean\"", \""transformations\"": {\""0\"": \""AnomalyRemoval\"", \""1\"": \""ChangepointDetrend\"", \""2\"": \""ClipOutliers\""}, \""transformation_params\"": {\""0\"": {\""method\"": \""zscore\"", \""method_params\"": {\""distribution\"": \""chi2\"", \""alpha\"": 0.05}, \""fillna\"": \""ffill\"", \""transform_dict\"": null, \""isolated_only\"": false, \""on_inverse\"": false}, \""1\"": {\""model\"": \""ElasticNet\"", \""changepoint_spacing\"": 90, \""changepoint_distance_end\"": 180, \""datepart_method\"": null}, \""2\"": {\""method\"": \""clip\"", \""std_threshold\"": 2, \""fillna\"": null}}}""}, ""391cc75f9a7d750778405fc3cfcecb92"": {""Model"": ""RollingRegression"", ""ModelParameters"": ""{\""regression_model\"": {\""model\"": \""DecisionTree\"", \""model_params\"": {\""max_depth\"": null, \""min_samples_split\"": 0.05}}, \""holiday\"": false, \""mean_rolling_periods\"": null, \""macd_periods\"": null, \""std_rolling_periods\"": null, \""max_rolling_periods\"": 420, \""min_rolling_periods\"": 168, \""ewm_var_alpha\"": null, \""quantile90_rolling_periods\"": null, \""quantile10_rolling_periods\"": null, \""ewm_alpha\"": null, \""additional_lag_periods\"": 6, \""abs_energy\"": false, \""rolling_autocorr_periods\"": null, \""nonzero_last_n\"": null, \""add_date_part\"": \""expanded\"", \""polynomial_degree\"": null, \""x_transform\"": null, \""regression_type\"": null}"", ""TransformationParameters"": ""{\""fillna\"": \""mean\"", \""transformations\"": {\""0\"": \""STLFilter\"", \""1\"": \""RobustScaler\"", \""2\"": \""MaxAbsScaler\"", \""3\"": \""SeasonalDifference\"", \""4\"": \""AlignLastValue\""}, \""transformation_params\"": {\""0\"": {\""decomp_type\"": \""seasonal_decompose\"", \""part\"": \""trend\""}, \""1\"": {}, \""2\"": {}, \""3\"": {\""lag_1\"": 7, \""method\"": \""LastValue\""}, \""4\"": {\""rows\"": 1, \""lag\"": 2, \""method\"": \""additive\"", \""strength\"": 0.7, \""first_value_only\"": false, \""threshold\"": null, \""threshold_method\"": \""mean\"", \""mean_type\"": \""arithmetic\""}}}""}}, ""model_weights"": {""5bb9f16e5f9c93ddad63947a240ff284"": 4.0, ""290072eada53189c757f67ac7b1cfea9"": 3.0, ""391cc75f9a7d750778405fc3cfcecb92"": 2.0}, ""point_method"": ""mean""}","{""fillna"": ""zero"", ""transformations"": {""0"": ""AnomalyRemoval"", ""1"": ""EWMAFilter"", ""2"": ""AlignLastValue""}, ""transformation_params"": {""0"": {""method"": ""med_diff"", ""method_params"": {""distribution"": ""norm"", ""alpha"": 0.05}, ""fillna"": ""rolling_mean_24"", ""transform_dict"": {""fillna"": null, ""transformations"": {""0"": ""EWMAFilter""}, ""transformation_params"": {""0"": {""span"": 7}}}, ""isolated_only"": false, ""on_inverse"": false}, ""1"": {""span"": 7}, ""2"": {""rows"": 1, ""lag"": 1, ""method"": ""multiplicative"", ""strength"": 1.0, ""first_value_only"": false, ""threshold"": 1, ""threshold_method"": ""max""}}}",1,1,11.130480950408083,0.7326970266600582,0.9075690882510613,0.478262996756427,0.7326970266600582,0.0,-5.863273775844787,0.5140535600689873,82.06036942336219,0.7237479298562626,0.27803897239212555,0.7416666666666667,0.4666666666666667,2.5363090040624137,0.9833333333333333,1.2819856899220208,0.5636151768305068,2.985316659746127,0.8387677490352443,0.060860830189981514,76.1970956475174,28.83995364798478,28.363090639733706,0.09725010582157366,11.130480950408083,0.7326970266600582,0.9075690882510613,0.478262996756427,0.7326970266600582,0.0,0.5140535600689873,0.7237479298562626,0.27803897239212555,2.5363090040624137,0.9833333333333333,1.2819856899220208,0.5636151768305068,2.985316659746127,0.8387677490352443,0.060860830189981514,76.1970956475174,28.83995364798478,28.363090639733706,0.09725010582157366,0.7416666666666667,0.4666666666666667,3.4316,17.68575932653399,10.407479676235246,Wh,10.407479676235246,Wh
281,a5011ac9e6732f42c9dc1acd56af4863,ARIMA,"{""p"": 4, ""d"": 0, ""q"": 12, ""regression_type"": null}","{""fillna"": ""cubic"", ""transformations"": {""0"": ""bkfilter""}, ""transformation_params"": {""0"": {}}}",0,1,10.590769857934296,0.6965941450199246,0.869786801321007,0.5555033156157128,0.6965941450199246,0.0,-10.156328419138305,0.5049307759754051,73.43496898325266,0.6774476898961256,0.31718812678696445,0.9416666666666667,0.48333333333333334,2.280640278310056,0.9666666666666667,1.2833082177137767,0.524797567881987,2.7548370440041254,0.7611854419988585,0.4078779642521413,63.278640564114355,22.916360058285086,13.847840223511657,0.08076232353491213,10.590769857934296,0.6965941450199246,0.869786801321007,0.5555033156157128,0.6965941450199246,0.0,0.5049307759754051,0.6774476898961256,0.31718812678696445,2.280640278310056,0.9666666666666667,1.2833082177137767,0.524797567881987,2.7548370440041254,0.7611854419988585,0.4078779642521413,63.278640564114355,22.916360058285086,13.847840223511657,0.08076232353491213,0.9416666666666667,0.48333333333333334,7.0162,17.59305232905992,9.894661972257383,Wh,9.894661972257383,Wh
282,224c96445979a351919e43c459af3009,FBProphet,"{""holiday"": false, ""regression_type"": null, ""growth"": ""linear"", ""seasonality_mode"": ""multiplicative"", ""changepoint_prior_scale"": 0.001, ""n_changepoints"": 50, ""changepoint_range"": 0.85, ""changepoint_spacing"": null, ""changepoint_distance_end"": null, ""seasonality_prior_scale"": 10.0, ""yearly_seasonality_prior_scale"": null, ""yearly_seasonality_order"": null, ""weekly_seasonality_prior_scale"": null, ""holidays_prior_scale"": 10.0, ""trend_phi"": 0.999}","{""fillna"": ""cubic"", ""transformations"": {""0"": ""bkfilter"", ""1"": ""AlignLastValue""}, ""transformation_params"": {""0"": {}, ""1"": {""rows"": 1, ""lag"": 7, ""method"": ""additive"", ""strength"": 1.0, ""first_value_only"": false, ""threshold"": 10, ""threshold_method"": ""mean"", ""mean_type"": ""arithmetic""}}}",0,1,8.694898443926737,0.5656104402195923,0.731358034062686,0.4940568877137093,0.5656104402195923,0.0,-17.061995999647056,0.44042809877480377,50.811256826704025,0.5347316733698118,0.47876798340147786,0.0,0.5083333333333333,2.2831647188943602,0.9833333333333333,1.2270716339885122,0.4170015628837241,2.127427469410906,0.8295020654132226,0.2523010288462503,33.74926082705697,11.53691359590614,20.895381113454633,0.04307407203568548,8.694898443926737,0.5656104402195923,0.731358034062686,0.4940568877137093,0.5656104402195923,0.0,0.44042809877480377,0.5347316733698118,0.47876798340147786,2.2831647188943602,0.9833333333333333,1.2270716339885122,0.4170015628837241,2.127427469410906,0.8295020654132226,0.2523010288462503,33.74926082705697,11.53691359590614,20.895381113454633,0.04307407203568548,0.0,0.5083333333333333,1.3797,17.58150743728469,8.034124538604155,Wh,8.034124538604155,Wh
283,d6802a81343443935111c888d167a5b1,FBProphet,"{""holiday"": true, ""regression_type"": null, ""growth"": ""linear"", ""seasonality_mode"": ""additive"", ""changepoint_prior_scale"": 0.05, ""n_changepoints"": 25, ""changepoint_range"": 0.8, ""changepoint_spacing"": null, ""changepoint_distance_end"": null, ""seasonality_prior_scale"": 0.1, ""yearly_seasonality_prior_scale"": null, ""yearly_seasonality_order"": 12, ""weekly_seasonality_prior_scale"": null, ""holidays_prior_scale"": 10.0, ""trend_phi"": 0.999}","{""fillna"": ""cubic"", ""transformations"": {""0"": ""bkfilter"", ""1"": ""AlignLastValue""}, ""transformation_params"": {""0"": {}, ""1"": {""rows"": 1, ""lag"": 7, ""method"": ""additive"", ""strength"": 1.0, ""first_value_only"": false, ""threshold"": 10, ""threshold_method"": ""mean"", ""mean_type"": ""arithmetic""}}}",0,1,8.667350484956103,0.5639580162383756,0.7301187910197502,0.5032681435063213,0.5639580162383756,0.0,-18.6088555978585,0.4426129176481094,49.066106350746566,0.5295558003567966,0.47828686384147945,0.0,0.5083333333333333,2.26034385908853,0.9833333333333333,1.2268174651892547,0.41629407652131517,2.119665256633694,0.8299476106662097,0.28194958732822606,30.45725075288806,10.402886840473531,20.058468697882933,0.03887249026464794,8.667350484956103,0.5639580162383756,0.7301187910197502,0.5032681435063213,0.5639580162383756,0.0,0.4426129176481094,0.5295558003567966,0.47828686384147945,2.26034385908853,0.9833333333333333,1.2268174651892547,0.41629407652131517,2.119665256633694,0.8299476106662097,0.28194958732822606,30.45725075288806,10.402886840473531,20.058468697882933,0.03887249026464794,0.0,0.5083333333333333,1.0421,17.54208511899377,8.010652942057039,Wh,8.010652942057039,Wh
284,f73681c9c25198284c3434a4d3cab2f0,FBProphet,"{""holiday"": true, ""regression_type"": null, ""growth"": ""linear"", ""seasonality_mode"": ""additive"", ""changepoint_prior_scale"": 0.05, ""n_changepoints"": 25, ""changepoint_range"": 0.8, ""changepoint_spacing"": null, ""changepoint_distance_end"": null, ""seasonality_prior_scale"": 0.1, ""yearly_seasonality_prior_scale"": null, ""yearly_seasonality_order"": 2, ""weekly_seasonality_prior_scale"": null, ""holidays_prior_scale"": 10.0, ""trend_phi"": 0.999}","{""fillna"": ""cubic"", ""transformations"": {""0"": ""bkfilter"", ""1"": ""AlignLastValue""}, ""transformation_params"": {""0"": {}, ""1"": {""rows"": 1, ""lag"": 7, ""method"": ""additive"", ""strength"": 1.0, ""first_value_only"": false, ""threshold"": 10, ""threshold_method"": ""mean"", ""mean_type"": ""arithmetic""}}}",0,1,8.667350484956103,0.5639580162383756,0.7301187910197502,0.5032681435063213,0.5639580162383756,0.0,-18.6088555978585,0.4426129176481094,49.066106350746566,0.5295558003567966,0.47828597042562904,0.0,0.5083333333333333,2.26034385908853,0.9833333333333333,1.2268174651892547,0.41629407652131517,2.119665256633694,0.8299476106662097,0.28194958732822606,30.45725075288806,10.402886840473531,20.058468697882933,0.03887249026464794,8.667350484956103,0.5639580162383756,0.7301187910197502,0.5032681435063213,0.5639580162383756,0.0,0.4426129176481094,0.5295558003567966,0.47828597042562904,2.26034385908853,0.9833333333333333,1.2268174651892547,0.41629407652131517,2.119665256633694,0.8299476106662097,0.28194958732822606,30.45725075288806,10.402886840473531,20.058468697882933,0.03887249026464794,0.0,0.5083333333333333,0.8865,17.542072351456227,8.010652942057039,Wh,8.010652942057039,Wh
285,c5cce3ecfc53bd0ff95eeeee1e5d8570,Ensemble,"{""model_name"": ""BestN"", ""model_count"": 5, ""model_metric"": ""mixed_metric"", ""models"": {""ca2e0fcc7b23d74ee347d493f6ff4379"": {""Model"": ""ARIMA"", ""ModelParameters"": ""{\""p\"": 0, \""d\"": 2, \""q\"": 2, \""regression_type\"": null}"", ""TransformationParameters"": ""{\""fillna\"": \""cubic\"", \""transformations\"": {\""0\"": \""AlignLastValue\"", \""1\"": \""AlignLastValue\""}, \""transformation_params\"": {\""0\"": {\""rows\"": 84, \""lag\"": 1, \""method\"": \""additive\"", \""strength\"": 0.5, \""first_value_only\"": false, \""threshold\"": 10, \""threshold_method\"": \""max\"", \""mean_type\"": \""arithmetic\""}, \""1\"": {\""rows\"": 1, \""lag\"": 7, \""method\"": \""additive\"", \""strength\"": 1.0, \""first_value_only\"": false, \""threshold\"": 10, \""threshold_method\"": \""mean\"", \""mean_type\"": \""arithmetic\""}}}""}, ""216178f098ef6698659d5bd14449f8af"": {""Model"": ""ARIMA"", ""ModelParameters"": ""{\""p\"": 4, \""d\"": 2, \""q\"": 4, \""regression_type\"": null}"", ""TransformationParameters"": ""{\""fillna\"": \""cubic\"", \""transformations\"": {\""0\"": \""bkfilter\"", \""1\"": \""AlignLastValue\""}, \""transformation_params\"": {\""0\"": {}, \""1\"": {\""rows\"": 1, \""lag\"": 7, \""method\"": \""additive\"", \""strength\"": 1.0, \""first_value_only\"": false, \""threshold\"": 10, \""threshold_method\"": \""mean\"", \""mean_type\"": \""arithmetic\""}}}""}, ""5c9aafe0ed22a0009a0c5786b4223a8f"": {""Model"": ""FBProphet"", ""ModelParameters"": ""{\""holiday\"": false, \""regression_type\"": null, \""growth\"": \""linear\"", \""seasonality_mode\"": \""additive\"", \""changepoint_prior_scale\"": 0.05, \""n_changepoints\"": 25, \""changepoint_range\"": 0.8, \""changepoint_spacing\"": null, \""changepoint_distance_end\"": null, \""seasonality_prior_scale\"": 10.0, \""yearly_seasonality_prior_scale\"": null, \""yearly_seasonality_order\"": null, \""weekly_seasonality_prior_scale\"": 0.0001, \""holidays_prior_scale\"": 10.0, \""trend_phi\"": null}"", ""TransformationParameters"": ""{\""fillna\"": \""mean\"", \""transformations\"": {\""0\"": \""StandardScaler\"", \""1\"": \""bkfilter\"", \""2\"": \""HPFilter\""}, \""transformation_params\"": {\""0\"": {}, \""1\"": {}, \""2\"": {\""part\"": \""trend\"", \""lamb\"": 6.25}}}""}, ""5bb9f16e5f9c93ddad63947a240ff284"": {""Model"": ""FBProphet"", ""ModelParameters"": ""{\""holiday\"": false, \""regression_type\"": null, \""growth\"": \""linear\"", \""seasonality_mode\"": \""additive\"", \""changepoint_prior_scale\"": 0.05, \""n_changepoints\"": 25, \""changepoint_range\"": 360, \""changepoint_spacing\"": null, \""changepoint_distance_end\"": null, \""seasonality_prior_scale\"": 10.0, \""yearly_seasonality_prior_scale\"": null, \""yearly_seasonality_order\"": null, \""weekly_seasonality_prior_scale\"": null, \""holidays_prior_scale\"": 10.0, \""trend_phi\"": null}"", ""TransformationParameters"": ""{\""fillna\"": \""rolling_mean\"", \""transformations\"": {\""0\"": \""StandardScaler\"", \""1\"": \""bkfilter\"", \""2\"": \""HPFilter\""}, \""transformation_params\"": {\""0\"": {}, \""1\"": {}, \""2\"": {\""part\"": \""trend\"", \""lamb\"": 6.25}}}""}, ""90456766456292561f52d10770c88398"": {""Model"": ""FBProphet"", ""ModelParameters"": ""{\""holiday\"": false, \""regression_type\"": null, \""growth\"": \""linear\"", \""seasonality_mode\"": \""multiplicative\"", \""changepoint_prior_scale\"": 0.05, \""n_changepoints\"": 25, \""changepoint_range\"": 0.8, \""changepoint_spacing\"": null, \""changepoint_distance_end\"": null, \""seasonality_prior_scale\"": 10.0, \""yearly_seasonality_prior_scale\"": null, \""yearly_seasonality_order\"": null, \""weekly_seasonality_prior_scale\"": null, \""holidays_prior_scale\"": 0.1, \""trend_phi\"": null}"", ""TransformationParameters"": ""{\""fillna\"": \""linear\"", \""transformations\"": {\""0\"": \""UpscaleDownscaleTransformer\"", \""1\"": \""AlignLastValue\"", \""2\"": \""HPFilter\"", \""3\"": \""Discretize\"", \""4\"": \""ClipOutliers\"", \""5\"": \""Slice\""}, \""transformation_params\"": {\""0\"": {\""mode\"": \""downscale\"", \""factor\"": 1, \""down_method\"": \""decimate\"", \""fill_method\"": \""pchip\""}, \""1\"": {\""rows\"": 1, \""lag\"": 1, \""method\"": \""additive\"", \""strength\"": 1.0, \""first_value_only\"": false, \""threshold\"": null, \""threshold_method\"": \""max\"", \""mean_type\"": \""arithmetic\""}, \""2\"": {\""part\"": \""trend\"", \""lamb\"": 6.25}, \""3\"": {\""discretization\"": \""center\"", \""n_bins\"": 5}, \""4\"": {\""method\"": \""clip\"", \""std_threshold\"": 5, \""fillna\"": null}, \""5\"": {\""method\"": 0.5}}}""}}, ""point_method"": ""median"", ""model_weights"": {}}","{""fillna"": ""fake_date"", ""transformations"": {""0"": ""AlignLastValue"", ""1"": ""AlignLastValue""}, ""transformation_params"": {""0"": {""rows"": 4, ""lag"": 28, ""method"": ""additive"", ""strength"": 0.2, ""first_value_only"": false, ""threshold"": 1, ""threshold_method"": ""max""}, ""1"": {""rows"": 1, ""lag"": 1, ""method"": ""additive"", ""strength"": 1.0, ""first_value_only"": false, ""threshold"": 1, ""threshold_method"": ""mean""}}}",1,1,10.314872143189803,0.6804611726654938,0.8727896803458292,0.47680634581736214,0.6804611726654938,0.0,-4.997348230637814,0.4777315461879266,76.65799248922143,0.6739927151143535,0.32850014394475924,0.8583333333333333,0.4583333333333333,2.600728872542338,0.9833333333333333,1.2639253068954366,0.5058790160855291,2.4946168340132857,0.6677198951388057,0.025846202498867082,71.66064425858363,32.15415894021168,28.944460395017305,0.09146024764024535,10.314872143189803,0.6804611726654938,0.8727896803458292,0.47680634581736214,0.6804611726654938,0.0,0.4777315461879266,0.6739927151143535,0.32850014394475924,2.600728872542338,0.9833333333333333,1.2639253068954366,0.5058790160855291,2.4946168340132857,0.6677198951388057,0.025846202498867082,71.66064425858363,32.15415894021168,28.944460395017305,0.09146024764024535,0.8583333333333333,0.4583333333333333,2.5082,17.53511183482311,9.665503703850892,Wh,9.665503703850892,Wh
286,2da871d1d16a4da21d70b8e47587edb8,DatepartRegression,"{""regression_model"": {""model"": ""RandomForest"", ""model_params"": {""n_estimators"": 100, ""min_samples_leaf"": 2, ""bootstrap"": true}}, ""datepart_method"": ""expanded"", ""polynomial_degree"": null, ""holiday_countries_used"": false, ""lags"": null, ""forward_lags"": null, ""regression_type"": null}","{""fillna"": ""ffill_mean_biased"", ""transformations"": {""0"": ""AlignLastValue"", ""1"": ""Detrend"", ""2"": ""RobustScaler""}, ""transformation_params"": {""0"": {""rows"": 7, ""lag"": 2, ""method"": ""additive"", ""strength"": 1.0, ""first_value_only"": true, ""threshold"": null, ""threshold_method"": ""max"", ""mean_type"": ""arithmetic""}, ""1"": {""model"": ""Linear"", ""phi"": 1, ""window"": null}, ""2"": {}}}",0,1,9.812606438218031,0.6414389272084653,0.8046947834549166,0.5428586039966855,0.6414389272084653,0.0,-22.74265732599158,0.502229820409033,54.230013939024246,0.5944522137939158,0.3759314192872675,0.9833333333333333,0.45,2.2189300351424572,0.9833333333333333,1.2550615995414798,0.48530470469679915,2.543526190225545,2.2471337367234376,0.3547305268422428,31.487356613032663,7.70625857353819,17.22147667579966,0.040187211029989206,9.812606438218031,0.6414389272084653,0.8046947834549166,0.5428586039966855,0.6414389272084653,0.0,0.502229820409033,0.5944522137939158,0.3759314192872675,2.2189300351424572,0.9833333333333333,1.2550615995414798,0.48530470469679915,2.543526190225545,2.2471337367234376,0.3547305268422428,31.487356613032663,7.70625857353819,17.22147667579966,0.040187211029989206,0.9833333333333333,0.45,0.4126,17.414463898886666,9.111218355694959,Wh,9.111218355694959,Wh
287,92aae5348cca1e04a81bb0757774061f,Ensemble,"{""model_name"": ""BestN"", ""model_count"": 3, ""model_metric"": ""mixed_metric"", ""models"": {""ca2e0fcc7b23d74ee347d493f6ff4379"": {""Model"": ""ARIMA"", ""ModelParameters"": ""{\""p\"": 0, \""d\"": 2, \""q\"": 2, \""regression_type\"": null}"", ""TransformationParameters"": ""{\""fillna\"": \""cubic\"", \""transformations\"": {\""0\"": \""AlignLastValue\"", \""1\"": \""AlignLastValue\""}, \""transformation_params\"": {\""0\"": {\""rows\"": 84, \""lag\"": 1, \""method\"": \""additive\"", \""strength\"": 0.5, \""first_value_only\"": false, \""threshold\"": 10, \""threshold_method\"": \""max\"", \""mean_type\"": \""arithmetic\""}, \""1\"": {\""rows\"": 1, \""lag\"": 7, \""method\"": \""additive\"", \""strength\"": 1.0, \""first_value_only\"": false, \""threshold\"": 10, \""threshold_method\"": \""mean\"", \""mean_type\"": \""arithmetic\""}}}""}, ""216178f098ef6698659d5bd14449f8af"": {""Model"": ""ARIMA"", ""ModelParameters"": ""{\""p\"": 4, \""d\"": 2, \""q\"": 4, \""regression_type\"": null}"", ""TransformationParameters"": ""{\""fillna\"": \""cubic\"", \""transformations\"": {\""0\"": \""bkfilter\"", \""1\"": \""AlignLastValue\""}, \""transformation_params\"": {\""0\"": {}, \""1\"": {\""rows\"": 1, \""lag\"": 7, \""method\"": \""additive\"", \""strength\"": 1.0, \""first_value_only\"": false, \""threshold\"": 10, \""threshold_method\"": \""mean\"", \""mean_type\"": \""arithmetic\""}}}""}, ""5c9aafe0ed22a0009a0c5786b4223a8f"": {""Model"": ""FBProphet"", ""ModelParameters"": ""{\""holiday\"": false, \""regression_type\"": null, \""growth\"": \""linear\"", \""seasonality_mode\"": \""additive\"", \""changepoint_prior_scale\"": 0.05, \""n_changepoints\"": 25, \""changepoint_range\"": 0.8, \""changepoint_spacing\"": null, \""changepoint_distance_end\"": null, \""seasonality_prior_scale\"": 10.0, \""yearly_seasonality_prior_scale\"": null, \""yearly_seasonality_order\"": null, \""weekly_seasonality_prior_scale\"": 0.0001, \""holidays_prior_scale\"": 10.0, \""trend_phi\"": null}"", ""TransformationParameters"": ""{\""fillna\"": \""mean\"", \""transformations\"": {\""0\"": \""StandardScaler\"", \""1\"": \""bkfilter\"", \""2\"": \""HPFilter\""}, \""transformation_params\"": {\""0\"": {}, \""1\"": {}, \""2\"": {\""part\"": \""trend\"", \""lamb\"": 6.25}}}""}}, ""model_weights"": {}, ""point_method"": ""mean""}",{},1,1,7.643335863849128,0.4953080693078791,0.6340335698474793,0.4790138884781937,0.4953080693078791,0.0,-24.827671979867254,0.4171529883671461,34.60929633707824,0.4500108602218609,0.5551443895528263,0.9916666666666667,0.4583333333333333,2.03932297617932,0.9833333333333333,1.2029404433474387,0.36836756458300024,1.8113488651164167,0.7146477280319425,0.03166232832698781,9.781624357210987,4.463545253677154,28.576669448467655,0.012484255413698886,7.643335863849128,0.4953080693078791,0.6340335698474793,0.4790138884781937,0.4953080693078791,0.0,0.4171529883671461,0.4500108602218609,0.5551443895528263,2.03932297617932,0.9833333333333333,1.2029404433474387,0.36836756458300024,1.8113488651164167,0.7146477280319425,0.03166232832698781,9.781624357210987,4.463545253677154,28.576669448467655,0.012484255413698886,0.9916666666666667,0.4583333333333333,1.3776,17.33037055789754,7.035525568181048,Wh,7.035525568181048,Wh
288,b5d5f0ad60bf8fe18d806b25736b9e08,Ensemble,"{""model_name"": ""BestN"", ""model_count"": 3, ""model_metric"": ""mixed_metric"", ""models"": {""ca2e0fcc7b23d74ee347d493f6ff4379"": {""Model"": ""ARIMA"", ""ModelParameters"": ""{\""p\"": 0, \""d\"": 2, \""q\"": 2, \""regression_type\"": null}"", ""TransformationParameters"": ""{\""fillna\"": \""cubic\"", \""transformations\"": {\""0\"": \""AlignLastValue\"", \""1\"": \""AlignLastValue\""}, \""transformation_params\"": {\""0\"": {\""rows\"": 84, \""lag\"": 1, \""method\"": \""additive\"", \""strength\"": 0.5, \""first_value_only\"": false, \""threshold\"": 10, \""threshold_method\"": \""max\"", \""mean_type\"": \""arithmetic\""}, \""1\"": {\""rows\"": 1, \""lag\"": 7, \""method\"": \""additive\"", \""strength\"": 1.0, \""first_value_only\"": false, \""threshold\"": 10, \""threshold_method\"": \""mean\"", \""mean_type\"": \""arithmetic\""}}}""}, ""216178f098ef6698659d5bd14449f8af"": {""Model"": ""ARIMA"", ""ModelParameters"": ""{\""p\"": 4, \""d\"": 2, \""q\"": 4, \""regression_type\"": null}"", ""TransformationParameters"": ""{\""fillna\"": \""cubic\"", \""transformations\"": {\""0\"": \""bkfilter\"", \""1\"": \""AlignLastValue\""}, \""transformation_params\"": {\""0\"": {}, \""1\"": {\""rows\"": 1, \""lag\"": 7, \""method\"": \""additive\"", \""strength\"": 1.0, \""first_value_only\"": false, \""threshold\"": 10, \""threshold_method\"": \""mean\"", \""mean_type\"": \""arithmetic\""}}}""}, ""5c9aafe0ed22a0009a0c5786b4223a8f"": {""Model"": ""FBProphet"", ""ModelParameters"": ""{\""holiday\"": false, \""regression_type\"": null, \""growth\"": \""linear\"", \""seasonality_mode\"": \""additive\"", \""changepoint_prior_scale\"": 0.05, \""n_changepoints\"": 25, \""changepoint_range\"": 0.8, \""changepoint_spacing\"": null, \""changepoint_distance_end\"": null, \""seasonality_prior_scale\"": 10.0, \""yearly_seasonality_prior_scale\"": null, \""yearly_seasonality_order\"": null, \""weekly_seasonality_prior_scale\"": 0.0001, \""holidays_prior_scale\"": 10.0, \""trend_phi\"": null}"", ""TransformationParameters"": ""{\""fillna\"": \""mean\"", \""transformations\"": {\""0\"": \""StandardScaler\"", \""1\"": \""bkfilter\"", \""2\"": \""HPFilter\""}, \""transformation_params\"": {\""0\"": {}, \""1\"": {}, \""2\"": {\""part\"": \""trend\"", \""lamb\"": 6.25}}}""}}, ""model_weights"": {}, ""point_method"": ""mean""}","{""fillna"": ""fake_date"", ""transformations"": {""0"": ""AlignLastValue"", ""1"": ""AlignLastValue""}, ""transformation_params"": {""0"": {""rows"": 1, ""lag"": 1, ""method"": ""multiplicative"", ""strength"": 1.0, ""first_value_only"": false, ""threshold"": null, ""threshold_method"": ""mean""}, ""1"": {""rows"": 1, ""lag"": 1, ""method"": ""multiplicative"", ""strength"": 1.0, ""first_value_only"": true, ""threshold"": 10, ""threshold_method"": ""max""}}}",1,1,7.58676443279648,0.49092533284783607,0.6320846172897783,0.47540338095640483,0.49092533284783607,0.0,-24.283193685533668,0.41276883564672207,34.62784625620666,0.44654305804997557,0.5553075112004748,0.9916666666666667,0.4583333333333333,2.03932297617932,0.975,1.2042978719723243,0.3632114040417731,1.8069661286563734,0.40900200240879414,0.039458017979840485,10.344652570672988,4.864278398192978,28.57289958452386,0.013202846494820954,7.58676443279648,0.49092533284783607,0.6320846172897783,0.47540338095640483,0.49092533284783607,0.0,0.41276883564672207,0.44654305804997557,0.5553075112004748,2.03932297617932,0.975,1.2042978719723243,0.3632114040417731,1.8069661286563734,0.40900200240879414,0.039458017979840485,10.344652570672988,4.864278398192978,28.57289958452386,0.013202846494820954,0.9916666666666667,0.4583333333333333,1.3876,17.270745926017728,6.973271677453365,Wh,6.973271677453365,Wh
289,96e2a4b917073b7c333e27bf8d180a7d,Ensemble,"{""model_name"": ""BestN"", ""model_count"": 3, ""model_metric"": ""mixed_metric"", ""models"": {""ca2e0fcc7b23d74ee347d493f6ff4379"": {""Model"": ""ARIMA"", ""ModelParameters"": ""{\""p\"": 0, \""d\"": 2, \""q\"": 2, \""regression_type\"": null}"", ""TransformationParameters"": ""{\""fillna\"": \""cubic\"", \""transformations\"": {\""0\"": \""AlignLastValue\"", \""1\"": \""AlignLastValue\""}, \""transformation_params\"": {\""0\"": {\""rows\"": 84, \""lag\"": 1, \""method\"": \""additive\"", \""strength\"": 0.5, \""first_value_only\"": false, \""threshold\"": 10, \""threshold_method\"": \""max\"", \""mean_type\"": \""arithmetic\""}, \""1\"": {\""rows\"": 1, \""lag\"": 7, \""method\"": \""additive\"", \""strength\"": 1.0, \""first_value_only\"": false, \""threshold\"": 10, \""threshold_method\"": \""mean\"", \""mean_type\"": \""arithmetic\""}}}""}, ""216178f098ef6698659d5bd14449f8af"": {""Model"": ""ARIMA"", ""ModelParameters"": ""{\""p\"": 4, \""d\"": 2, \""q\"": 4, \""regression_type\"": null}"", ""TransformationParameters"": ""{\""fillna\"": \""cubic\"", \""transformations\"": {\""0\"": \""bkfilter\"", \""1\"": \""AlignLastValue\""}, \""transformation_params\"": {\""0\"": {}, \""1\"": {\""rows\"": 1, \""lag\"": 7, \""method\"": \""additive\"", \""strength\"": 1.0, \""first_value_only\"": false, \""threshold\"": 10, \""threshold_method\"": \""mean\"", \""mean_type\"": \""arithmetic\""}}}""}, ""5c9aafe0ed22a0009a0c5786b4223a8f"": {""Model"": ""FBProphet"", ""ModelParameters"": ""{\""holiday\"": false, \""regression_type\"": null, \""growth\"": \""linear\"", \""seasonality_mode\"": \""additive\"", \""changepoint_prior_scale\"": 0.05, \""n_changepoints\"": 25, \""changepoint_range\"": 0.8, \""changepoint_spacing\"": null, \""changepoint_distance_end\"": null, \""seasonality_prior_scale\"": 10.0, \""yearly_seasonality_prior_scale\"": null, \""yearly_seasonality_order\"": null, \""weekly_seasonality_prior_scale\"": 0.0001, \""holidays_prior_scale\"": 10.0, \""trend_phi\"": null}"", ""TransformationParameters"": ""{\""fillna\"": \""mean\"", \""transformations\"": {\""0\"": \""StandardScaler\"", \""1\"": \""bkfilter\"", \""2\"": \""HPFilter\""}, \""transformation_params\"": {\""0\"": {}, \""1\"": {}, \""2\"": {\""part\"": \""trend\"", \""lamb\"": 6.25}}}""}}, ""model_weights"": {}, ""point_method"": ""mean""}","{""fillna"": ""fake_date"", ""transformations"": {""0"": ""FIRFilter"", ""1"": ""AlignLastValue"", ""2"": ""AlignLastValue""}, ""transformation_params"": {""0"": {""numtaps"": 32, ""cutoff_hz"": 0.1, ""window"": ""triang"", ""sampling_frequency"": 12, ""on_transform"": false, ""on_inverse"": true, ""bounds_only"": true}, ""1"": {""rows"": 1, ""lag"": 1, ""method"": ""multiplicative"", ""strength"": 1.0, ""first_value_only"": false, ""threshold"": null, ""threshold_method"": ""mean""}, ""2"": {""rows"": 1, ""lag"": 1, ""method"": ""multiplicative"", ""strength"": 1.0, ""first_value_only"": true, ""threshold"": 10, ""threshold_method"": ""max""}}}",1,1,7.58676443279648,0.49092533284783607,0.6320846172897783,0.47540338095640483,0.49092533284783607,0.0,-24.283193685533668,0.41276883564672207,34.62784625620666,0.44654305804997557,0.5530834786213874,0.9916666666666667,0.4583333333333333,2.03932297617932,0.975,1.2042978719723243,0.3632114040417731,1.8069661286563734,0.40900200240879414,0.039458017979840485,10.344652570672988,4.864278398192978,28.57289958452386,0.013202846494820954,7.58676443279648,0.49092533284783607,0.6320846172897783,0.47540338095640483,0.49092533284783607,0.0,0.41276883564672207,0.44654305804997557,0.5530834786213874,2.03932297617932,0.975,1.2042978719723243,0.3632114040417731,1.8069661286563734,0.40900200240879414,0.039458017979840485,10.344652570672988,4.864278398192978,28.57289958452386,0.013202846494820954,0.9916666666666667,0.4583333333333333,1.5811,17.238962944505765,6.973271677453365,Wh,6.973271677453365,Wh
290,8cfdf7170035991688f276e101b98af9,ARIMA,"{""p"": 4, ""d"": 0, ""q"": 12, ""regression_type"": null}","{""fillna"": ""rolling_mean_24"", ""transformations"": {""0"": ""ChangepointDetrend"", ""1"": ""AlignLastValue"", ""2"": ""AnomalyRemoval""}, ""transformation_params"": {""0"": {""model"": ""Linear"", ""changepoint_spacing"": 60, ""changepoint_distance_end"": 90, ""datepart_method"": null}, ""1"": {""rows"": 1, ""lag"": 7, ""method"": ""additive"", ""strength"": 1.0, ""first_value_only"": false, ""threshold"": 10, ""threshold_method"": ""mean"", ""mean_type"": ""arithmetic""}, ""2"": {""method"": ""rolling_zscore"", ""method_params"": {""distribution"": ""uniform"", ""alpha"": 0.05, ""rolling_periods"": 200, ""center"": true}, ""fillna"": ""rolling_mean_24"", ""transform_dict"": {""fillna"": ""ffill"", ""transformations"": {""0"": ""cffilter"", ""1"": ""ConvolutionFilter""}, ""transformation_params"": {""0"": {}, ""1"": {""weight"": [1.0, 0.5, 0.3333333333333333]}}}, ""isolated_only"": false, ""on_inverse"": false}}}",0,1,10.081928025484478,0.6506001633970286,0.8607210514059634,0.5330994334799656,0.6506001633970286,0.0,-49.27868546799042,0.5804174591604039,28.79333413965302,0.5202701351566001,0.32027684151629565,0.9416666666666667,0.45,2.560777746225768,0.9833333333333333,1.268606912748677,0.4607358480312169,2.1485486973068433,1.022749417141455,0.12770607782830798,20.485351328337398,16.99390417859715,19.395786342378017,0.026145387400180194,10.081928025484478,0.6506001633970286,0.8607210514059634,0.5330994334799656,0.6506001633970286,0.0,0.5804174591604039,0.5202701351566001,0.32027684151629565,2.560777746225768,0.9833333333333333,1.268606912748677,0.4607358480312169,2.1485486973068433,1.022749417141455,0.12770607782830798,20.485351328337398,16.99390417859715,19.395786342378017,0.026145387400180194,0.9416666666666667,0.45,2.8672,17.049219751383333,9.241347694251564,Wh,9.241347694251564,Wh
291,a8471a6d4e1ce0c7aabbd0c94bd5ef98,FBProphet,"{""holiday"": false, ""regression_type"": null, ""growth"": ""linear"", ""seasonality_mode"": ""additive"", ""changepoint_prior_scale"": 0.05, ""n_changepoints"": 25, ""changepoint_range"": 0.8, ""changepoint_spacing"": null, ""changepoint_distance_end"": null, ""seasonality_prior_scale"": 10.0, ""yearly_seasonality_prior_scale"": null, ""yearly_seasonality_order"": null, ""weekly_seasonality_prior_scale"": 0.0001, ""holidays_prior_scale"": 0.1, ""trend_phi"": null}","{""fillna"": ""ffill"", ""transformations"": {""0"": ""STLFilter"", ""1"": ""bkfilter"", ""2"": ""HPFilter"", ""3"": ""QuantileTransformer"", ""4"": ""Log""}, ""transformation_params"": {""0"": {""decomp_type"": ""STL"", ""part"": ""trend"", ""seasonal"": 7}, ""1"": {}, ""2"": {""part"": ""trend"", ""lamb"": 6.25}, ""3"": {""output_distribution"": ""uniform"", ""n_quantiles"": 27}, ""4"": {}}}",0,1,10.90537813558514,0.7224441374710632,0.8909795222546385,0.47512892462588224,0.7224441374710632,0.0,-8.533157451247845,0.5156440398201004,78.16013904527973,0.7085168300901252,0.24248736323024425,0.8583333333333333,0.5083333333333333,2.6645637001964655,0.9833333333333333,1.2776100569026487,0.5594292664205069,2.641644376943759,0.8425452355409561,0.003444921540160026,69.62698159403189,35.771716870385745,29.983409838794692,0.08886469058321618,10.90537813558514,0.7224441374710632,0.8909795222546385,0.47512892462588224,0.7224441374710632,0.0,0.5156440398201004,0.7085168300901252,0.24248736323024425,2.6645637001964655,0.9833333333333333,1.2776100569026487,0.5594292664205069,2.641644376943759,0.8425452355409561,0.003444921540160026,69.62698159403189,35.771716870385745,29.983409838794692,0.08886469058321618,0.8583333333333333,0.5083333333333333,0.8071,16.952238233864083,10.261844124329743,Wh,10.261844124329743,Wh
292,52771f2f1c19c4674a39cdd88f3cb57a,ARIMA,"{""p"": 0, ""d"": 0, ""q"": 12, ""regression_type"": null}","{""fillna"": ""cubic"", ""transformations"": {""0"": ""AlignLastValue"", ""1"": ""ChangepointDetrend""}, ""transformation_params"": {""0"": {""rows"": 1, ""lag"": 7, ""method"": ""additive"", ""strength"": 1.0, ""first_value_only"": false, ""threshold"": 1, ""threshold_method"": ""max"", ""mean_type"": ""arithmetic""}, ""1"": {""model"": ""ElasticNet"", ""changepoint_spacing"": 90, ""changepoint_distance_end"": 180, ""datepart_method"": null}}}",0,1,9.40065612701025,0.6121507741254698,0.7635535743821082,0.4976303277425398,0.6121507741254698,0.0,-20.051242816342658,0.48554121717495086,53.40685007871372,0.5683077058209224,0.3777771287571512,0.9916666666666667,0.48333333333333334,2.2529978136893787,0.9833333333333333,1.2447669735415248,0.4614076094107275,2.425907206886138,0.8680216073710961,0.08055639834665697,33.355607262371066,7.690632669147224,26.007873620026825,0.042571653268967155,9.40065612701025,0.6121507741254698,0.7635535743821082,0.4976303277425398,0.6121507741254698,0.0,0.48554121717495086,0.5683077058209224,0.3777771287571512,2.2529978136893787,0.9833333333333333,1.2447669735415248,0.4614076094107275,2.425907206886138,0.8680216073710961,0.08055639834665697,33.355607262371066,7.690632669147224,26.007873620026825,0.042571653268967155,0.9916666666666667,0.48333333333333334,1.5819,16.902375763043942,8.695199391683026,Wh,8.695199391683026,Wh
293,03a6b2e4c28f0f3d3820ebdef0a2cf45,FBProphet,"{""holiday"": false, ""regression_type"": null, ""growth"": ""linear"", ""seasonality_mode"": ""multiplicative"", ""changepoint_prior_scale"": 0.05, ""n_changepoints"": 25, ""changepoint_range"": 0.8, ""changepoint_spacing"": null, ""changepoint_distance_end"": null, ""seasonality_prior_scale"": 10.0, ""yearly_seasonality_prior_scale"": null, ""yearly_seasonality_order"": null, ""weekly_seasonality_prior_scale"": 0.0001, ""holidays_prior_scale"": 0.1, ""trend_phi"": null}","{""fillna"": ""rolling_mean"", ""transformations"": {""0"": ""CenterSplit"", ""1"": ""bkfilter"", ""2"": ""SeasonalDifference""}, ""transformation_params"": {""0"": {""fillna"": ""mean"", ""center"": ""median""}, ""1"": {}, ""2"": {""lag_1"": 12, ""method"": 5}}}",0,1,10.4224345557009,0.6709691454216724,0.8453156131974164,0.6422265835810773,0.6709691454216724,0.0,-22.8308372797038,0.523572028131854,57.6854601708969,0.6176280571619318,0.28316422623428494,0.7666666666666667,0.575,2.582651581093428,0.95,1.2777670224276731,0.5082375837614452,2.588957203771331,0.7130544368192174,0.6786439978395982,34.85462289119309,13.373854034818963,3.3264733825048634,0.044484842049882116,10.4224345557009,0.6709691454216724,0.8453156131974164,0.6422265835810773,0.6709691454216724,0.0,0.523572028131854,0.6176280571619318,0.28316422623428494,2.582651581093428,0.95,1.2777670224276731,0.5082375837614452,2.588957203771331,0.7130544368192174,0.6786439978395982,34.85462289119309,13.373854034818963,3.3264733825048634,0.044484842049882116,0.7666666666666667,0.575,1.4256,16.78346177438217,9.530675695776859,Wh,9.530675695776859,Wh
294,a21328ac10a8e7a151c7483d65bdf937,FBProphet,"{""holiday"": false, ""regression_type"": null, ""growth"": ""linear"", ""seasonality_mode"": ""multiplicative"", ""changepoint_prior_scale"": 0.05, ""n_changepoints"": 25, ""changepoint_range"": 0.8, ""changepoint_spacing"": null, ""changepoint_distance_end"": null, ""seasonality_prior_scale"": 10.0, ""yearly_seasonality_prior_scale"": null, ""yearly_seasonality_order"": 2, ""weekly_seasonality_prior_scale"": null, ""holidays_prior_scale"": 0.1, ""trend_phi"": null}","{""fillna"": ""cubic"", ""transformations"": {""0"": ""AlignLastValue"", ""1"": ""AlignLastValue""}, ""transformation_params"": {""0"": {""rows"": 7, ""lag"": 1, ""method"": ""additive"", ""strength"": 1.0, ""first_value_only"": false, ""threshold"": null, ""threshold_method"": ""max"", ""mean_type"": ""arithmetic""}, ""1"": {""rows"": 1, ""lag"": 7, ""method"": ""additive"", ""strength"": 1.0, ""first_value_only"": false, ""threshold"": 10, ""threshold_method"": ""mean"", ""mean_type"": ""arithmetic""}}}",0,1,9.303505529430696,0.6048104889111443,0.7649116391539014,0.5470764870604168,0.6048104889111443,0.0,-41.265608355988476,0.533504888438196,31.31165031334883,0.5049308372783948,0.3604596563238611,0.9916666666666667,0.4583333333333333,2.147618836398247,0.9833333333333333,1.2496820579550376,0.45521614128098115,2.0982712089682836,2.117464245508411,0.3547797052595635,9.953958042639641,12.92853038650015,15.742409031131052,0.012704204336976574,9.303505529430696,0.6048104889111443,0.7649116391539014,0.5470764870604168,0.6048104889111443,0.0,0.533504888438196,0.5049308372783948,0.3604596563238611,2.147618836398247,0.9833333333333333,1.2496820579550376,0.45521614128098115,2.0982712089682836,2.117464245508411,0.3547797052595635,9.953958042639641,12.92853038650015,15.742409031131052,0.012704204336976574,0.9916666666666667,0.4583333333333333,1.1105,16.586433018896425,8.590935464839895,Wh,8.590935464839895,Wh
295,5f23b9fdd04bceced08bdb022616485b,ARIMA,"{""p"": 4, ""d"": 2, ""q"": 2, ""regression_type"": ""Holiday""}","{""fillna"": ""cubic"", ""transformations"": {""0"": ""bkfilter"", ""1"": ""StandardScaler"", ""2"": ""AlignLastValue""}, ""transformation_params"": {""0"": {}, ""1"": {}, ""2"": {""rows"": 1, ""lag"": 1, ""method"": ""additive"", ""strength"": 1.0, ""first_value_only"": true, ""threshold"": 1, ""threshold_method"": ""mean"", ""mean_type"": ""arithmetic""}}}",0,1,8.701479669695365,0.5663981417659708,0.7272888993250913,0.48581618386977643,0.5663981417659708,0.0,-12.59882529740072,0.4328372294372706,55.368951714515774,0.5462273926097765,0.3885634421509059,0.975,0.5,2.3027099916936704,0.975,1.2284059980557058,0.41451025978657663,2.0799164695274284,0.4878762538311227,0.06829389691406387,42.77012641711505,17.9495807129745,28.304708775412315,0.05458737350446559,8.701479669695365,0.5663981417659708,0.7272888993250913,0.48581618386977643,0.5663981417659708,0.0,0.4328372294372706,0.5462273926097765,0.3885634421509059,2.3027099916936704,0.975,1.2284059980557058,0.41451025978657663,2.0799164695274284,0.4878762538311227,0.06829389691406387,42.77012641711505,17.9495807129745,28.304708775412315,0.05458737350446559,0.975,0.5,0.4444,16.30899639290236,8.045313321329592,Wh,8.045313321329592,Wh
296,46e976811459e2cd2489493ef7bba20b,RollingRegression,"{""regression_model"": {""model"": ""DecisionTree"", ""model_params"": {""max_depth"": null, ""min_samples_split"": 0.05}}, ""holiday"": false, ""mean_rolling_periods"": 7, ""macd_periods"": 24, ""std_rolling_periods"": null, ""max_rolling_periods"": 24, ""min_rolling_periods"": 12, ""ewm_var_alpha"": null, ""quantile90_rolling_periods"": null, ""quantile10_rolling_periods"": null, ""ewm_alpha"": null, ""additional_lag_periods"": 6, ""abs_energy"": false, ""rolling_autocorr_periods"": null, ""nonzero_last_n"": null, ""add_date_part"": ""expanded"", ""polynomial_degree"": null, ""x_transform"": null, ""regression_type"": null}","{""fillna"": ""ffill"", ""transformations"": {""0"": ""FFTFilter"", ""1"": ""Detrend""}, ""transformation_params"": {""0"": {""cutoff"": 0.14, ""reverse"": false, ""on_transform"": true, ""on_inverse"": false}, ""1"": {""model"": ""GLS"", ""phi"": 1, ""window"": null, ""transform_dict"": {""fillna"": null, ""transformations"": {""0"": ""ClipOutliers""}, ""transformation_params"": {""0"": {""method"": ""clip"", ""std_threshold"": 4}}}}}}",0,1,10.270584579167537,0.6651073367532696,0.8658890564196089,0.4868165518120139,0.6651073367532696,0.0,-62.68166466000764,0.6272910098006184,17.131215750384712,0.49763080096889106,0.24970980361039255,0.8166666666666667,0.5,2.2161111625158707,0.9833333333333333,1.2734928370521028,0.48316089988646704,2.051529167586513,4.362252165323305,0.016015180028918767,45.55044890962293,33.366630234714066,29.168981367540418,0.058135890076085106,10.270584579167537,0.6651073367532696,0.8658890564196089,0.4868165518120139,0.6651073367532696,0.0,0.6272910098006184,0.49763080096889106,0.24970980361039255,2.2161111625158707,0.9833333333333333,1.2734928370521028,0.48316089988646704,2.051529167586513,4.362252165323305,0.016015180028918767,45.55044890962293,33.366630234714066,29.168981367540418,0.058135890076085106,0.8166666666666667,0.5,1.3741,16.297329020189842,9.447412556494752,Wh,9.447412556494752,Wh
297,7c29ce5388c18d53821c2f8aeb50b5a2,FBProphet,"{""holiday"": false, ""regression_type"": null, ""growth"": ""linear"", ""seasonality_mode"": ""multiplicative"", ""changepoint_prior_scale"": 0.001, ""n_changepoints"": 25, ""changepoint_range"": 0.8, ""changepoint_spacing"": null, ""changepoint_distance_end"": null, ""seasonality_prior_scale"": 10.0, ""yearly_seasonality_prior_scale"": null, ""yearly_seasonality_order"": 2, ""weekly_seasonality_prior_scale"": null, ""holidays_prior_scale"": 0.1, ""trend_phi"": null}","{""fillna"": ""ffill"", ""transformations"": {""0"": ""Slice"", ""1"": ""AlignLastValue"", ""2"": ""Discretize"", ""3"": ""AlignLastValue""}, ""transformation_params"": {""0"": {""method"": 0.5}, ""1"": {""rows"": 1, ""lag"": 1, ""method"": ""additive"", ""strength"": 0.9, ""first_value_only"": false, ""threshold"": 10, ""threshold_method"": ""mean"", ""mean_type"": ""arithmetic""}, ""2"": {""discretization"": ""lower"", ""n_bins"": 5}, ""3"": {""rows"": 1, ""lag"": 1, ""method"": ""additive"", ""strength"": 0.2, ""first_value_only"": true, ""threshold"": null, ""threshold_method"": ""max"", ""mean_type"": ""arithmetic""}}}",0,1,9.818323825107692,0.6488069782578572,0.8489504446010678,0.568842420492014,0.6488069782578572,0.0,-13.173385353086957,0.4746213476278757,64.68345203785591,0.625242502793597,0.27235542154987763,0.8583333333333333,0.5,2.6610101458854114,0.9583333333333334,1.2687246589457752,0.47280180577062775,2.376289364585733,0.6227633769573129,0.3702130230043471,51.51006668476896,22.908710726539805,14.945372841727789,0.06574213089620967,9.818323825107692,0.6488069782578572,0.8489504446010678,0.568842420492014,0.6488069782578572,0.0,0.4746213476278757,0.625242502793597,0.27235542154987763,2.6610101458854114,0.9583333333333334,1.2687246589457752,0.47280180577062775,2.376289364585733,0.6227633769573129,0.3702130230043471,51.51006668476896,22.908710726539805,14.945372841727789,0.06574213089620967,0.8583333333333333,0.5,0.6287,16.163917141518517,9.215876677975263,Wh,9.215876677975263,Wh
298,4576914814814762e3c2eee46497f205,Ensemble,"{""model_name"": ""BestN"", ""model_count"": 3, ""model_metric"": ""mixed_metric"", ""models"": {""ca2e0fcc7b23d74ee347d493f6ff4379"": {""Model"": ""ARIMA"", ""ModelParameters"": ""{\""p\"": 0, \""d\"": 2, \""q\"": 2, \""regression_type\"": null}"", ""TransformationParameters"": ""{\""fillna\"": \""cubic\"", \""transformations\"": {\""0\"": \""AlignLastValue\"", \""1\"": \""AlignLastValue\""}, \""transformation_params\"": {\""0\"": {\""rows\"": 84, \""lag\"": 1, \""method\"": \""additive\"", \""strength\"": 0.5, \""first_value_only\"": false, \""threshold\"": 10, \""threshold_method\"": \""max\"", \""mean_type\"": \""arithmetic\""}, \""1\"": {\""rows\"": 1, \""lag\"": 7, \""method\"": \""additive\"", \""strength\"": 1.0, \""first_value_only\"": false, \""threshold\"": 10, \""threshold_method\"": \""mean\"", \""mean_type\"": \""arithmetic\""}}}""}, ""216178f098ef6698659d5bd14449f8af"": {""Model"": ""ARIMA"", ""ModelParameters"": ""{\""p\"": 4, \""d\"": 2, \""q\"": 4, \""regression_type\"": null}"", ""TransformationParameters"": ""{\""fillna\"": \""cubic\"", \""transformations\"": {\""0\"": \""bkfilter\"", \""1\"": \""AlignLastValue\""}, \""transformation_params\"": {\""0\"": {}, \""1\"": {\""rows\"": 1, \""lag\"": 7, \""method\"": \""additive\"", \""strength\"": 1.0, \""first_value_only\"": false, \""threshold\"": 10, \""threshold_method\"": \""mean\"", \""mean_type\"": \""arithmetic\""}}}""}, ""5c9aafe0ed22a0009a0c5786b4223a8f"": {""Model"": ""FBProphet"", ""ModelParameters"": ""{\""holiday\"": false, \""regression_type\"": null, \""growth\"": \""linear\"", \""seasonality_mode\"": \""additive\"", \""changepoint_prior_scale\"": 0.05, \""n_changepoints\"": 25, \""changepoint_range\"": 0.8, \""changepoint_spacing\"": null, \""changepoint_distance_end\"": null, \""seasonality_prior_scale\"": 10.0, \""yearly_seasonality_prior_scale\"": null, \""yearly_seasonality_order\"": null, \""weekly_seasonality_prior_scale\"": 0.0001, \""holidays_prior_scale\"": 10.0, \""trend_phi\"": null}"", ""TransformationParameters"": ""{\""fillna\"": \""mean\"", \""transformations\"": {\""0\"": \""StandardScaler\"", \""1\"": \""bkfilter\"", \""2\"": \""HPFilter\""}, \""transformation_params\"": {\""0\"": {}, \""1\"": {}, \""2\"": {\""part\"": \""trend\"", \""lamb\"": 6.25}}}""}}, ""model_weights"": {}, ""point_method"": ""mean""}","{""fillna"": ""ffill"", ""transformations"": {""0"": ""FFTFilter"", ""1"": ""HistoricValues""}, ""transformation_params"": {""0"": {""cutoff"": 0.01, ""reverse"": false, ""on_transform"": false, ""on_inverse"": true}, ""1"": {""window"": null}}}",1,1,7.355227507737976,0.47734960153356915,0.6476087684711986,0.4835221474145701,0.47734960153356915,0.0,-23.206300636920773,0.39881193350355354,34.075651547107526,0.4309841730803487,0.4893628816633857,0.9833333333333333,0.48333333333333334,1.9103979293126265,0.9833333333333333,1.1957754044355202,0.32710718274248,1.7493914643249637,2.3525646948986156,0.01279341272342034,10.869350910186753,2.9512162773790855,28.797284746785515,0.013872517282250503,7.355227507737976,0.47734960153356915,0.6476087684711986,0.4835221474145701,0.47734960153356915,0.0,0.39881193350355354,0.4309841730803487,0.4893628816633857,1.9103979293126265,0.9833333333333333,1.1957754044355202,0.32710718274248,1.7493914643249637,2.3525646948986156,0.01279341272342034,10.869350910186753,2.9512162773790855,28.797284746785515,0.013872517282250503,0.9833333333333333,0.48333333333333334,1.486,16.1568669345942,6.780437337197723,Wh,6.780437337197723,Wh
299,4f11a3195382d1d2cd72ca956dafe8d7,FBProphet,"{""holiday"": false, ""regression_type"": null, ""growth"": ""linear"", ""seasonality_mode"": ""multiplicative"", ""changepoint_prior_scale"": 0.001, ""n_changepoints"": 25, ""changepoint_range"": 0.8, ""changepoint_spacing"": null, ""changepoint_distance_end"": null, ""seasonality_prior_scale"": 10.0, ""yearly_seasonality_prior_scale"": null, ""yearly_seasonality_order"": 2, ""weekly_seasonality_prior_scale"": null, ""holidays_prior_scale"": 10.0, ""trend_phi"": null}","{""fillna"": ""cubic"", ""transformations"": {""0"": ""bkfilter"", ""1"": ""AnomalyRemoval""}, ""transformation_params"": {""0"": {}, ""1"": {""method"": ""rolling_zscore"", ""method_params"": {""distribution"": ""uniform"", ""alpha"": 0.05, ""rolling_periods"": 200, ""center"": true}, ""fillna"": ""rolling_mean_24"", ""transform_dict"": {""fillna"": ""ffill"", ""transformations"": {""0"": ""cffilter"", ""1"": ""ConvolutionFilter""}, ""transformation_params"": {""0"": {}, ""1"": {""weight"": [1.0, 0.5, 0.3333333333333333]}}}, ""isolated_only"": false, ""on_inverse"": false}}}",0,1,9.900425616005212,0.6480655849108093,0.8211545475947432,0.49119813277636354,0.6480655849108093,0.0,-10.247418647935776,0.47465388744249687,67.52045154136135,0.6305758222220985,0.2746924790252546,0.9416666666666667,0.5083333333333333,2.5512818736459266,0.9833333333333333,1.2543477671144443,0.48913256022499435,2.5438491742494356,0.840265323887145,0.2841541169216517,57.27303289342557,21.101111354549452,19.188966006175082,0.07309738596040015,9.900425616005212,0.6480655849108093,0.8211545475947432,0.49119813277636354,0.6480655849108093,0.0,0.47465388744249687,0.6305758222220985,0.2746924790252546,2.5512818736459266,0.9833333333333333,1.2543477671144443,0.48913256022499435,2.5438491742494356,0.840265323887145,0.2841541169216517,57.27303289342557,21.101111354549452,19.188966006175082,0.07309738596040015,0.9416666666666667,0.5083333333333333,0.6538,16.147285732576762,9.205345672783844,Wh,9.205345672783844,Wh
300,33260d3a3f34be4896ea04c6a453e7e5,FBProphet,"{""holiday"": false, ""regression_type"": null, ""growth"": ""linear"", ""seasonality_mode"": ""multiplicative"", ""changepoint_prior_scale"": 0.05, ""n_changepoints"": 25, ""changepoint_range"": 0.8, ""changepoint_spacing"": null, ""changepoint_distance_end"": null, ""seasonality_prior_scale"": 10.0, ""yearly_seasonality_prior_scale"": null, ""yearly_seasonality_order"": null, ""weekly_seasonality_prior_scale"": 0.0001, ""holidays_prior_scale"": 0.1, ""trend_phi"": null}","{""fillna"": ""rolling_mean"", ""transformations"": {""0"": ""ShiftFirstValue"", ""1"": ""bkfilter"", ""2"": ""G726Filter""}, ""transformation_params"": {""0"": {""rows"": 7}, ""1"": {}, ""2"": {""quant_bits"": 5, ""adaptation_rate"": 0.9193105529422215, ""prediction_alpha"": 0.7950291077560703, ""floor_step"": 0.006331556019061642, ""dynamic_range"": 2.0670874305285847, ""blend"": 0.0706715646700468, ""noise_gate"": 0.0, ""fill_method"": ""ffill"", ""on_transform"": true, ""on_inverse"": false, ""quantizer"": ""nonuniform"", ""use_adaptive_predictor"": false, ""predictor_leak"": 0.9999, ""bounds_only"": false}}}",0,1,9.820236879802751,0.6412999279757555,0.8072300029016658,0.47678532655706934,0.6412999279757555,0.0,-9.41922043728578,0.4707296509757868,67.53677091980488,0.6262034151685144,0.2822140607903249,0.9583333333333334,0.5083333333333333,2.4175514230975397,0.9833333333333333,1.2516355530403396,0.4802428968838605,2.5138655875995877,0.818817833676719,0.004251766648323476,58.11755048251911,20.992059038463605,29.905154033258572,0.07417524101786128,9.820236879802751,0.6412999279757555,0.8072300029016658,0.47678532655706934,0.6412999279757555,0.0,0.4707296509757868,0.6262034151685144,0.2822140607903249,2.4175514230975397,0.9833333333333333,1.2516355530403396,0.4802428968838605,2.5138655875995877,0.818817833676719,0.004251766648323476,58.11755048251911,20.992059038463605,29.905154033258572,0.07417524101786128,0.9583333333333334,0.5083333333333333,0.6884,16.125943076204074,9.109243962955803,Wh,9.109243962955803,Wh
301,5899122b36f73cf953a8218dc1468b21,ARIMA,"{""p"": 0, ""d"": 0, ""q"": 12, ""regression_type"": ""Holiday""}","{""fillna"": ""cubic"", ""transformations"": {""0"": ""bkfilter"", ""1"": ""ChangepointDetrend""}, ""transformation_params"": {""0"": {}, ""1"": {""model"": ""ElasticNet"", ""changepoint_spacing"": 90, ""changepoint_distance_end"": 180, ""datepart_method"": null}}}",0,1,9.204933025061617,0.5999442462165124,0.7646328126020431,0.5338792285878005,0.5999442462165124,0.0,-15.062377914120706,0.4622034953240412,56.93093163186077,0.5696238242456259,0.32624624545324626,0.9666666666666667,0.48333333333333334,2.2905172627244896,0.9583333333333334,1.2478304020091138,0.43840024498457325,2.1985078539682363,0.5902494094080722,0.18353655889071246,41.86855371774007,15.75974909592516,23.380286710114845,0.0534366991949663,9.204933025061617,0.5999442462165124,0.7646328126020431,0.5338792285878005,0.5999442462165124,0.0,0.4622034953240412,0.5696238242456259,0.32624624545324626,2.2905172627244896,0.9583333333333334,1.2478304020091138,0.43840024498457325,2.1985078539682363,0.5902494094080722,0.18353655889071246,41.86855371774007,15.75974909592516,23.380286710114845,0.0534366991949663,0.9666666666666667,0.48333333333333334,1.5702,16.017239112210394,8.5218136858491,Wh,8.5218136858491,Wh
302,04cb5eef9c3d531725d256110f2cadd8,ARIMA,"{""p"": 0, ""d"": 1, ""q"": 12, ""regression_type"": ""Holiday""}","{""fillna"": ""cubic"", ""transformations"": {""0"": ""bkfilter"", ""1"": ""ChangepointDetrend""}, ""transformation_params"": {""0"": {}, ""1"": {""model"": ""ElasticNet"", ""changepoint_spacing"": 90, ""changepoint_distance_end"": 180, ""datepart_method"": null}}}",0,1,9.485893350233043,0.6214158864322594,0.7944868375481203,0.5256470119764113,0.6214158864322594,0.0,-11.385687980840942,0.4624639993514584,63.1842183910302,0.601305546192066,0.29870646227594144,0.95,0.48333333333333334,2.3583976402451405,0.9666666666666667,1.2559730136308374,0.4547485618211636,2.303803425311763,0.7221505385546817,0.16648927219224413,51.79853041018926,20.004162648929995,23.32366152035099,0.06611029621254379,9.485893350233043,0.6214158864322594,0.7944868375481203,0.5256470119764113,0.6214158864322594,0.0,0.4624639993514584,0.601305546192066,0.29870646227594144,2.3583976402451405,0.9666666666666667,1.2559730136308374,0.4547485618211636,2.303803425311763,0.7221505385546817,0.16648927219224413,51.79853041018926,20.004162648929995,23.32366152035099,0.06611029621254379,0.95,0.48333333333333334,1.1742,16.01300657629332,8.826804222223286,Wh,8.826804222223286,Wh
303,d8282a2887bd90769c5ac7ccf727336b,Ensemble,"{""model_name"": ""BestN"", ""model_count"": 3, ""model_metric"": ""horizontal"", ""models"": {""391cc75f9a7d750778405fc3cfcecb92"": {""Model"": ""RollingRegression"", ""ModelParameters"": ""{\""regression_model\"": {\""model\"": \""DecisionTree\"", \""model_params\"": {\""max_depth\"": null, \""min_samples_split\"": 0.05}}, \""holiday\"": false, \""mean_rolling_periods\"": null, \""macd_periods\"": null, \""std_rolling_periods\"": null, \""max_rolling_periods\"": 420, \""min_rolling_periods\"": 168, \""ewm_var_alpha\"": null, \""quantile90_rolling_periods\"": null, \""quantile10_rolling_periods\"": null, \""ewm_alpha\"": null, \""additional_lag_periods\"": 6, \""abs_energy\"": false, \""rolling_autocorr_periods\"": null, \""nonzero_last_n\"": null, \""add_date_part\"": \""expanded\"", \""polynomial_degree\"": null, \""x_transform\"": null, \""regression_type\"": null}"", ""TransformationParameters"": ""{\""fillna\"": \""mean\"", \""transformations\"": {\""0\"": \""STLFilter\"", \""1\"": \""RobustScaler\"", \""2\"": \""MaxAbsScaler\"", \""3\"": \""SeasonalDifference\"", \""4\"": \""AlignLastValue\""}, \""transformation_params\"": {\""0\"": {\""decomp_type\"": \""seasonal_decompose\"", \""part\"": \""trend\""}, \""1\"": {}, \""2\"": {}, \""3\"": {\""lag_1\"": 7, \""method\"": \""LastValue\""}, \""4\"": {\""rows\"": 1, \""lag\"": 2, \""method\"": \""additive\"", \""strength\"": 0.7, \""first_value_only\"": false, \""threshold\"": null, \""threshold_method\"": \""mean\"", \""mean_type\"": \""arithmetic\""}}}""}, ""290072eada53189c757f67ac7b1cfea9"": {""Model"": ""ARIMA"", ""ModelParameters"": ""{\""p\"": 0, \""d\"": 0, \""q\"": 2, \""regression_type\"": \""Holiday\""}"", ""TransformationParameters"": ""{\""fillna\"": \""mean\"", \""transformations\"": {\""0\"": \""AnomalyRemoval\"", \""1\"": \""ChangepointDetrend\"", \""2\"": \""ClipOutliers\""}, \""transformation_params\"": {\""0\"": {\""method\"": \""zscore\"", \""method_params\"": {\""distribution\"": \""chi2\"", \""alpha\"": 0.05}, \""fillna\"": \""ffill\"", \""transform_dict\"": null, \""isolated_only\"": false, \""on_inverse\"": false}, \""1\"": {\""model\"": \""ElasticNet\"", \""changepoint_spacing\"": 90, \""changepoint_distance_end\"": 180, \""datepart_method\"": null}, \""2\"": {\""method\"": \""clip\"", \""std_threshold\"": 2, \""fillna\"": null}}}""}, ""5bb9f16e5f9c93ddad63947a240ff284"": {""Model"": ""FBProphet"", ""ModelParameters"": ""{\""holiday\"": false, \""regression_type\"": null, \""growth\"": \""linear\"", \""seasonality_mode\"": \""additive\"", \""changepoint_prior_scale\"": 0.05, \""n_changepoints\"": 25, \""changepoint_range\"": 360, \""changepoint_spacing\"": null, \""changepoint_distance_end\"": null, \""seasonality_prior_scale\"": 10.0, \""yearly_seasonality_prior_scale\"": null, \""yearly_seasonality_order\"": null, \""weekly_seasonality_prior_scale\"": null, \""holidays_prior_scale\"": 10.0, \""trend_phi\"": null}"", ""TransformationParameters"": ""{\""fillna\"": \""rolling_mean\"", \""transformations\"": {\""0\"": \""StandardScaler\"", \""1\"": \""bkfilter\"", \""2\"": \""HPFilter\""}, \""transformation_params\"": {\""0\"": {}, \""1\"": {}, \""2\"": {\""part\"": \""trend\"", \""lamb\"": 6.25}}}""}}, ""model_weights"": {}, ""point_method"": ""mean""}","{""fillna"": ""median"", ""transformations"": {""0"": ""DiffSmoother"", ""1"": ""AlignLastValue"", ""2"": ""HistoricValues""}, ""transformation_params"": {""0"": {""method"": ""med_diff"", ""method_params"": {""distribution"": ""norm"", ""alpha"": 0.05}, ""transform_dict"": null, ""reverse_alignment"": false, ""isolated_only"": false, ""fillna"": ""linear""}, ""1"": {""rows"": 1, ""lag"": 1, ""method"": ""additive"", ""strength"": 1.0, ""first_value_only"": false, ""threshold"": null, ""threshold_method"": ""mean""}, ""2"": {""window"": 10}}}",1,1,10.278002620434219,0.6619555950164795,0.8213526191230672,0.5050444303873218,0.6619555950164795,0.0,-67.02908658981323,0.6351912323274358,12.405584812164307,0.493950777529844,0.2406109983994999,0.6833333333333333,0.49166666666666664,2.14062237739563,0.9833333333333333,1.2704042650570264,0.5112391850527596,2.2808635143358127,3.3007583330262134,0.09153436825852229,54.623501777648926,29.620059656550254,27.130550564383537,0.06971579799832373,10.278002620434219,0.6619555950164795,0.8213526191230672,0.5050444303873218,0.6619555950164795,0.0,0.6351912323274358,0.493950777529844,0.2406109983994999,2.14062237739563,0.9833333333333333,1.2704042650570264,0.5112391850527596,2.2808635143358127,3.3007583330262134,0.09153436825852229,54.623501777648926,29.620059656550254,27.130550564383537,0.06971579799832373,0.6833333333333333,0.49166666666666664,2.0411,16.00725750787933,9.402644136702046,Wh,9.402644136702046,Wh
304,391d8dcfbc7e7e329b9e2d55a6fb2f7d,Ensemble,"{""model_name"": ""BestN"", ""model_count"": 5, ""model_metric"": ""best_score_unique"", ""models"": {""5bb9f16e5f9c93ddad63947a240ff284"": {""Model"": ""FBProphet"", ""ModelParameters"": ""{\""holiday\"": false, \""regression_type\"": null, \""growth\"": \""linear\"", \""seasonality_mode\"": \""additive\"", \""changepoint_prior_scale\"": 0.05, \""n_changepoints\"": 25, \""changepoint_range\"": 360, \""changepoint_spacing\"": null, \""changepoint_distance_end\"": null, \""seasonality_prior_scale\"": 10.0, \""yearly_seasonality_prior_scale\"": null, \""yearly_seasonality_order\"": null, \""weekly_seasonality_prior_scale\"": null, \""holidays_prior_scale\"": 10.0, \""trend_phi\"": null}"", ""TransformationParameters"": ""{\""fillna\"": \""rolling_mean\"", \""transformations\"": {\""0\"": \""StandardScaler\"", \""1\"": \""bkfilter\"", \""2\"": \""HPFilter\""}, \""transformation_params\"": {\""0\"": {}, \""1\"": {}, \""2\"": {\""part\"": \""trend\"", \""lamb\"": 6.25}}}""}, ""290072eada53189c757f67ac7b1cfea9"": {""Model"": ""ARIMA"", ""ModelParameters"": ""{\""p\"": 0, \""d\"": 0, \""q\"": 2, \""regression_type\"": \""Holiday\""}"", ""TransformationParameters"": ""{\""fillna\"": \""mean\"", \""transformations\"": {\""0\"": \""AnomalyRemoval\"", \""1\"": \""ChangepointDetrend\"", \""2\"": \""ClipOutliers\""}, \""transformation_params\"": {\""0\"": {\""method\"": \""zscore\"", \""method_params\"": {\""distribution\"": \""chi2\"", \""alpha\"": 0.05}, \""fillna\"": \""ffill\"", \""transform_dict\"": null, \""isolated_only\"": false, \""on_inverse\"": false}, \""1\"": {\""model\"": \""ElasticNet\"", \""changepoint_spacing\"": 90, \""changepoint_distance_end\"": 180, \""datepart_method\"": null}, \""2\"": {\""method\"": \""clip\"", \""std_threshold\"": 2, \""fillna\"": null}}}""}, ""7f1b9001e4365205912d8167e1108b4a"": {""Model"": ""DatepartRegression"", ""ModelParameters"": ""{\""regression_model\"": {\""model\"": \""ElasticNet\"", \""model_params\"": {\""l1_ratio\"": 0.5, \""fit_intercept\"": true, \""selection\"": \""cyclic\"", \""max_iter\"": 1000}}, \""datepart_method\"": \""simple_2\"", \""polynomial_degree\"": null, \""holiday_countries_used\"": false, \""lags\"": null, \""forward_lags\"": null, \""regression_type\"": null}"", ""TransformationParameters"": ""{\""fillna\"": \""ffill_mean_biased\"", \""transformations\"": {\""0\"": \""AlignLastValue\"", \""1\"": \""bkfilter\"", \""2\"": \""CointegrationTransformer\""}, \""transformation_params\"": {\""0\"": {\""rows\"": 7, \""lag\"": 2, \""method\"": \""additive\"", \""strength\"": 1.0, \""first_value_only\"": true, \""threshold\"": null, \""threshold_method\"": \""max\"", \""mean_type\"": \""arithmetic\""}, \""1\"": {}, \""2\"": {\""n_components\"": 5, \""max_components\"": 20, \""shrinkage\"": 0.01, \""method\"": \""cca\"", \""min_periods\"": 30}}}""}, ""391cc75f9a7d750778405fc3cfcecb92"": {""Model"": ""RollingRegression"", ""ModelParameters"": ""{\""regression_model\"": {\""model\"": \""DecisionTree\"", \""model_params\"": {\""max_depth\"": null, \""min_samples_split\"": 0.05}}, \""holiday\"": false, \""mean_rolling_periods\"": null, \""macd_periods\"": null, \""std_rolling_periods\"": null, \""max_rolling_periods\"": 420, \""min_rolling_periods\"": 168, \""ewm_var_alpha\"": null, \""quantile90_rolling_periods\"": null, \""quantile10_rolling_periods\"": null, \""ewm_alpha\"": null, \""additional_lag_periods\"": 6, \""abs_energy\"": false, \""rolling_autocorr_periods\"": null, \""nonzero_last_n\"": null, \""add_date_part\"": \""expanded\"", \""polynomial_degree\"": null, \""x_transform\"": null, \""regression_type\"": null}"", ""TransformationParameters"": ""{\""fillna\"": \""mean\"", \""transformations\"": {\""0\"": \""STLFilter\"", \""1\"": \""RobustScaler\"", \""2\"": \""MaxAbsScaler\"", \""3\"": \""SeasonalDifference\"", \""4\"": \""AlignLastValue\""}, \""transformation_params\"": {\""0\"": {\""decomp_type\"": \""seasonal_decompose\"", \""part\"": \""trend\""}, \""1\"": {}, \""2\"": {}, \""3\"": {\""lag_1\"": 7, \""method\"": \""LastValue\""}, \""4\"": {\""rows\"": 1, \""lag\"": 2, \""method\"": \""additive\"", \""strength\"": 0.7, \""first_value_only\"": false, \""threshold\"": null, \""threshold_method\"": \""mean\"", \""mean_type\"": \""arithmetic\""}}}""}}, ""point_method"": ""midhinge"", ""model_weights"": {}}","{""fillna"": ""ffill"", ""transformations"": {""0"": ""RegressionFilter"", ""1"": ""HistoricValues""}, ""transformation_params"": {""0"": {""sigma"": 1, ""rolling_window"": 90, ""run_order"": ""season_first"", ""regression_params"": {""regression_model"": {""model"": ""ElasticNet"", ""model_params"": {""l1_ratio"": 0.5, ""fit_intercept"": false, ""selection"": ""cyclic"", ""max_iter"": 2000}}, ""datepart_method"": ""simple"", ""polynomial_degree"": null, ""transform_dict"": {""fillna"": null, ""transformations"": {""0"": ""ScipyFilter""}, ""transformation_params"": {""0"": {""method"": ""savgol_filter"", ""method_args"": {""window_length"": 31, ""polyorder"": 3, ""deriv"": 0, ""mode"": ""interp""}}}}, ""holiday_countries_used"": false, ""lags"": null, ""forward_lags"": null}, ""holiday_params"": null, ""trend_method"": ""rolling_mean""}, ""1"": {""window"": 28}}}",1,1,9.044059507606326,0.5896699208700459,0.7407749757902902,0.47696563742754133,0.5896699208700459,0.0,-17.112259702209602,0.4604552665674103,53.64813080219591,0.5574716691321595,0.3400989693412716,0.5166666666666667,0.5,2.3378496170043945,0.9833333333333333,1.2356671584341816,0.4430379036994425,2.177767723682736,1.5572433962174757,0.04614424929142628,36.53587109998631,11.428354474466124,28.521614919422763,0.04663061368104531,9.044059507606326,0.5896699208700459,0.7407749757902902,0.47696563742754133,0.5896699208700459,0.0,0.4604552665674103,0.5574716691321595,0.3400989693412716,2.3378496170043945,0.9833333333333333,1.2356671584341816,0.4430379036994425,2.177767723682736,1.5572433962174757,0.04614424929142628,36.53587109998631,11.428354474466124,28.521614919422763,0.04663061368104531,0.5166666666666667,0.5,3.2496,15.965757095139422,8.375873647416283,Wh,8.375873647416283,Wh
305,fb6594e83653862e7472d81aa10c568d,Ensemble,"{""model_name"": ""BestN"", ""model_count"": 3, ""model_metric"": ""bestn_horizontal"", ""models"": {""5bb9f16e5f9c93ddad63947a240ff284"": {""Model"": ""FBProphet"", ""ModelParameters"": ""{\""holiday\"": false, \""regression_type\"": null, \""growth\"": \""linear\"", \""seasonality_mode\"": \""additive\"", \""changepoint_prior_scale\"": 0.05, \""n_changepoints\"": 25, \""changepoint_range\"": 360, \""changepoint_spacing\"": null, \""changepoint_distance_end\"": null, \""seasonality_prior_scale\"": 10.0, \""yearly_seasonality_prior_scale\"": null, \""yearly_seasonality_order\"": null, \""weekly_seasonality_prior_scale\"": null, \""holidays_prior_scale\"": 10.0, \""trend_phi\"": null}"", ""TransformationParameters"": ""{\""fillna\"": \""rolling_mean\"", \""transformations\"": {\""0\"": \""StandardScaler\"", \""1\"": \""bkfilter\"", \""2\"": \""HPFilter\""}, \""transformation_params\"": {\""0\"": {}, \""1\"": {}, \""2\"": {\""part\"": \""trend\"", \""lamb\"": 6.25}}}""}, ""290072eada53189c757f67ac7b1cfea9"": {""Model"": ""ARIMA"", ""ModelParameters"": ""{\""p\"": 0, \""d\"": 0, \""q\"": 2, \""regression_type\"": \""Holiday\""}"", ""TransformationParameters"": ""{\""fillna\"": \""mean\"", \""transformations\"": {\""0\"": \""AnomalyRemoval\"", \""1\"": \""ChangepointDetrend\"", \""2\"": \""ClipOutliers\""}, \""transformation_params\"": {\""0\"": {\""method\"": \""zscore\"", \""method_params\"": {\""distribution\"": \""chi2\"", \""alpha\"": 0.05}, \""fillna\"": \""ffill\"", \""transform_dict\"": null, \""isolated_only\"": false, \""on_inverse\"": false}, \""1\"": {\""model\"": \""ElasticNet\"", \""changepoint_spacing\"": 90, \""changepoint_distance_end\"": 180, \""datepart_method\"": null}, \""2\"": {\""method\"": \""clip\"", \""std_threshold\"": 2, \""fillna\"": null}}}""}, ""391cc75f9a7d750778405fc3cfcecb92"": {""Model"": ""RollingRegression"", ""ModelParameters"": ""{\""regression_model\"": {\""model\"": \""DecisionTree\"", \""model_params\"": {\""max_depth\"": null, \""min_samples_split\"": 0.05}}, \""holiday\"": false, \""mean_rolling_periods\"": null, \""macd_periods\"": null, \""std_rolling_periods\"": null, \""max_rolling_periods\"": 420, \""min_rolling_periods\"": 168, \""ewm_var_alpha\"": null, \""quantile90_rolling_periods\"": null, \""quantile10_rolling_periods\"": null, \""ewm_alpha\"": null, \""additional_lag_periods\"": 6, \""abs_energy\"": false, \""rolling_autocorr_periods\"": null, \""nonzero_last_n\"": null, \""add_date_part\"": \""expanded\"", \""polynomial_degree\"": null, \""x_transform\"": null, \""regression_type\"": null}"", ""TransformationParameters"": ""{\""fillna\"": \""mean\"", \""transformations\"": {\""0\"": \""STLFilter\"", \""1\"": \""RobustScaler\"", \""2\"": \""MaxAbsScaler\"", \""3\"": \""SeasonalDifference\"", \""4\"": \""AlignLastValue\""}, \""transformation_params\"": {\""0\"": {\""decomp_type\"": \""seasonal_decompose\"", \""part\"": \""trend\""}, \""1\"": {}, \""2\"": {}, \""3\"": {\""lag_1\"": 7, \""method\"": \""LastValue\""}, \""4\"": {\""rows\"": 1, \""lag\"": 2, \""method\"": \""additive\"", \""strength\"": 0.7, \""first_value_only\"": false, \""threshold\"": null, \""threshold_method\"": \""mean\"", \""mean_type\"": \""arithmetic\""}}}""}}, ""model_weights"": {""5bb9f16e5f9c93ddad63947a240ff284"": 4.0, ""290072eada53189c757f67ac7b1cfea9"": 3.0, ""391cc75f9a7d750778405fc3cfcecb92"": 2.0}, ""point_method"": ""mean""}","{""fillna"": ""median"", ""transformations"": {""0"": ""DiffSmoother"", ""1"": ""AlignLastValue"", ""2"": ""HistoricValues""}, ""transformation_params"": {""0"": {""method"": ""med_diff"", ""method_params"": {""distribution"": ""norm"", ""alpha"": 0.05}, ""transform_dict"": null, ""reverse_alignment"": false, ""isolated_only"": false, ""fillna"": ""linear""}, ""1"": {""rows"": 1, ""lag"": 1, ""method"": ""additive"", ""strength"": 1.0, ""first_value_only"": false, ""threshold"": null, ""threshold_method"": ""mean""}, ""2"": {""window"": 10}}}",1,1,10.186686880449704,0.6557019849618276,0.8074668114791056,0.49000912112284867,0.6557019849618276,0.0,-66.82866621017456,0.6293169631408924,11.855571985244751,0.49164772497880965,0.23915385561056915,0.675,0.5166666666666667,2.14062237739563,0.9833333333333333,1.2682854087738846,0.5110272636600569,2.2834049332106114,3.2813036389392685,0.058836123415641824,54.97309422492981,29.209094536654657,28.18552809777407,0.07016198170393058,10.186686880449704,0.6557019849618276,0.8074668114791056,0.49000912112284867,0.6557019849618276,0.0,0.6293169631408924,0.49164772497880965,0.23915385561056915,2.14062237739563,0.9833333333333333,1.2682854087738846,0.5110272636600569,2.2834049332106114,3.2813036389392685,0.058836123415641824,54.97309422492981,29.209094536654657,28.18552809777407,0.07016198170393058,0.675,0.5166666666666667,3.3653,15.850684333036908,9.313815716251685,Wh,9.313815716251685,Wh
306,5216ce1465796575079f25c83e86d321,ARIMA,"{""p"": 4, ""d"": 2, ""q"": 12, ""regression_type"": null}","{""fillna"": ""cubic"", ""transformations"": {""0"": ""bkfilter"", ""1"": ""ChangepointDetrend"", ""2"": ""AnomalyRemoval""}, ""transformation_params"": {""0"": {}, ""1"": {""model"": ""ElasticNet"", ""changepoint_spacing"": 90, ""changepoint_distance_end"": 180, ""datepart_method"": null}, ""2"": {""method"": ""rolling_zscore"", ""method_params"": {""distribution"": ""uniform"", ""alpha"": 0.05, ""rolling_periods"": 200, ""center"": true}, ""fillna"": ""rolling_mean_24"", ""transform_dict"": {""fillna"": ""ffill"", ""transformations"": {""0"": ""cffilter"", ""1"": ""ConvolutionFilter""}, ""transformation_params"": {""0"": {}, ""1"": {""weight"": [1.0, 0.5, 0.3333333333333333]}}}, ""isolated_only"": false, ""on_inverse"": false}}}",0,1,9.407009824078479,0.6143593583392121,0.780598123943632,0.4954219877291607,0.6143593583392121,0.0,-11.117760907126158,0.4584125682583788,62.60536209357929,0.5951464485236139,0.29478089183161804,0.9416666666666667,0.5416666666666666,2.3572894931199757,0.975,1.2461612650054619,0.45334331849812853,2.3043221487759875,0.5261022410091957,0.22171876185399483,51.48760118645313,19.2266544665278,20.59106852857378,0.06571345825363738,9.407009824078479,0.6143593583392121,0.780598123943632,0.4954219877291607,0.6143593583392121,0.0,0.4584125682583788,0.5951464485236139,0.29478089183161804,2.3572894931199757,0.975,1.2461612650054619,0.45334331849812853,2.3043221487759875,0.5261022410091957,0.22171876185399483,51.48760118645313,19.2266544665278,20.59106852857378,0.06571345825363738,0.9416666666666667,0.5416666666666666,3.8977,15.822653758541803,8.726570878779889,Wh,8.726570878779889,Wh
307,391cc75f9a7d750778405fc3cfcecb92,RollingRegression,"{""regression_model"": {""model"": ""DecisionTree"", ""model_params"": {""max_depth"": null, ""min_samples_split"": 0.05}}, ""holiday"": false, ""mean_rolling_periods"": null, ""macd_periods"": null, ""std_rolling_periods"": null, ""max_rolling_periods"": 420, ""min_rolling_periods"": 168, ""ewm_var_alpha"": null, ""quantile90_rolling_periods"": null, ""quantile10_rolling_periods"": null, ""ewm_alpha"": null, ""additional_lag_periods"": 6, ""abs_energy"": false, ""rolling_autocorr_periods"": null, ""nonzero_last_n"": null, ""add_date_part"": ""expanded"", ""polynomial_degree"": null, ""x_transform"": null, ""regression_type"": null}","{""fillna"": ""mean"", ""transformations"": {""0"": ""STLFilter"", ""1"": ""RobustScaler"", ""2"": ""MaxAbsScaler"", ""3"": ""SeasonalDifference"", ""4"": ""AlignLastValue""}, ""transformation_params"": {""0"": {""decomp_type"": ""seasonal_decompose"", ""part"": ""trend""}, ""1"": {}, ""2"": {}, ""3"": {""lag_1"": 7, ""method"": ""LastValue""}, ""4"": {""rows"": 1, ""lag"": 2, ""method"": ""additive"", ""strength"": 0.7, ""first_value_only"": false, ""threshold"": null, ""threshold_method"": ""mean"", ""mean_type"": ""arithmetic""}}}",0,1,9.911961201900292,0.6463898687135604,0.799105739975417,0.486102675642744,0.6463898687135604,0.0,-27.18106511660987,0.5268554134413537,50.385719129017374,0.5811612746634708,0.2581661139569012,0.675,0.5333333333333333,2.1238741534096848,0.9833333333333333,1.2587485220603365,0.4921180908085582,2.610995297712859,2.669002039453422,0.09348915970867876,23.204654012407506,8.696239182412667,26.95943255988439,0.029616024588374958,9.911961201900292,0.6463898687135604,0.799105739975417,0.486102675642744,0.6463898687135604,0.0,0.5268554134413537,0.5811612746634708,0.2581661139569012,2.1238741534096848,0.9833333333333333,1.2587485220603365,0.4921180908085582,2.610995297712859,2.669002039453422,0.09348915970867876,23.204654012407506,8.696239182412667,26.95943255988439,0.029616024588374958,0.675,0.5333333333333333,1.3472,15.7978522924128,9.181543225617508,Wh,9.181543225617508,Wh
308,f2b14ad79cba25729e1e70a912e59677,ARIMA,"{""p"": 4, ""d"": 0, ""q"": 12, ""regression_type"": null}","{""fillna"": ""ffill"", ""transformations"": {""0"": ""bkfilter"", ""1"": ""ChangepointDetrend""}, ""transformation_params"": {""0"": {}, ""1"": {""model"": ""ElasticNet"", ""changepoint_spacing"": 90, ""changepoint_distance_end"": 180, ""datepart_method"": null}}}",0,1,9.33673408690822,0.6110107250846404,0.7789032953672775,0.5633759122438647,0.6110107250846404,0.0,-14.321362184138962,0.4640428135107946,58.99992482601789,0.5841863736257155,0.29028305792008435,0.9333333333333333,0.475,2.118463727809919,0.9666666666666667,1.2547764052953758,0.44707714347002786,2.265427769609683,0.9063250699778573,0.4235293508492245,44.67856264187893,16.31671989196585,13.03009918319184,0.05702310446290743,9.33673408690822,0.6110107250846404,0.7789032953672775,0.5633759122438647,0.6110107250846404,0.0,0.4640428135107946,0.5841863736257155,0.29028305792008435,2.118463727809919,0.9666666666666667,1.2547764052953758,0.44707714347002786,2.265427769609683,0.9063250699778573,0.4235293508492245,44.67856264187893,16.31671989196585,13.03009918319184,0.05702310446290743,0.9333333333333333,0.475,1.9728,15.689649322838765,8.679005744390052,Wh,8.679005744390052,Wh
309,e3886eaa05647932af24298a086104af,Ensemble,"{""model_name"": ""BestN"", ""model_count"": 3, ""model_metric"": ""best_score_unique"", ""models"": {""5bb9f16e5f9c93ddad63947a240ff284"": {""Model"": ""FBProphet"", ""ModelParameters"": ""{\""holiday\"": false, \""regression_type\"": null, \""growth\"": \""linear\"", \""seasonality_mode\"": \""additive\"", \""changepoint_prior_scale\"": 0.05, \""n_changepoints\"": 25, \""changepoint_range\"": 360, \""changepoint_spacing\"": null, \""changepoint_distance_end\"": null, \""seasonality_prior_scale\"": 10.0, \""yearly_seasonality_prior_scale\"": null, \""yearly_seasonality_order\"": null, \""weekly_seasonality_prior_scale\"": null, \""holidays_prior_scale\"": 10.0, \""trend_phi\"": null}"", ""TransformationParameters"": ""{\""fillna\"": \""rolling_mean\"", \""transformations\"": {\""0\"": \""StandardScaler\"", \""1\"": \""bkfilter\"", \""2\"": \""HPFilter\""}, \""transformation_params\"": {\""0\"": {}, \""1\"": {}, \""2\"": {\""part\"": \""trend\"", \""lamb\"": 6.25}}}""}, ""290072eada53189c757f67ac7b1cfea9"": {""Model"": ""ARIMA"", ""ModelParameters"": ""{\""p\"": 0, \""d\"": 0, \""q\"": 2, \""regression_type\"": \""Holiday\""}"", ""TransformationParameters"": ""{\""fillna\"": \""mean\"", \""transformations\"": {\""0\"": \""AnomalyRemoval\"", \""1\"": \""ChangepointDetrend\"", \""2\"": \""ClipOutliers\""}, \""transformation_params\"": {\""0\"": {\""method\"": \""zscore\"", \""method_params\"": {\""distribution\"": \""chi2\"", \""alpha\"": 0.05}, \""fillna\"": \""ffill\"", \""transform_dict\"": null, \""isolated_only\"": false, \""on_inverse\"": false}, \""1\"": {\""model\"": \""ElasticNet\"", \""changepoint_spacing\"": 90, \""changepoint_distance_end\"": 180, \""datepart_method\"": null}, \""2\"": {\""method\"": \""clip\"", \""std_threshold\"": 2, \""fillna\"": null}}}""}, ""7f1b9001e4365205912d8167e1108b4a"": {""Model"": ""DatepartRegression"", ""ModelParameters"": ""{\""regression_model\"": {\""model\"": \""ElasticNet\"", \""model_params\"": {\""l1_ratio\"": 0.5, \""fit_intercept\"": true, \""selection\"": \""cyclic\"", \""max_iter\"": 1000}}, \""datepart_method\"": \""simple_2\"", \""polynomial_degree\"": null, \""holiday_countries_used\"": false, \""lags\"": null, \""forward_lags\"": null, \""regression_type\"": null}"", ""TransformationParameters"": ""{\""fillna\"": \""ffill_mean_biased\"", \""transformations\"": {\""0\"": \""AlignLastValue\"", \""1\"": \""bkfilter\"", \""2\"": \""CointegrationTransformer\""}, \""transformation_params\"": {\""0\"": {\""rows\"": 7, \""lag\"": 2, \""method\"": \""additive\"", \""strength\"": 1.0, \""first_value_only\"": true, \""threshold\"": null, \""threshold_method\"": \""max\"", \""mean_type\"": \""arithmetic\""}, \""1\"": {}, \""2\"": {\""n_components\"": 5, \""max_components\"": 20, \""shrinkage\"": 0.01, \""method\"": \""cca\"", \""min_periods\"": 30}}}""}}, ""model_weights"": {}, ""point_method"": ""mean""}","{""fillna"": ""ffill"", ""transformations"": {""0"": ""RegressionFilter"", ""1"": ""HistoricValues""}, ""transformation_params"": {""0"": {""sigma"": 1, ""rolling_window"": 90, ""run_order"": ""season_first"", ""regression_params"": {""regression_model"": {""model"": ""ElasticNet"", ""model_params"": {""l1_ratio"": 0.5, ""fit_intercept"": false, ""selection"": ""cyclic"", ""max_iter"": 2000}}, ""datepart_method"": ""simple"", ""polynomial_degree"": null, ""transform_dict"": {""fillna"": null, ""transformations"": {""0"": ""ScipyFilter""}, ""transformation_params"": {""0"": {""method"": ""savgol_filter"", ""method_args"": {""window_length"": 31, ""polyorder"": 3, ""deriv"": 0, ""mode"": ""interp""}}}}, ""holiday_countries_used"": false, ""lags"": null, ""forward_lags"": null}, ""holiday_params"": null, ""trend_method"": ""rolling_mean""}, ""1"": {""window"": 28}}}",1,1,8.668292827079044,0.5639356351527753,0.7274307454137078,0.4854752514217551,0.5639356351527753,0.0,-14.478736261080629,0.4343008898383787,53.193539957252405,0.5399944569001941,0.34724342016699783,0.5333333333333333,0.49166666666666664,2.3378496170043945,0.9833333333333333,1.2253285352795187,0.4102998848807782,2.0937894444512026,0.9441660146356218,0.06442269463962884,38.71480369617178,13.820933969912197,28.405667611292444,0.04941157828023889,8.668292827079044,0.5639356351527753,0.7274307454137078,0.4854752514217551,0.5639356351527753,0.0,0.4343008898383787,0.5399944569001941,0.34724342016699783,2.3378496170043945,0.9833333333333333,1.2253285352795187,0.4102998848807782,2.0937894444512026,0.9441660146356218,0.06442269463962884,38.71480369617178,13.820933969912197,28.405667611292444,0.04941157828023889,0.5333333333333333,0.49166666666666664,0.923,15.671788799822204,8.010335033446738,Wh,8.010335033446738,Wh
310,9a863c9780edce9ed3958ec4ee61ce3a,Ensemble,"{""model_name"": ""BestN"", ""model_count"": 5, ""model_metric"": ""bestn_horizontal"", ""models"": {""5bb9f16e5f9c93ddad63947a240ff284"": {""Model"": ""FBProphet"", ""ModelParameters"": ""{\""holiday\"": false, \""regression_type\"": null, \""growth\"": \""linear\"", \""seasonality_mode\"": \""additive\"", \""changepoint_prior_scale\"": 0.05, \""n_changepoints\"": 25, \""changepoint_range\"": 360, \""changepoint_spacing\"": null, \""changepoint_distance_end\"": null, \""seasonality_prior_scale\"": 10.0, \""yearly_seasonality_prior_scale\"": null, \""yearly_seasonality_order\"": null, \""weekly_seasonality_prior_scale\"": null, \""holidays_prior_scale\"": 10.0, \""trend_phi\"": null}"", ""TransformationParameters"": ""{\""fillna\"": \""rolling_mean\"", \""transformations\"": {\""0\"": \""StandardScaler\"", \""1\"": \""bkfilter\"", \""2\"": \""HPFilter\""}, \""transformation_params\"": {\""0\"": {}, \""1\"": {}, \""2\"": {\""part\"": \""trend\"", \""lamb\"": 6.25}}}""}, ""5c9aafe0ed22a0009a0c5786b4223a8f"": {""Model"": ""FBProphet"", ""ModelParameters"": ""{\""holiday\"": false, \""regression_type\"": null, \""growth\"": \""linear\"", \""seasonality_mode\"": \""additive\"", \""changepoint_prior_scale\"": 0.05, \""n_changepoints\"": 25, \""changepoint_range\"": 0.8, \""changepoint_spacing\"": null, \""changepoint_distance_end\"": null, \""seasonality_prior_scale\"": 10.0, \""yearly_seasonality_prior_scale\"": null, \""yearly_seasonality_order\"": null, \""weekly_seasonality_prior_scale\"": 0.0001, \""holidays_prior_scale\"": 10.0, \""trend_phi\"": null}"", ""TransformationParameters"": ""{\""fillna\"": \""mean\"", \""transformations\"": {\""0\"": \""StandardScaler\"", \""1\"": \""bkfilter\"", \""2\"": \""HPFilter\""}, \""transformation_params\"": {\""0\"": {}, \""1\"": {}, \""2\"": {\""part\"": \""trend\"", \""lamb\"": 6.25}}}""}, ""2f39eb773641165ab62d1d03bee46b54"": {""Model"": ""FBProphet"", ""ModelParameters"": ""{\""holiday\"": false, \""regression_type\"": null, \""growth\"": \""linear\"", \""seasonality_mode\"": \""additive\"", \""changepoint_prior_scale\"": 0.05, \""n_changepoints\"": 25, \""changepoint_range\"": 360, \""changepoint_spacing\"": null, \""changepoint_distance_end\"": null, \""seasonality_prior_scale\"": 10.0, \""yearly_seasonality_prior_scale\"": null, \""yearly_seasonality_order\"": null, \""weekly_seasonality_prior_scale\"": null, \""holidays_prior_scale\"": 20, \""trend_phi\"": null}"", ""TransformationParameters"": ""{\""fillna\"": \""rolling_mean\"", \""transformations\"": {\""0\"": \""StandardScaler\"", \""1\"": \""bkfilter\"", \""2\"": \""HPFilter\""}, \""transformation_params\"": {\""0\"": {}, \""1\"": {}, \""2\"": {\""part\"": \""trend\"", \""lamb\"": 6.25}}}""}, ""03692eafcc5a0b55c93fa7a44934e875"": {""Model"": ""FBProphet"", ""ModelParameters"": ""{\""holiday\"": false, \""regression_type\"": null, \""growth\"": \""linear\"", \""seasonality_mode\"": \""multiplicative\"", \""changepoint_prior_scale\"": 0.05, \""n_changepoints\"": 25, \""changepoint_range\"": 0.8, \""changepoint_spacing\"": null, \""changepoint_distance_end\"": null, \""seasonality_prior_scale\"": 10.0, \""yearly_seasonality_prior_scale\"": null, \""yearly_seasonality_order\"": null, \""weekly_seasonality_prior_scale\"": 0.0001, \""holidays_prior_scale\"": 0.1, \""trend_phi\"": null}"", ""TransformationParameters"": ""{\""fillna\"": \""rolling_mean\"", \""transformations\"": {\""0\"": \""StandardScaler\"", \""1\"": \""bkfilter\"", \""2\"": \""HPFilter\""}, \""transformation_params\"": {\""0\"": {}, \""1\"": {}, \""2\"": {\""part\"": \""trend\"", \""lamb\"": 6.25}}}""}, ""0c0137540bc924eddab1cf1337a173c4"": {""Model"": ""FBProphet"", ""ModelParameters"": ""{\""holiday\"": false, \""regression_type\"": null, \""growth\"": \""linear\"", \""seasonality_mode\"": \""additive\"", \""changepoint_prior_scale\"": 0.05, \""n_changepoints\"": 25, \""changepoint_range\"": 0.85, \""changepoint_spacing\"": null, \""changepoint_distance_end\"": null, \""seasonality_prior_scale\"": 10.0, \""yearly_seasonality_prior_scale\"": null, \""yearly_seasonality_order\"": null, \""weekly_seasonality_prior_scale\"": 0.0001, \""holidays_prior_scale\"": 0.1, \""trend_phi\"": null}"", ""TransformationParameters"": ""{\""fillna\"": \""rolling_mean\"", \""transformations\"": {\""0\"": \""StandardScaler\"", \""1\"": \""bkfilter\"", \""2\"": \""HPFilter\""}, \""transformation_params\"": {\""0\"": {}, \""1\"": {}, \""2\"": {\""part\"": \""trend\"", \""lamb\"": 6.25}}}""}}, ""point_method"": ""median"", ""model_weights"": {}}","{""fillna"": ""zero"", ""transformations"": {""0"": ""AnomalyRemoval"", ""1"": ""EWMAFilter"", ""2"": ""AlignLastValue""}, ""transformation_params"": {""0"": {""method"": ""med_diff"", ""method_params"": {""distribution"": ""norm"", ""alpha"": 0.05}, ""fillna"": ""rolling_mean_24"", ""transform_dict"": {""fillna"": null, ""transformations"": {""0"": ""EWMAFilter""}, ""transformation_params"": {""0"": {""span"": 7}}}, ""isolated_only"": false, ""on_inverse"": false}, ""1"": {""span"": 7}, ""2"": {""rows"": 1, ""lag"": 1, ""method"": ""multiplicative"", ""strength"": 1.0, ""first_value_only"": false, ""threshold"": 1, ""threshold_method"": ""max""}}}",1,1,9.597572843610338,0.6273815831709194,0.8074245060837585,0.4762515241555687,0.6273815831709194,0.0,-7.646405789880929,0.4545003000884153,67.6393841906294,0.6161990462005618,0.2605003966052662,0.6583333333333333,0.5,2.3948057042606,0.9833333333333333,1.2464679593878107,0.46219471860610206,2.3715427827847364,0.6697503464407639,0.021350010454642968,59.992978400748456,24.31355597659816,29.591426927603052,0.07656884358182568,9.597572843610338,0.6273815831709194,0.8074245060837585,0.4762515241555687,0.6273815831709194,0.0,0.4545003000884153,0.6161990462005618,0.2605003966052662,2.3948057042606,0.9833333333333333,1.2464679593878107,0.46219471860610206,2.3715427827847364,0.6697503464407639,0.021350010454642968,59.992978400748456,24.31355597659816,29.591426927603052,0.07656884358182568,0.6583333333333333,0.5,3.2482,15.618272302045806,8.911543023259792,Wh,8.911543023259792,Wh
311,d25f9228dfa25ea039847dd854190506,FBProphet,"{""holiday"": false, ""regression_type"": null, ""growth"": ""linear"", ""seasonality_mode"": ""multiplicative"", ""changepoint_prior_scale"": 0.001, ""n_changepoints"": 25, ""changepoint_range"": 0.8, ""changepoint_spacing"": null, ""changepoint_distance_end"": null, ""seasonality_prior_scale"": 10.0, ""yearly_seasonality_prior_scale"": null, ""yearly_seasonality_order"": 2, ""weekly_seasonality_prior_scale"": null, ""holidays_prior_scale"": 0.1, ""trend_phi"": null}","{""fillna"": ""cubic"", ""transformations"": {""0"": ""bkfilter"", ""1"": ""AlignLastValue"", ""2"": ""AnomalyRemoval""}, ""transformation_params"": {""0"": {}, ""1"": {""rows"": 1, ""lag"": 7, ""method"": ""additive"", ""strength"": 1.0, ""first_value_only"": false, ""threshold"": 10, ""threshold_method"": ""mean"", ""mean_type"": ""arithmetic""}, ""2"": {""method"": ""rolling_zscore"", ""method_params"": {""distribution"": ""uniform"", ""alpha"": 0.05, ""rolling_periods"": 200, ""center"": true}, ""fillna"": ""rolling_mean_24"", ""transform_dict"": {""fillna"": ""ffill"", ""transformations"": {""0"": ""cffilter"", ""1"": ""ConvolutionFilter""}, ""transformation_params"": {""0"": {}, ""1"": {""weight"": [1.0, 0.5, 0.3333333333333333]}}}, ""isolated_only"": false, ""on_inverse"": false}}}",0,1,9.432964833653013,0.6155621000510298,0.784507198767193,0.4928368733536025,0.6155621000510298,0.0,-12.191394788564786,0.46025689028235806,61.67605721755881,0.5944521076436762,0.2726004113226224,0.95,0.5083333333333333,2.494660735020843,0.9833333333333333,1.2434792491842273,0.4612317274815919,2.388274265810674,0.8965009365613342,0.29734988355619096,49.484662428994014,17.93698464971023,18.44535658815215,0.06315711401949363,9.432964833653013,0.6155621000510298,0.784507198767193,0.4928368733536025,0.6155621000510298,0.0,0.46025689028235806,0.5944521076436762,0.2726004113226224,2.494660735020843,0.9833333333333333,1.2434792491842273,0.4612317274815919,2.388274265810674,0.8965009365613342,0.29734988355619096,49.484662428994014,17.93698464971023,18.44535658815215,0.06315711401949363,0.95,0.5083333333333333,0.6703,15.53661115588195,8.743655034257582,Wh,8.743655034257582,Wh
312,3850176b8fa89a824c07fd3405c8a353,Ensemble,"{""model_name"": ""BestN"", ""model_count"": 3, ""model_metric"": ""mixed_metric"", ""models"": {""ca2e0fcc7b23d74ee347d493f6ff4379"": {""Model"": ""ARIMA"", ""ModelParameters"": ""{\""p\"": 0, \""d\"": 2, \""q\"": 2, \""regression_type\"": null}"", ""TransformationParameters"": ""{\""fillna\"": \""cubic\"", \""transformations\"": {\""0\"": \""AlignLastValue\"", \""1\"": \""AlignLastValue\""}, \""transformation_params\"": {\""0\"": {\""rows\"": 84, \""lag\"": 1, \""method\"": \""additive\"", \""strength\"": 0.5, \""first_value_only\"": false, \""threshold\"": 10, \""threshold_method\"": \""max\"", \""mean_type\"": \""arithmetic\""}, \""1\"": {\""rows\"": 1, \""lag\"": 7, \""method\"": \""additive\"", \""strength\"": 1.0, \""first_value_only\"": false, \""threshold\"": 10, \""threshold_method\"": \""mean\"", \""mean_type\"": \""arithmetic\""}}}""}, ""216178f098ef6698659d5bd14449f8af"": {""Model"": ""ARIMA"", ""ModelParameters"": ""{\""p\"": 4, \""d\"": 2, \""q\"": 4, \""regression_type\"": null}"", ""TransformationParameters"": ""{\""fillna\"": \""cubic\"", \""transformations\"": {\""0\"": \""bkfilter\"", \""1\"": \""AlignLastValue\""}, \""transformation_params\"": {\""0\"": {}, \""1\"": {\""rows\"": 1, \""lag\"": 7, \""method\"": \""additive\"", \""strength\"": 1.0, \""first_value_only\"": false, \""threshold\"": 10, \""threshold_method\"": \""mean\"", \""mean_type\"": \""arithmetic\""}}}""}, ""5c9aafe0ed22a0009a0c5786b4223a8f"": {""Model"": ""FBProphet"", ""ModelParameters"": ""{\""holiday\"": false, \""regression_type\"": null, \""growth\"": \""linear\"", \""seasonality_mode\"": \""additive\"", \""changepoint_prior_scale\"": 0.05, \""n_changepoints\"": 25, \""changepoint_range\"": 0.8, \""changepoint_spacing\"": null, \""changepoint_distance_end\"": null, \""seasonality_prior_scale\"": 10.0, \""yearly_seasonality_prior_scale\"": null, \""yearly_seasonality_order\"": null, \""weekly_seasonality_prior_scale\"": 0.0001, \""holidays_prior_scale\"": 10.0, \""trend_phi\"": null}"", ""TransformationParameters"": ""{\""fillna\"": \""mean\"", \""transformations\"": {\""0\"": \""StandardScaler\"", \""1\"": \""bkfilter\"", \""2\"": \""HPFilter\""}, \""transformation_params\"": {\""0\"": {}, \""1\"": {}, \""2\"": {\""part\"": \""trend\"", \""lamb\"": 6.25}}}""}}, ""model_weights"": {}, ""point_method"": ""mean""}","{""fillna"": ""ffill"", ""transformations"": {""0"": ""RegressionFilter"", ""1"": ""HistoricValues""}, ""transformation_params"": {""0"": {""sigma"": 1, ""rolling_window"": 90, ""run_order"": ""season_first"", ""regression_params"": {""regression_model"": {""model"": ""ElasticNet"", ""model_params"": {""l1_ratio"": 0.5, ""fit_intercept"": false, ""selection"": ""cyclic"", ""max_iter"": 2000}}, ""datepart_method"": ""simple"", ""polynomial_degree"": null, ""transform_dict"": {""fillna"": null, ""transformations"": {""0"": ""ScipyFilter""}, ""transformation_params"": {""0"": {""method"": ""savgol_filter"", ""method_args"": {""window_length"": 31, ""polyorder"": 3, ""deriv"": 0, ""mode"": ""interp""}}}}, ""holiday_countries_used"": false, ""lags"": null, ""forward_lags"": null}, ""holiday_params"": null, ""trend_method"": ""rolling_mean""}, ""1"": {""window"": 28}}}",1,1,7.567772693253053,0.49028368205207656,0.6576263529391098,0.47123680333041856,0.49028368205207656,0.0,-18.38082817203302,0.3957934113941729,40.45321367421616,0.4561305167049132,0.42697058089868223,0.5333333333333333,0.5083333333333333,1.9498885643393544,0.9833333333333333,1.2013760223628962,0.3424083688249174,1.8135129616364434,0.6942674864236718,0.05112465478929278,22.072385502183142,5.890798735341699,28.26821232302264,0.028170913964380425,7.567772693253053,0.49028368205207656,0.6576263529391098,0.47123680333041856,0.49028368205207656,0.0,0.3957934113941729,0.4561305167049132,0.42697058089868223,1.9498885643393544,0.9833333333333333,1.2013760223628962,0.3424083688249174,1.8135129616364434,0.6942674864236718,0.05112465478929278,22.072385502183142,5.890798735341699,28.26821232302264,0.028170913964380425,0.5333333333333333,0.5083333333333333,1.5207,15.504055026496724,6.964157449644159,Wh,6.964157449644159,Wh
313,685bfa5dd5c2e1d3f4340a4de4109259,FBProphet,"{""holiday"": true, ""regression_type"": null, ""growth"": ""linear"", ""seasonality_mode"": ""multiplicative"", ""changepoint_prior_scale"": 0.05, ""n_changepoints"": 25, ""changepoint_range"": 0.8, ""changepoint_spacing"": null, ""changepoint_distance_end"": null, ""seasonality_prior_scale"": 10.0, ""yearly_seasonality_prior_scale"": null, ""yearly_seasonality_order"": 2, ""weekly_seasonality_prior_scale"": null, ""holidays_prior_scale"": 0.1, ""trend_phi"": null}","{""fillna"": ""cubic"", ""transformations"": {""0"": ""bkfilter"", ""1"": ""AlignLastValue"", ""2"": ""AnomalyRemoval""}, ""transformation_params"": {""0"": {}, ""1"": {""rows"": 1, ""lag"": 7, ""method"": ""additive"", ""strength"": 1.0, ""first_value_only"": false, ""threshold"": 10, ""threshold_method"": ""mean"", ""mean_type"": ""arithmetic""}, ""2"": {""method"": ""rolling_zscore"", ""method_params"": {""distribution"": ""uniform"", ""alpha"": 0.05, ""rolling_periods"": 200, ""center"": true}, ""fillna"": ""rolling_mean_24"", ""transform_dict"": {""fillna"": ""ffill"", ""transformations"": {""0"": ""cffilter"", ""1"": ""ConvolutionFilter""}, ""transformation_params"": {""0"": {}, ""1"": {""weight"": [1.0, 0.5, 0.3333333333333333]}}}, ""isolated_only"": false, ""on_inverse"": false}}}",0,1,9.43283586132644,0.615553225051125,0.7844969859517016,0.4928365184098288,0.615553225051125,0.0,-12.191830968221266,0.4602526823678568,61.67455603791372,0.5944425721131227,0.26991871420862096,0.9333333333333333,0.5083333333333333,2.4946411583947166,0.9833333333333333,1.2434762443349816,0.4612238836598829,2.38822659157777,0.896487815302052,0.2973486637361201,49.48272506969245,17.93642675803591,18.44540833652029,0.06315464137410616,9.43283586132644,0.615553225051125,0.7844969859517016,0.4928365184098288,0.615553225051125,0.0,0.4602526823678568,0.5944425721131227,0.26991871420862096,2.4946411583947166,0.9833333333333333,1.2434762443349816,0.4612238836598829,2.38822659157777,0.896487815302052,0.2973486637361201,49.48272506969245,17.93642675803591,18.44540833652029,0.06315464137410616,0.9333333333333333,0.5083333333333333,0.906,15.49812867105995,8.743528970717298,Wh,8.743528970717298,Wh
314,7f1b9001e4365205912d8167e1108b4a,DatepartRegression,"{""regression_model"": {""model"": ""ElasticNet"", ""model_params"": {""l1_ratio"": 0.5, ""fit_intercept"": true, ""selection"": ""cyclic"", ""max_iter"": 1000}}, ""datepart_method"": ""simple_2"", ""polynomial_degree"": null, ""holiday_countries_used"": false, ""lags"": null, ""forward_lags"": null, ""regression_type"": null}","{""fillna"": ""ffill_mean_biased"", ""transformations"": {""0"": ""AlignLastValue"", ""1"": ""bkfilter"", ""2"": ""CointegrationTransformer""}, ""transformation_params"": {""0"": {""rows"": 7, ""lag"": 2, ""method"": ""additive"", ""strength"": 1.0, ""first_value_only"": true, ""threshold"": null, ""threshold_method"": ""max"", ""mean_type"": ""arithmetic""}, ""1"": {}, ""2"": {""n_components"": 5, ""max_components"": 20, ""shrinkage"": 0.01, ""method"": ""cca"", ""min_periods"": 30}}}",0,1,9.095853789615202,0.5924422183286921,0.7531672112990386,0.4876660589823493,0.5924422183286921,0.0,-12.996355864277863,0.4506650950794805,58.0967103351652,0.569628508843259,0.29998361043421234,0.9583333333333334,0.5,2.30631327360868,0.9833333333333333,1.2352911024881026,0.43701979019186,2.220255753645271,2.1781008805785778,0.022876888197152584,45.10035447088734,15.889716299409953,28.622620143110126,0.05756143600503726,9.095853789615202,0.5924422183286921,0.7531672112990386,0.4876660589823493,0.5924422183286921,0.0,0.4506650950794805,0.569628508843259,0.29998361043421234,2.30631327360868,0.9833333333333333,1.2352911024881026,0.43701979019186,2.220255753645271,2.1781008805785778,0.022876888197152584,45.10035447088734,15.889716299409953,28.622620143110126,0.05756143600503726,0.9583333333333334,0.5,0.1992,15.495216486431687,8.415252310639284,Wh,8.415252310639284,Wh
315,f7e15a178da8c50b6bc95104821e657c,ARIMA,"{""p"": 0, ""d"": 2, ""q"": 2, ""regression_type"": ""Holiday""}","{""fillna"": ""cubic"", ""transformations"": {""0"": ""bkfilter"", ""1"": ""AlignLastValue"", ""2"": ""AnomalyRemoval""}, ""transformation_params"": {""0"": {}, ""1"": {""rows"": 1, ""lag"": 7, ""method"": ""additive"", ""strength"": 1.0, ""first_value_only"": false, ""threshold"": 10, ""threshold_method"": ""mean"", ""mean_type"": ""arithmetic""}, ""2"": {""method"": ""rolling_zscore"", ""method_params"": {""distribution"": ""uniform"", ""alpha"": 0.05, ""rolling_periods"": 200, ""center"": true}, ""fillna"": ""rolling_mean_24"", ""transform_dict"": {""fillna"": ""ffill"", ""transformations"": {""0"": ""cffilter"", ""1"": ""ConvolutionFilter""}, ""transformation_params"": {""0"": {}, ""1"": {""weight"": [1.0, 0.5, 0.3333333333333333]}}}, ""isolated_only"": false, ""on_inverse"": false}}}",0,1,9.052404687806463,0.5893643136643683,0.7440895591385165,0.4876952069101474,0.5893643136643683,0.0,-13.489101728523877,0.4511474172021574,57.234615911200294,0.565776094627256,0.301515984107368,0.975,0.5083333333333333,2.3090038769965844,0.9833333333333333,1.2343816663294522,0.43787458765120985,2.2189033515934833,0.8431116892453816,0.05386692148266522,43.745514182676416,14.998113601684588,28.767563936098824,0.05583225774331783,9.052404687806463,0.5893643136643683,0.7440895591385165,0.4876952069101474,0.5893643136643683,0.0,0.4511474172021574,0.565776094627256,0.301515984107368,2.3090038769965844,0.9833333333333333,1.2343816663294522,0.43787458765120985,2.2189033515934833,0.8431116892453816,0.05386692148266522,43.745514182676416,14.998113601684588,28.767563936098824,0.05583225774331783,0.975,0.5083333333333333,0.2865,15.442685674552177,8.371532697929291,Wh,8.371532697929291,Wh
316,0d0cd477a1e9c7a8564d1eaae6fb8917,ARIMA,"{""p"": 0, ""d"": 2, ""q"": 3, ""regression_type"": null}","{""fillna"": ""cubic"", ""transformations"": {""0"": ""bkfilter"", ""1"": ""ChangepointDetrend""}, ""transformation_params"": {""0"": {}, ""1"": {""model"": ""ElasticNet"", ""changepoint_spacing"": 90, ""changepoint_distance_end"": 180, ""datepart_method"": null}}}",0,1,8.335709071081615,0.5411718969882907,0.691854395276716,0.47579859804110197,0.5411718969882907,0.0,-15.321922484673461,0.42372982631373785,49.61870515392144,0.5170695897024232,0.36072752366298333,0.975,0.5083333333333333,2.2244014072946303,0.9833333333333333,1.217571423470563,0.3951851594998303,1.9949217450736492,0.6179903249415992,0.003674059019719253,34.296782669247975,13.98655000425692,29.733640620859095,0.04377287238549163,8.335709071081615,0.5411718969882907,0.691854395276716,0.47579859804110197,0.5411718969882907,0.0,0.42372982631373785,0.5170695897024232,0.36072752366298333,2.2244014072946303,0.9833333333333333,1.217571423470563,0.3951851594998303,1.9949217450736492,0.6179903249415992,0.003674059019719253,34.296782669247975,13.98655000425692,29.733640620859095,0.04377287238549163,0.975,0.5083333333333333,0.2055,15.429668355913686,7.6869910949815266,Wh,7.6869910949815266,Wh
317,216178f098ef6698659d5bd14449f8af,ARIMA,"{""p"": 4, ""d"": 2, ""q"": 4, ""regression_type"": null}","{""fillna"": ""cubic"", ""transformations"": {""0"": ""bkfilter"", ""1"": ""AlignLastValue""}, ""transformation_params"": {""0"": {}, ""1"": {""rows"": 1, ""lag"": 7, ""method"": ""additive"", ""strength"": 1.0, ""first_value_only"": false, ""threshold"": 10, ""threshold_method"": ""mean"", ""mean_type"": ""arithmetic""}}}",0,1,7.966170315547585,0.5154973823490544,0.6501936836400117,0.4849088206778969,0.5154973823490544,0.0,-40.9679748672624,0.46961622275662596,20.89171101462413,0.42971287634358296,0.390662272412945,0.9916666666666667,0.4583333333333333,1.7305456922008604,0.9833333333333333,1.213352811833201,0.39370632617413764,1.9129486929296495,0.8657880072992632,0.08407826150976863,20.076263852638274,9.160448497540187,25.75194320978806,0.02562327038293773,7.966170315547585,0.5154973823490544,0.6501936836400117,0.4849088206778969,0.5154973823490544,0.0,0.46961622275662596,0.42971287634358296,0.390662272412945,1.7305456922008604,0.9833333333333333,1.213352811833201,0.39370632617413764,1.9129486929296495,0.8657880072992632,0.08407826150976863,20.076263852638274,9.160448497540187,25.75194320978806,0.02562327038293773,0.9916666666666667,0.4583333333333333,0.5724,15.351998157766033,7.322301489889094,Wh,7.322301489889094,Wh
318,b872593e9ff9953ddf0bf236506a808c,Ensemble,"{""model_name"": ""BestN"", ""model_count"": 5, ""model_metric"": ""best_score_unique"", ""models"": {""5bb9f16e5f9c93ddad63947a240ff284"": {""Model"": ""FBProphet"", ""ModelParameters"": ""{\""holiday\"": false, \""regression_type\"": null, \""growth\"": \""linear\"", \""seasonality_mode\"": \""additive\"", \""changepoint_prior_scale\"": 0.05, \""n_changepoints\"": 25, \""changepoint_range\"": 360, \""changepoint_spacing\"": null, \""changepoint_distance_end\"": null, \""seasonality_prior_scale\"": 10.0, \""yearly_seasonality_prior_scale\"": null, \""yearly_seasonality_order\"": null, \""weekly_seasonality_prior_scale\"": null, \""holidays_prior_scale\"": 10.0, \""trend_phi\"": null}"", ""TransformationParameters"": ""{\""fillna\"": \""rolling_mean\"", \""transformations\"": {\""0\"": \""StandardScaler\"", \""1\"": \""bkfilter\"", \""2\"": \""HPFilter\""}, \""transformation_params\"": {\""0\"": {}, \""1\"": {}, \""2\"": {\""part\"": \""trend\"", \""lamb\"": 6.25}}}""}, ""290072eada53189c757f67ac7b1cfea9"": {""Model"": ""ARIMA"", ""ModelParameters"": ""{\""p\"": 0, \""d\"": 0, \""q\"": 2, \""regression_type\"": \""Holiday\""}"", ""TransformationParameters"": ""{\""fillna\"": \""mean\"", \""transformations\"": {\""0\"": \""AnomalyRemoval\"", \""1\"": \""ChangepointDetrend\"", \""2\"": \""ClipOutliers\""}, \""transformation_params\"": {\""0\"": {\""method\"": \""zscore\"", \""method_params\"": {\""distribution\"": \""chi2\"", \""alpha\"": 0.05}, \""fillna\"": \""ffill\"", \""transform_dict\"": null, \""isolated_only\"": false, \""on_inverse\"": false}, \""1\"": {\""model\"": \""ElasticNet\"", \""changepoint_spacing\"": 90, \""changepoint_distance_end\"": 180, \""datepart_method\"": null}, \""2\"": {\""method\"": \""clip\"", \""std_threshold\"": 2, \""fillna\"": null}}}""}, ""7f1b9001e4365205912d8167e1108b4a"": {""Model"": ""DatepartRegression"", ""ModelParameters"": ""{\""regression_model\"": {\""model\"": \""ElasticNet\"", \""model_params\"": {\""l1_ratio\"": 0.5, \""fit_intercept\"": true, \""selection\"": \""cyclic\"", \""max_iter\"": 1000}}, \""datepart_method\"": \""simple_2\"", \""polynomial_degree\"": null, \""holiday_countries_used\"": false, \""lags\"": null, \""forward_lags\"": null, \""regression_type\"": null}"", ""TransformationParameters"": ""{\""fillna\"": \""ffill_mean_biased\"", \""transformations\"": {\""0\"": \""AlignLastValue\"", \""1\"": \""bkfilter\"", \""2\"": \""CointegrationTransformer\""}, \""transformation_params\"": {\""0\"": {\""rows\"": 7, \""lag\"": 2, \""method\"": \""additive\"", \""strength\"": 1.0, \""first_value_only\"": true, \""threshold\"": null, \""threshold_method\"": \""max\"", \""mean_type\"": \""arithmetic\""}, \""1\"": {}, \""2\"": {\""n_components\"": 5, \""max_components\"": 20, \""shrinkage\"": 0.01, \""method\"": \""cca\"", \""min_periods\"": 30}}}""}, ""391cc75f9a7d750778405fc3cfcecb92"": {""Model"": ""RollingRegression"", ""ModelParameters"": ""{\""regression_model\"": {\""model\"": \""DecisionTree\"", \""model_params\"": {\""max_depth\"": null, \""min_samples_split\"": 0.05}}, \""holiday\"": false, \""mean_rolling_periods\"": null, \""macd_periods\"": null, \""std_rolling_periods\"": null, \""max_rolling_periods\"": 420, \""min_rolling_periods\"": 168, \""ewm_var_alpha\"": null, \""quantile90_rolling_periods\"": null, \""quantile10_rolling_periods\"": null, \""ewm_alpha\"": null, \""additional_lag_periods\"": 6, \""abs_energy\"": false, \""rolling_autocorr_periods\"": null, \""nonzero_last_n\"": null, \""add_date_part\"": \""expanded\"", \""polynomial_degree\"": null, \""x_transform\"": null, \""regression_type\"": null}"", ""TransformationParameters"": ""{\""fillna\"": \""mean\"", \""transformations\"": {\""0\"": \""STLFilter\"", \""1\"": \""RobustScaler\"", \""2\"": \""MaxAbsScaler\"", \""3\"": \""SeasonalDifference\"", \""4\"": \""AlignLastValue\""}, \""transformation_params\"": {\""0\"": {\""decomp_type\"": \""seasonal_decompose\"", \""part\"": \""trend\""}, \""1\"": {}, \""2\"": {}, \""3\"": {\""lag_1\"": 7, \""method\"": \""LastValue\""}, \""4\"": {\""rows\"": 1, \""lag\"": 2, \""method\"": \""additive\"", \""strength\"": 0.7, \""first_value_only\"": false, \""threshold\"": null, \""threshold_method\"": \""mean\"", \""mean_type\"": \""arithmetic\""}}}""}}, ""point_method"": ""midhinge"", ""model_weights"": {}}","{""fillna"": ""median"", ""transformations"": {""0"": ""DiffSmoother"", ""1"": ""AlignLastValue"", ""2"": ""HistoricValues""}, ""transformation_params"": {""0"": {""method"": ""med_diff"", ""method_params"": {""distribution"": ""norm"", ""alpha"": 0.05}, ""transform_dict"": null, ""reverse_alignment"": false, ""isolated_only"": false, ""fillna"": ""linear""}, ""1"": {""rows"": 1, ""lag"": 1, ""method"": ""additive"", ""strength"": 1.0, ""first_value_only"": false, ""threshold"": null, ""threshold_method"": ""mean""}, ""2"": {""window"": 10}}}",1,1,9.61155191834027,0.6203210095564524,0.7724628963425418,0.49124578288152565,0.6203210095564524,0.0,-61.20988321304321,0.5928411854758643,13.228637933731079,0.4719435741720199,0.24847186360955817,0.6916666666666667,0.5166666666666667,2.14062237739563,0.9833333333333333,1.2562302745996368,0.4790566762288411,2.1852213240388094,3.2337334684994135,0.08075331546000755,47.981245279312134,25.635702701464854,27.325984043986853,0.06123830759179358,9.61155191834027,0.6203210095564524,0.7724628963425418,0.49124578288152565,0.6203210095564524,0.0,0.5928411854758643,0.4719435741720199,0.24847186360955817,2.14062237739563,0.9833333333333333,1.2562302745996368,0.4790566762288411,2.1852213240388094,3.2337334684994135,0.08075331546000755,47.981245279312134,25.635702701464854,27.325984043986853,0.06123830759179358,0.6916666666666667,0.5166666666666667,2.9895,15.321545587560978,8.811252215843671,Wh,8.811252215843671,Wh
319,95bfa2739a000b22535f059f651ff35b,ARIMA,"{""p"": 4, ""d"": 0, ""q"": 12, ""regression_type"": ""Holiday""}","{""fillna"": ""cubic"", ""transformations"": {""0"": ""bkfilter"", ""1"": ""ChangepointDetrend""}, ""transformation_params"": {""0"": {}, ""1"": {""model"": ""ElasticNet"", ""changepoint_spacing"": 90, ""changepoint_distance_end"": 180, ""datepart_method"": null}}}",0,1,8.952735452119072,0.5835360538039358,0.7580494743544802,0.5306733718704318,0.5835360538039358,0.0,-13.757912050475625,0.44480947577249347,56.26641440599667,0.5578101890474625,0.29341910000771587,0.95,0.4583333333333333,2.290510337042896,0.9666666666666667,1.2418335001457894,0.4187256690689813,2.1568212077727766,0.4993539105129357,0.20724950913203163,42.50850235552105,15.794406797203893,21.806619588300315,0.05425346356394524,8.952735452119072,0.5835360538039358,0.7580494743544802,0.5306733718704318,0.5835360538039358,0.0,0.44480947577249347,0.5578101890474625,0.29341910000771587,2.290510337042896,0.9666666666666667,1.2418335001457894,0.4187256690689813,2.1568212077727766,0.4993539105129357,0.20724950913203163,42.50850235552105,15.794406797203893,21.806619588300315,0.05425346356394524,0.95,0.4583333333333333,4.9205,15.28736339369748,8.288746097413426,Wh,8.288746097413426,Wh
320,2b6fa0ff21b9f123a727d0a82df29288,ARIMA,"{""p"": 0, ""d"": 1, ""q"": 2, ""regression_type"": ""Holiday""}","{""fillna"": ""ffill"", ""transformations"": {""0"": ""bkfilter"", ""1"": ""ChangepointDetrend""}, ""transformation_params"": {""0"": {}, ""1"": {""model"": ""ElasticNet"", ""changepoint_spacing"": 90, ""changepoint_distance_end"": 180, ""datepart_method"": null}}}",0,1,9.071190705338248,0.5908703642717759,0.7496575038670377,0.487626049718479,0.5908703642717759,0.0,-12.369528466079727,0.4483111501705068,58.53491524653337,0.5701045239503653,0.2870881121421637,0.9583333333333334,0.5083333333333333,2.3201809933594575,0.9833333333333333,1.2346076493651745,0.4377820958799672,2.214457124173491,0.690350716724347,0.05613532080387129,46.165386780453645,16.902950821388387,28.706583175822853,0.058920733284396135,9.071190705338248,0.5908703642717759,0.7496575038670377,0.487626049718479,0.5908703642717759,0.0,0.4483111501705068,0.5701045239503653,0.2870881121421637,2.3201809933594575,0.9833333333333333,1.2346076493651745,0.4377820958799672,2.214457124173491,0.690350716724347,0.05613532080387129,46.165386780453645,16.902950821388387,28.706583175822853,0.058920733284396135,0.9583333333333334,0.5083333333333333,0.3877,15.279836660817644,8.392925156909815,Wh,8.392925156909815,Wh
321,e76773413e1fbc90ae9cbf44d2e25a2d,FBProphet,"{""holiday"": false, ""regression_type"": null, ""growth"": ""linear"", ""seasonality_mode"": ""multiplicative"", ""changepoint_prior_scale"": 0.001, ""n_changepoints"": 25, ""changepoint_range"": 0.8, ""changepoint_spacing"": null, ""changepoint_distance_end"": null, ""seasonality_prior_scale"": 10.0, ""yearly_seasonality_prior_scale"": null, ""yearly_seasonality_order"": 2, ""weekly_seasonality_prior_scale"": null, ""holidays_prior_scale"": 10.0, ""trend_phi"": null}","{""fillna"": ""cubic"", ""transformations"": {""0"": ""bkfilter"", ""1"": ""AlignLastValue"", ""2"": ""AnomalyRemoval""}, ""transformation_params"": {""0"": {}, ""1"": {""rows"": 1, ""lag"": 7, ""method"": ""additive"", ""strength"": 1.0, ""first_value_only"": false, ""threshold"": 10, ""threshold_method"": ""mean"", ""mean_type"": ""arithmetic""}, ""2"": {""method"": ""rolling_zscore"", ""method_params"": {""distribution"": ""uniform"", ""alpha"": 0.05, ""rolling_periods"": 200, ""center"": true}, ""fillna"": ""rolling_mean_24"", ""transform_dict"": {""fillna"": ""ffill"", ""transformations"": {""0"": ""cffilter"", ""1"": ""ConvolutionFilter""}, ""transformation_params"": {""0"": {}, ""1"": {""weight"": [1.0, 0.5, 0.3333333333333333]}}}, ""isolated_only"": false, ""on_inverse"": false}}}",0,1,9.268339629520971,0.6040568940262854,0.7696098927723355,0.49188226616387065,0.6040568940262854,0.0,-13.333445944831714,0.45651614085761805,59.153381338322525,0.5805413559543712,0.2671585574416861,0.95,0.5083333333333333,2.4558393944798036,0.9833333333333333,1.2398374799435008,0.45232899905357343,2.3306815387205115,0.8763129029158669,0.28475758893848324,45.81993539349081,16.15346227787615,19.109606533224277,0.058479834800630376,9.268339629520971,0.6040568940262854,0.7696098927723355,0.49188226616387065,0.6040568940262854,0.0,0.45651614085761805,0.5805413559543712,0.2671585574416861,2.4558393944798036,0.9833333333333333,1.2398374799435008,0.45232899905357343,2.3306815387205115,0.8763129029158669,0.28475758893848324,45.81993539349081,16.15346227787615,19.109606533224277,0.058479834800630376,0.95,0.5083333333333333,0.6745,15.24526847930542,8.580231144823701,Wh,8.580231144823701,Wh
322,8aa8f60450cdaf0ba566ea074ddf1031,Ensemble,"{""model_name"": ""BestN"", ""model_count"": 3, ""model_metric"": ""bestn_horizontal"", ""models"": {""5bb9f16e5f9c93ddad63947a240ff284"": {""Model"": ""FBProphet"", ""ModelParameters"": ""{\""holiday\"": false, \""regression_type\"": null, \""growth\"": \""linear\"", \""seasonality_mode\"": \""additive\"", \""changepoint_prior_scale\"": 0.05, \""n_changepoints\"": 25, \""changepoint_range\"": 360, \""changepoint_spacing\"": null, \""changepoint_distance_end\"": null, \""seasonality_prior_scale\"": 10.0, \""yearly_seasonality_prior_scale\"": null, \""yearly_seasonality_order\"": null, \""weekly_seasonality_prior_scale\"": null, \""holidays_prior_scale\"": 10.0, \""trend_phi\"": null}"", ""TransformationParameters"": ""{\""fillna\"": \""rolling_mean\"", \""transformations\"": {\""0\"": \""StandardScaler\"", \""1\"": \""bkfilter\"", \""2\"": \""HPFilter\""}, \""transformation_params\"": {\""0\"": {}, \""1\"": {}, \""2\"": {\""part\"": \""trend\"", \""lamb\"": 6.25}}}""}, ""290072eada53189c757f67ac7b1cfea9"": {""Model"": ""ARIMA"", ""ModelParameters"": ""{\""p\"": 0, \""d\"": 0, \""q\"": 2, \""regression_type\"": \""Holiday\""}"", ""TransformationParameters"": ""{\""fillna\"": \""mean\"", \""transformations\"": {\""0\"": \""AnomalyRemoval\"", \""1\"": \""ChangepointDetrend\"", \""2\"": \""ClipOutliers\""}, \""transformation_params\"": {\""0\"": {\""method\"": \""zscore\"", \""method_params\"": {\""distribution\"": \""chi2\"", \""alpha\"": 0.05}, \""fillna\"": \""ffill\"", \""transform_dict\"": null, \""isolated_only\"": false, \""on_inverse\"": false}, \""1\"": {\""model\"": \""ElasticNet\"", \""changepoint_spacing\"": 90, \""changepoint_distance_end\"": 180, \""datepart_method\"": null}, \""2\"": {\""method\"": \""clip\"", \""std_threshold\"": 2, \""fillna\"": null}}}""}, ""391cc75f9a7d750778405fc3cfcecb92"": {""Model"": ""RollingRegression"", ""ModelParameters"": ""{\""regression_model\"": {\""model\"": \""DecisionTree\"", \""model_params\"": {\""max_depth\"": null, \""min_samples_split\"": 0.05}}, \""holiday\"": false, \""mean_rolling_periods\"": null, \""macd_periods\"": null, \""std_rolling_periods\"": null, \""max_rolling_periods\"": 420, \""min_rolling_periods\"": 168, \""ewm_var_alpha\"": null, \""quantile90_rolling_periods\"": null, \""quantile10_rolling_periods\"": null, \""ewm_alpha\"": null, \""additional_lag_periods\"": 6, \""abs_energy\"": false, \""rolling_autocorr_periods\"": null, \""nonzero_last_n\"": null, \""add_date_part\"": \""expanded\"", \""polynomial_degree\"": null, \""x_transform\"": null, \""regression_type\"": null}"", ""TransformationParameters"": ""{\""fillna\"": \""mean\"", \""transformations\"": {\""0\"": \""STLFilter\"", \""1\"": \""RobustScaler\"", \""2\"": \""MaxAbsScaler\"", \""3\"": \""SeasonalDifference\"", \""4\"": \""AlignLastValue\""}, \""transformation_params\"": {\""0\"": {\""decomp_type\"": \""seasonal_decompose\"", \""part\"": \""trend\""}, \""1\"": {}, \""2\"": {}, \""3\"": {\""lag_1\"": 7, \""method\"": \""LastValue\""}, \""4\"": {\""rows\"": 1, \""lag\"": 2, \""method\"": \""additive\"", \""strength\"": 0.7, \""first_value_only\"": false, \""threshold\"": null, \""threshold_method\"": \""mean\"", \""mean_type\"": \""arithmetic\""}}}""}}, ""model_weights"": {""5bb9f16e5f9c93ddad63947a240ff284"": 4.0, ""290072eada53189c757f67ac7b1cfea9"": 3.0, ""391cc75f9a7d750778405fc3cfcecb92"": 2.0}, ""point_method"": ""mean""}","{""fillna"": ""ffill"", ""transformations"": {""0"": ""RegressionFilter"", ""1"": ""HistoricValues""}, ""transformation_params"": {""0"": {""sigma"": 1, ""rolling_window"": 90, ""run_order"": ""season_first"", ""regression_params"": {""regression_model"": {""model"": ""ElasticNet"", ""model_params"": {""l1_ratio"": 0.5, ""fit_intercept"": false, ""selection"": ""cyclic"", ""max_iter"": 2000}}, ""datepart_method"": ""simple"", ""polynomial_degree"": null, ""transform_dict"": {""fillna"": null, ""transformations"": {""0"": ""ScipyFilter""}, ""transformation_params"": {""0"": {""method"": ""savgol_filter"", ""method_args"": {""window_length"": 31, ""polyorder"": 3, ""deriv"": 0, ""mode"": ""interp""}}}}, ""holiday_countries_used"": false, ""lags"": null, ""forward_lags"": null}, ""holiday_params"": null, ""trend_method"": ""rolling_mean""}, ""1"": {""window"": 28}}}",1,1,8.6499199308794,0.5628990438858011,0.71568844834745,0.4995793396903131,0.5628990438858011,0.0,-18.569898231853152,0.4466482939360523,48.977987034442975,0.5274831476441718,0.32144764285610045,0.5166666666666667,0.49166666666666664,2.3378496170043945,0.9833333333333333,1.2270963008925941,0.41781411323965983,2.0727054654530446,0.9295901077211293,0.10425408009798952,30.408088802589823,8.542954623821851,26.9077059149793,0.03880974502707333,8.6499199308794,0.5628990438858011,0.71568844834745,0.4995793396903131,0.5628990438858011,0.0,0.4466482939360523,0.5274831476441718,0.32144764285610045,2.3378496170043945,0.9833333333333333,1.2270963008925941,0.41781411323965983,2.0727054654530446,0.9295901077211293,0.10425408009798952,30.408088802589823,8.542954623821851,26.9077059149793,0.03880974502707333,0.5166666666666667,0.49166666666666664,3.4141,15.232252314798423,7.995610935830601,Wh,7.995610935830601,Wh
323,652351b243e0ba6c0469a4402036d1e5,Ensemble,"{""model_name"": ""BestN"", ""model_count"": 3, ""model_metric"": ""best_score"", ""models"": {""5bb9f16e5f9c93ddad63947a240ff284"": {""Model"": ""FBProphet"", ""ModelParameters"": ""{\""holiday\"": false, \""regression_type\"": null, \""growth\"": \""linear\"", \""seasonality_mode\"": \""additive\"", \""changepoint_prior_scale\"": 0.05, \""n_changepoints\"": 25, \""changepoint_range\"": 360, \""changepoint_spacing\"": null, \""changepoint_distance_end\"": null, \""seasonality_prior_scale\"": 10.0, \""yearly_seasonality_prior_scale\"": null, \""yearly_seasonality_order\"": null, \""weekly_seasonality_prior_scale\"": null, \""holidays_prior_scale\"": 10.0, \""trend_phi\"": null}"", ""TransformationParameters"": ""{\""fillna\"": \""rolling_mean\"", \""transformations\"": {\""0\"": \""StandardScaler\"", \""1\"": \""bkfilter\"", \""2\"": \""HPFilter\""}, \""transformation_params\"": {\""0\"": {}, \""1\"": {}, \""2\"": {\""part\"": \""trend\"", \""lamb\"": 6.25}}}""}, ""5c9aafe0ed22a0009a0c5786b4223a8f"": {""Model"": ""FBProphet"", ""ModelParameters"": ""{\""holiday\"": false, \""regression_type\"": null, \""growth\"": \""linear\"", \""seasonality_mode\"": \""additive\"", \""changepoint_prior_scale\"": 0.05, \""n_changepoints\"": 25, \""changepoint_range\"": 0.8, \""changepoint_spacing\"": null, \""changepoint_distance_end\"": null, \""seasonality_prior_scale\"": 10.0, \""yearly_seasonality_prior_scale\"": null, \""yearly_seasonality_order\"": null, \""weekly_seasonality_prior_scale\"": 0.0001, \""holidays_prior_scale\"": 10.0, \""trend_phi\"": null}"", ""TransformationParameters"": ""{\""fillna\"": \""mean\"", \""transformations\"": {\""0\"": \""StandardScaler\"", \""1\"": \""bkfilter\"", \""2\"": \""HPFilter\""}, \""transformation_params\"": {\""0\"": {}, \""1\"": {}, \""2\"": {\""part\"": \""trend\"", \""lamb\"": 6.25}}}""}, ""2f39eb773641165ab62d1d03bee46b54"": {""Model"": ""FBProphet"", ""ModelParameters"": ""{\""holiday\"": false, \""regression_type\"": null, \""growth\"": \""linear\"", \""seasonality_mode\"": \""additive\"", \""changepoint_prior_scale\"": 0.05, \""n_changepoints\"": 25, \""changepoint_range\"": 360, \""changepoint_spacing\"": null, \""changepoint_distance_end\"": null, \""seasonality_prior_scale\"": 10.0, \""yearly_seasonality_prior_scale\"": null, \""yearly_seasonality_order\"": null, \""weekly_seasonality_prior_scale\"": null, \""holidays_prior_scale\"": 20, \""trend_phi\"": null}"", ""TransformationParameters"": ""{\""fillna\"": \""rolling_mean\"", \""transformations\"": {\""0\"": \""StandardScaler\"", \""1\"": \""bkfilter\"", \""2\"": \""HPFilter\""}, \""transformation_params\"": {\""0\"": {}, \""1\"": {}, \""2\"": {\""part\"": \""trend\"", \""lamb\"": 6.25}}}""}}, ""model_weights"": {}, ""point_method"": ""mean""}","{""fillna"": ""zero"", ""transformations"": {""0"": ""AnomalyRemoval"", ""1"": ""EWMAFilter"", ""2"": ""AlignLastValue""}, ""transformation_params"": {""0"": {""method"": ""med_diff"", ""method_params"": {""distribution"": ""norm"", ""alpha"": 0.05}, ""fillna"": ""rolling_mean_24"", ""transform_dict"": {""fillna"": null, ""transformations"": {""0"": ""EWMAFilter""}, ""transformation_params"": {""0"": {""span"": 7}}}, ""isolated_only"": false, ""on_inverse"": false}, ""1"": {""span"": 7}, ""2"": {""rows"": 1, ""lag"": 1, ""method"": ""multiplicative"", ""strength"": 1.0, ""first_value_only"": false, ""threshold"": 1, ""threshold_method"": ""max""}}}",1,1,9.309458702102507,0.6076862068923153,0.785394707278047,0.47788680632509123,0.6076862068923153,0.0,-8.896824859578746,0.44544526248793376,64.02551996749908,0.594585793952252,0.2567498078418771,0.6666666666666666,0.48333333333333334,2.344619684881299,0.9833333333333333,1.239968524631786,0.4453647989944857,2.277246253665056,0.639514331859549,0.04108585125324552,55.128695107920336,22.361629665115668,27.91186642024121,0.07036057460577501,9.309458702102507,0.6076862068923153,0.785394707278047,0.47788680632509123,0.6076862068923153,0.0,0.44544526248793376,0.594585793952252,0.2567498078418771,2.344619684881299,0.9833333333333333,1.239968524631786,0.4453647989944857,2.277246253665056,0.639514331859549,0.04108585125324552,55.128695107920336,22.361629665115668,27.91186642024121,0.07036057460577501,0.6666666666666666,0.48333333333333334,1.9537,15.21029264938041,8.631783148609067,Wh,8.631783148609067,Wh
324,89fc82e64b4053bd44fb6eb21f5db466,Ensemble,"{""model_name"": ""BestN"", ""model_count"": 3, ""model_metric"": ""horizontal"", ""models"": {""391cc75f9a7d750778405fc3cfcecb92"": {""Model"": ""RollingRegression"", ""ModelParameters"": ""{\""regression_model\"": {\""model\"": \""DecisionTree\"", \""model_params\"": {\""max_depth\"": null, \""min_samples_split\"": 0.05}}, \""holiday\"": false, \""mean_rolling_periods\"": null, \""macd_periods\"": null, \""std_rolling_periods\"": null, \""max_rolling_periods\"": 420, \""min_rolling_periods\"": 168, \""ewm_var_alpha\"": null, \""quantile90_rolling_periods\"": null, \""quantile10_rolling_periods\"": null, \""ewm_alpha\"": null, \""additional_lag_periods\"": 6, \""abs_energy\"": false, \""rolling_autocorr_periods\"": null, \""nonzero_last_n\"": null, \""add_date_part\"": \""expanded\"", \""polynomial_degree\"": null, \""x_transform\"": null, \""regression_type\"": null}"", ""TransformationParameters"": ""{\""fillna\"": \""mean\"", \""transformations\"": {\""0\"": \""STLFilter\"", \""1\"": \""RobustScaler\"", \""2\"": \""MaxAbsScaler\"", \""3\"": \""SeasonalDifference\"", \""4\"": \""AlignLastValue\""}, \""transformation_params\"": {\""0\"": {\""decomp_type\"": \""seasonal_decompose\"", \""part\"": \""trend\""}, \""1\"": {}, \""2\"": {}, \""3\"": {\""lag_1\"": 7, \""method\"": \""LastValue\""}, \""4\"": {\""rows\"": 1, \""lag\"": 2, \""method\"": \""additive\"", \""strength\"": 0.7, \""first_value_only\"": false, \""threshold\"": null, \""threshold_method\"": \""mean\"", \""mean_type\"": \""arithmetic\""}}}""}, ""290072eada53189c757f67ac7b1cfea9"": {""Model"": ""ARIMA"", ""ModelParameters"": ""{\""p\"": 0, \""d\"": 0, \""q\"": 2, \""regression_type\"": \""Holiday\""}"", ""TransformationParameters"": ""{\""fillna\"": \""mean\"", \""transformations\"": {\""0\"": \""AnomalyRemoval\"", \""1\"": \""ChangepointDetrend\"", \""2\"": \""ClipOutliers\""}, \""transformation_params\"": {\""0\"": {\""method\"": \""zscore\"", \""method_params\"": {\""distribution\"": \""chi2\"", \""alpha\"": 0.05}, \""fillna\"": \""ffill\"", \""transform_dict\"": null, \""isolated_only\"": false, \""on_inverse\"": false}, \""1\"": {\""model\"": \""ElasticNet\"", \""changepoint_spacing\"": 90, \""changepoint_distance_end\"": 180, \""datepart_method\"": null}, \""2\"": {\""method\"": \""clip\"", \""std_threshold\"": 2, \""fillna\"": null}}}""}, ""5bb9f16e5f9c93ddad63947a240ff284"": {""Model"": ""FBProphet"", ""ModelParameters"": ""{\""holiday\"": false, \""regression_type\"": null, \""growth\"": \""linear\"", \""seasonality_mode\"": \""additive\"", \""changepoint_prior_scale\"": 0.05, \""n_changepoints\"": 25, \""changepoint_range\"": 360, \""changepoint_spacing\"": null, \""changepoint_distance_end\"": null, \""seasonality_prior_scale\"": 10.0, \""yearly_seasonality_prior_scale\"": null, \""yearly_seasonality_order\"": null, \""weekly_seasonality_prior_scale\"": null, \""holidays_prior_scale\"": 10.0, \""trend_phi\"": null}"", ""TransformationParameters"": ""{\""fillna\"": \""rolling_mean\"", \""transformations\"": {\""0\"": \""StandardScaler\"", \""1\"": \""bkfilter\"", \""2\"": \""HPFilter\""}, \""transformation_params\"": {\""0\"": {}, \""1\"": {}, \""2\"": {\""part\"": \""trend\"", \""lamb\"": 6.25}}}""}}, ""model_weights"": {}, ""point_method"": ""mean""}","{""fillna"": ""ffill"", ""transformations"": {""0"": ""RegressionFilter"", ""1"": ""HistoricValues""}, ""transformation_params"": {""0"": {""sigma"": 1, ""rolling_window"": 90, ""run_order"": ""season_first"", ""regression_params"": {""regression_model"": {""model"": ""ElasticNet"", ""model_params"": {""l1_ratio"": 0.5, ""fit_intercept"": false, ""selection"": ""cyclic"", ""max_iter"": 2000}}, ""datepart_method"": ""simple"", ""polynomial_degree"": null, ""transform_dict"": {""fillna"": null, ""transformations"": {""0"": ""ScipyFilter""}, ""transformation_params"": {""0"": {""method"": ""savgol_filter"", ""method_args"": {""window_length"": 31, ""polyorder"": 3, ""deriv"": 0, ""mode"": ""interp""}}}}, ""holiday_countries_used"": false, ""lags"": null, ""forward_lags"": null}, ""holiday_params"": null, ""trend_method"": ""rolling_mean""}, ""1"": {""window"": 28}}}",1,1,8.604971660481615,0.559153008938419,0.7099043636716192,0.48830603134135625,0.559153008938419,0.0,-19.67405184189692,0.4474817472333221,47.424309230713355,0.5212657786042437,0.3246811429659385,0.5166666666666667,0.5,2.3378496170043945,0.9833333333333333,1.22578266191523,0.41312534377747767,2.083498109081938,0.9224974262066906,0.06637818095404867,27.750257388816433,7.094141541064513,28.112416938623532,0.03541756342160834,8.604971660481615,0.559153008938419,0.7099043636716192,0.48830603134135625,0.559153008938419,0.0,0.4474817472333221,0.5212657786042437,0.3246811429659385,2.3378496170043945,0.9833333333333333,1.22578266191523,0.41312534377747767,2.083498109081938,0.9224974262066906,0.06637818095404867,27.750257388816433,7.094141541064513,28.112416938623532,0.03541756342160834,0.5166666666666667,0.5,2.0965,15.20748827894841,7.942400971598776,Wh,7.942400971598776,Wh
325,6807443e8363ac3ac6411576b50ccd6b,Ensemble,"{""model_name"": ""BestN"", ""model_count"": 5, ""model_metric"": ""mixed_metric"", ""models"": {""ca2e0fcc7b23d74ee347d493f6ff4379"": {""Model"": ""ARIMA"", ""ModelParameters"": ""{\""p\"": 0, \""d\"": 2, \""q\"": 2, \""regression_type\"": null}"", ""TransformationParameters"": ""{\""fillna\"": \""cubic\"", \""transformations\"": {\""0\"": \""AlignLastValue\"", \""1\"": \""AlignLastValue\""}, \""transformation_params\"": {\""0\"": {\""rows\"": 84, \""lag\"": 1, \""method\"": \""additive\"", \""strength\"": 0.5, \""first_value_only\"": false, \""threshold\"": 10, \""threshold_method\"": \""max\"", \""mean_type\"": \""arithmetic\""}, \""1\"": {\""rows\"": 1, \""lag\"": 7, \""method\"": \""additive\"", \""strength\"": 1.0, \""first_value_only\"": false, \""threshold\"": 10, \""threshold_method\"": \""mean\"", \""mean_type\"": \""arithmetic\""}}}""}, ""216178f098ef6698659d5bd14449f8af"": {""Model"": ""ARIMA"", ""ModelParameters"": ""{\""p\"": 4, \""d\"": 2, \""q\"": 4, \""regression_type\"": null}"", ""TransformationParameters"": ""{\""fillna\"": \""cubic\"", \""transformations\"": {\""0\"": \""bkfilter\"", \""1\"": \""AlignLastValue\""}, \""transformation_params\"": {\""0\"": {}, \""1\"": {\""rows\"": 1, \""lag\"": 7, \""method\"": \""additive\"", \""strength\"": 1.0, \""first_value_only\"": false, \""threshold\"": 10, \""threshold_method\"": \""mean\"", \""mean_type\"": \""arithmetic\""}}}""}, ""5c9aafe0ed22a0009a0c5786b4223a8f"": {""Model"": ""FBProphet"", ""ModelParameters"": ""{\""holiday\"": false, \""regression_type\"": null, \""growth\"": \""linear\"", \""seasonality_mode\"": \""additive\"", \""changepoint_prior_scale\"": 0.05, \""n_changepoints\"": 25, \""changepoint_range\"": 0.8, \""changepoint_spacing\"": null, \""changepoint_distance_end\"": null, \""seasonality_prior_scale\"": 10.0, \""yearly_seasonality_prior_scale\"": null, \""yearly_seasonality_order\"": null, \""weekly_seasonality_prior_scale\"": 0.0001, \""holidays_prior_scale\"": 10.0, \""trend_phi\"": null}"", ""TransformationParameters"": ""{\""fillna\"": \""mean\"", \""transformations\"": {\""0\"": \""StandardScaler\"", \""1\"": \""bkfilter\"", \""2\"": \""HPFilter\""}, \""transformation_params\"": {\""0\"": {}, \""1\"": {}, \""2\"": {\""part\"": \""trend\"", \""lamb\"": 6.25}}}""}, ""5bb9f16e5f9c93ddad63947a240ff284"": {""Model"": ""FBProphet"", ""ModelParameters"": ""{\""holiday\"": false, \""regression_type\"": null, \""growth\"": \""linear\"", \""seasonality_mode\"": \""additive\"", \""changepoint_prior_scale\"": 0.05, \""n_changepoints\"": 25, \""changepoint_range\"": 360, \""changepoint_spacing\"": null, \""changepoint_distance_end\"": null, \""seasonality_prior_scale\"": 10.0, \""yearly_seasonality_prior_scale\"": null, \""yearly_seasonality_order\"": null, \""weekly_seasonality_prior_scale\"": null, \""holidays_prior_scale\"": 10.0, \""trend_phi\"": null}"", ""TransformationParameters"": ""{\""fillna\"": \""rolling_mean\"", \""transformations\"": {\""0\"": \""StandardScaler\"", \""1\"": \""bkfilter\"", \""2\"": \""HPFilter\""}, \""transformation_params\"": {\""0\"": {}, \""1\"": {}, \""2\"": {\""part\"": \""trend\"", \""lamb\"": 6.25}}}""}, ""90456766456292561f52d10770c88398"": {""Model"": ""FBProphet"", ""ModelParameters"": ""{\""holiday\"": false, \""regression_type\"": null, \""growth\"": \""linear\"", \""seasonality_mode\"": \""multiplicative\"", \""changepoint_prior_scale\"": 0.05, \""n_changepoints\"": 25, \""changepoint_range\"": 0.8, \""changepoint_spacing\"": null, \""changepoint_distance_end\"": null, \""seasonality_prior_scale\"": 10.0, \""yearly_seasonality_prior_scale\"": null, \""yearly_seasonality_order\"": null, \""weekly_seasonality_prior_scale\"": null, \""holidays_prior_scale\"": 0.1, \""trend_phi\"": null}"", ""TransformationParameters"": ""{\""fillna\"": \""linear\"", \""transformations\"": {\""0\"": \""UpscaleDownscaleTransformer\"", \""1\"": \""AlignLastValue\"", \""2\"": \""HPFilter\"", \""3\"": \""Discretize\"", \""4\"": \""ClipOutliers\"", \""5\"": \""Slice\""}, \""transformation_params\"": {\""0\"": {\""mode\"": \""downscale\"", \""factor\"": 1, \""down_method\"": \""decimate\"", \""fill_method\"": \""pchip\""}, \""1\"": {\""rows\"": 1, \""lag\"": 1, \""method\"": \""additive\"", \""strength\"": 1.0, \""first_value_only\"": false, \""threshold\"": null, \""threshold_method\"": \""max\"", \""mean_type\"": \""arithmetic\""}, \""2\"": {\""part\"": \""trend\"", \""lamb\"": 6.25}, \""3\"": {\""discretization\"": \""center\"", \""n_bins\"": 5}, \""4\"": {\""method\"": \""clip\"", \""std_threshold\"": 5, \""fillna\"": null}, \""5\"": {\""method\"": 0.5}}}""}}, ""point_method"": ""median"", ""model_weights"": {}}","{""fillna"": ""zero"", ""transformations"": {""0"": ""AnomalyRemoval"", ""1"": ""EWMAFilter"", ""2"": ""AlignLastValue""}, ""transformation_params"": {""0"": {""method"": ""med_diff"", ""method_params"": {""distribution"": ""norm"", ""alpha"": 0.05}, ""fillna"": ""rolling_mean_24"", ""transform_dict"": {""fillna"": null, ""transformations"": {""0"": ""EWMAFilter""}, ""transformation_params"": {""0"": {""span"": 7}}}, ""isolated_only"": false, ""on_inverse"": false}, ""1"": {""span"": 7}, ""2"": {""rows"": 1, ""lag"": 1, ""method"": ""multiplicative"", ""strength"": 1.0, ""first_value_only"": false, ""threshold"": 1, ""threshold_method"": ""max""}}}",1,1,8.596856390035931,0.5597260633953932,0.7254773729480407,0.47851588071174833,0.5597260633953932,0.0,-12.84040202388839,0.42651055843480623,54.32672558355881,0.54062320720491,0.3132426036675209,0.8666666666666667,0.4583333333333333,2.3679099970138235,0.9833333333333333,1.2233482712660069,0.40624930414459853,2.0454642915088916,0.5961148051006033,0.02848917074502346,41.486323559670424,19.54240155541234,28.69703373363425,0.05294886008502929,8.596856390035931,0.5597260633953932,0.7254773729480407,0.47851588071174833,0.5597260633953932,0.0,0.42651055843480623,0.54062320720491,0.3132426036675209,2.3679099970138235,0.9833333333333333,1.2233482712660069,0.40624930414459853,2.0454642915088916,0.5961148051006033,0.02848917074502346,41.486323559670424,19.54240155541234,28.69703373363425,0.05294886008502929,0.8666666666666667,0.4583333333333333,2.6071,15.133401130262158,7.950540833502571,Wh,7.950540833502571,Wh
326,06efaeb09ebb58270557d3b40f16f9f3,ARIMA,"{""p"": 0, ""d"": 1, ""q"": 2, ""regression_type"": null}","{""fillna"": ""ffill"", ""transformations"": {""0"": ""bkfilter"", ""1"": ""ChangepointDetrend""}, ""transformation_params"": {""0"": {}, ""1"": {""model"": ""ElasticNet"", ""changepoint_spacing"": 90, ""changepoint_distance_end"": 180, ""datepart_method"": null}}}",0,1,8.914689740465784,0.5798256684643728,0.737710693550264,0.47621426833130953,0.5798256684643728,0.0,-12.649814018088186,0.4416004368734278,56.92926619763655,0.5593806937097133,0.28793018335547327,0.9583333333333334,0.5083333333333333,2.2911836231337652,0.9833333333333333,1.2309631800076972,0.4262657810131026,2.1839150813725925,0.7122429205112216,0.004165535601509226,44.27945217954837,15.964529755366245,29.806726854889014,0.05651372107543958,8.914689740465784,0.5798256684643728,0.737710693550264,0.47621426833130953,0.5798256684643728,0.0,0.4416004368734278,0.5593806937097133,0.28793018335547327,2.2911836231337652,0.9833333333333333,1.2309631800076972,0.4262657810131026,2.1839150813725925,0.7122429205112216,0.004165535601509226,44.27945217954837,15.964529755366245,29.806726854889014,0.05651372107543958,0.9583333333333334,0.5083333333333333,0.1479,15.096918774288072,8.23604251242888,Wh,8.23604251242888,Wh
327,4b92f67d0625783228a166686779b8ec,ARIMA,"{""p"": 0, ""d"": 2, ""q"": 2, ""regression_type"": null}","{""fillna"": ""linear"", ""transformations"": {""0"": ""bkfilter"", ""1"": ""ChangepointDetrend"", ""2"": ""LevelShiftTransformer""}, ""transformation_params"": {""0"": {}, ""1"": {""model"": ""ElasticNet"", ""changepoint_spacing"": 90, ""changepoint_distance_end"": 180, ""datepart_method"": null}, ""2"": {""window_size"": 90, ""alpha"": 4.0, ""grouping_forward_limit"": 2, ""max_level_shifts"": 5, ""alignment"": ""average"", ""output"": ""multivariate"", ""remove_at_shift"": false, ""shift_remove_window"": 2, ""shift_fillna"": ""linear"", ""window_method"": ""diff_overlap""}}}",0,1,8.627297727064752,0.5606425485952151,0.7142882960525034,0.47715734608257315,0.5606425485952151,0.0,-14.016267410466913,0.43313573117356824,53.26083842095892,0.5382295159035829,0.31178941920066644,0.975,0.5083333333333333,2.2395617023109793,0.9833333333333333,1.2243810321282125,0.41088797788452236,2.0847354775412557,0.7497471363055308,0.0046557315478033025,39.244571010492,14.673109877035088,29.771334414847335,0.050087718583758864,8.627297727064752,0.5606425485952151,0.7142882960525034,0.47715734608257315,0.5606425485952151,0.0,0.43313573117356824,0.5382295159035829,0.31178941920066644,2.2395617023109793,0.9833333333333333,1.2243810321282125,0.41088797788452236,2.0847354775412557,0.7497471363055308,0.0046557315478033025,39.244571010492,14.673109877035088,29.771334414847335,0.050087718583758864,0.975,0.5083333333333333,0.1461,15.083628708369604,7.963558903378189,Wh,7.963558903378189,Wh
328,a9f1061d486a132628ffb6932186f189,Ensemble,"{""model_name"": ""BestN"", ""model_count"": 3, ""model_metric"": ""best_score_unique"", ""models"": {""5bb9f16e5f9c93ddad63947a240ff284"": {""Model"": ""FBProphet"", ""ModelParameters"": ""{\""holiday\"": false, \""regression_type\"": null, \""growth\"": \""linear\"", \""seasonality_mode\"": \""additive\"", \""changepoint_prior_scale\"": 0.05, \""n_changepoints\"": 25, \""changepoint_range\"": 360, \""changepoint_spacing\"": null, \""changepoint_distance_end\"": null, \""seasonality_prior_scale\"": 10.0, \""yearly_seasonality_prior_scale\"": null, \""yearly_seasonality_order\"": null, \""weekly_seasonality_prior_scale\"": null, \""holidays_prior_scale\"": 10.0, \""trend_phi\"": null}"", ""TransformationParameters"": ""{\""fillna\"": \""rolling_mean\"", \""transformations\"": {\""0\"": \""StandardScaler\"", \""1\"": \""bkfilter\"", \""2\"": \""HPFilter\""}, \""transformation_params\"": {\""0\"": {}, \""1\"": {}, \""2\"": {\""part\"": \""trend\"", \""lamb\"": 6.25}}}""}, ""290072eada53189c757f67ac7b1cfea9"": {""Model"": ""ARIMA"", ""ModelParameters"": ""{\""p\"": 0, \""d\"": 0, \""q\"": 2, \""regression_type\"": \""Holiday\""}"", ""TransformationParameters"": ""{\""fillna\"": \""mean\"", \""transformations\"": {\""0\"": \""AnomalyRemoval\"", \""1\"": \""ChangepointDetrend\"", \""2\"": \""ClipOutliers\""}, \""transformation_params\"": {\""0\"": {\""method\"": \""zscore\"", \""method_params\"": {\""distribution\"": \""chi2\"", \""alpha\"": 0.05}, \""fillna\"": \""ffill\"", \""transform_dict\"": null, \""isolated_only\"": false, \""on_inverse\"": false}, \""1\"": {\""model\"": \""ElasticNet\"", \""changepoint_spacing\"": 90, \""changepoint_distance_end\"": 180, \""datepart_method\"": null}, \""2\"": {\""method\"": \""clip\"", \""std_threshold\"": 2, \""fillna\"": null}}}""}, ""7f1b9001e4365205912d8167e1108b4a"": {""Model"": ""DatepartRegression"", ""ModelParameters"": ""{\""regression_model\"": {\""model\"": \""ElasticNet\"", \""model_params\"": {\""l1_ratio\"": 0.5, \""fit_intercept\"": true, \""selection\"": \""cyclic\"", \""max_iter\"": 1000}}, \""datepart_method\"": \""simple_2\"", \""polynomial_degree\"": null, \""holiday_countries_used\"": false, \""lags\"": null, \""forward_lags\"": null, \""regression_type\"": null}"", ""TransformationParameters"": ""{\""fillna\"": \""ffill_mean_biased\"", \""transformations\"": {\""0\"": \""AlignLastValue\"", \""1\"": \""bkfilter\"", \""2\"": \""CointegrationTransformer\""}, \""transformation_params\"": {\""0\"": {\""rows\"": 7, \""lag\"": 2, \""method\"": \""additive\"", \""strength\"": 1.0, \""first_value_only\"": true, \""threshold\"": null, \""threshold_method\"": \""max\"", \""mean_type\"": \""arithmetic\""}, \""1\"": {}, \""2\"": {\""n_components\"": 5, \""max_components\"": 20, \""shrinkage\"": 0.01, \""method\"": \""cca\"", \""min_periods\"": 30}}}""}}, ""model_weights"": {}, ""point_method"": ""mean""}","{""fillna"": ""median"", ""transformations"": {""0"": ""DiffSmoother"", ""1"": ""AlignLastValue"", ""2"": ""HistoricValues""}, ""transformation_params"": {""0"": {""method"": ""med_diff"", ""method_params"": {""distribution"": ""norm"", ""alpha"": 0.05}, ""transform_dict"": null, ""reverse_alignment"": false, ""isolated_only"": false, ""fillna"": ""linear""}, ""1"": {""rows"": 1, ""lag"": 1, ""method"": ""additive"", ""strength"": 1.0, ""first_value_only"": false, ""threshold"": null, ""threshold_method"": ""mean""}, ""2"": {""window"": 10}}}",1,1,9.434311059545548,0.608561513821284,0.7553377246974036,0.49996184014434264,0.608561513821284,0.0,-59.10594367980957,0.5802169034527097,13.921437978744507,0.4669366406221016,0.2465621753378352,0.7,0.49166666666666664,1.9218902587890625,0.9833333333333333,1.2492610002307987,0.4701254040587182,2.176653109944834,3.2112283172922393,0.06985476364943465,45.18450570106506,23.009535349936865,27.498915641363126,0.057668837946938785,9.434311059545548,0.608561513821284,0.7553377246974036,0.49996184014434264,0.608561513821284,0.0,0.5802169034527097,0.4669366406221016,0.2465621753378352,1.9218902587890625,0.9833333333333333,1.2492610002307987,0.4701254040587182,2.176653109944834,3.2112283172922393,0.06985476364943465,45.18450570106506,23.009535349936865,27.498915641363126,0.057668837946938785,0.7,0.49166666666666664,0.8711,15.06258193444214,8.644216308212888,Wh,8.644216308212888,Wh
329,5c259641f8b35b2244ee9eff628356cc,ARIMA,"{""p"": 3, ""d"": 0, ""q"": 0, ""regression_type"": null}","{""fillna"": ""cubic"", ""transformations"": {""0"": ""bkfilter"", ""1"": ""ChangepointDetrend""}, ""transformation_params"": {""0"": {}, ""1"": {""model"": ""ElasticNet"", ""changepoint_spacing"": 90, ""changepoint_distance_end"": 180, ""datepart_method"": null}}}",0,1,8.907957732986032,0.5793458938341954,0.7369359183742062,0.47544865635039874,0.5793458938341954,0.0,-12.691901409071944,0.4414469481480979,56.829605851031516,0.5588708498184981,0.28476013020949853,0.9583333333333334,0.5166666666666667,2.2905172627244896,0.9833333333333333,1.230800460634368,0.4257928015315832,2.1825245010006986,0.6978158272642205,0.004589805481266331,44.13770444195957,15.878619166640284,29.7708218884833,0.05633280889810085,8.907957732986032,0.5793458938341954,0.7369359183742062,0.47544865635039874,0.5793458938341954,0.0,0.4414469481480979,0.5588708498184981,0.28476013020949853,2.2905172627244896,0.9833333333333333,1.230800460634368,0.4257928015315832,2.1825245010006986,0.6978158272642205,0.004589805481266331,44.13770444195957,15.878619166640284,29.7708218884833,0.05633280889810085,0.9583333333333334,0.5166666666666667,0.0462,15.04202975273406,8.229227629153721,Wh,8.229227629153721,Wh
330,f85683cbbea08acf0ca2d27f7dd863f3,ARIMA,"{""p"": 4, ""d"": 0, ""q"": 12, ""regression_type"": null}","{""fillna"": ""zero"", ""transformations"": {""0"": ""bkfilter"", ""1"": ""AlignLastValue"", ""2"": ""AlignLastValue"", ""3"": ""PositiveShift""}, ""transformation_params"": {""0"": {}, ""1"": {""rows"": 1, ""lag"": 7, ""method"": ""additive"", ""strength"": 1.0, ""first_value_only"": false, ""threshold"": 10, ""threshold_method"": ""mean"", ""mean_type"": ""arithmetic""}, ""2"": {""rows"": 84, ""lag"": 1, ""method"": ""additive"", ""strength"": 1.0, ""first_value_only"": false, ""threshold"": 1, ""threshold_method"": ""mean"", ""mean_type"": ""arithmetic""}, ""3"": {}}}",0,1,8.660793745968135,0.5639607295869135,0.7237604596565338,0.557756387730162,0.5639607295869135,0.0,-21.057697317321356,0.4535967101566622,46.61759023310825,0.5207392237511261,0.3041431408466085,0.9666666666666667,0.48333333333333334,1.9663173812406605,0.975,1.2365316355751677,0.4069509521105397,2.056135862521594,0.8173590878879514,0.4096330919956379,25.559892915786904,6.816076955789504,13.651499376365722,0.0326220083551092,8.660793745968135,0.5639607295869135,0.7237604596565338,0.557756387730162,0.5639607295869135,0.0,0.4535967101566622,0.5207392237511261,0.3041431408466085,1.9663173812406605,0.975,1.2365316355751677,0.4069509521105397,2.056135862521594,0.8173590878879514,0.4096330919956379,25.559892915786904,6.816076955789504,13.651499376365722,0.0326220083551092,0.9666666666666667,0.48333333333333334,6.1931,15.02269123176428,8.01069148338959,Wh,8.01069148338959,Wh
331,05539451ec55bc4ed963fd5bd7e4a1ee,ARIMA,"{""p"": 0, ""d"": 0, ""q"": 2, ""regression_type"": ""Holiday""}","{""fillna"": ""cubic"", ""transformations"": {""0"": ""bkfilter"", ""1"": ""ChangepointDetrend""}, ""transformation_params"": {""0"": {}, ""1"": {""model"": ""ElasticNet"", ""changepoint_spacing"": 90, ""changepoint_distance_end"": 180, ""datepart_method"": null}}}",0,1,8.89749167180133,0.5790335620515003,0.7347360541029336,0.4876305045823452,0.5790335620515003,0.0,-13.42026476898349,0.4440330844831417,56.06376267719655,0.5562433998193999,0.2831161334331434,0.9583333333333334,0.5083333333333333,2.2905172627244896,0.9833333333333333,1.2306913170752207,0.4279279386491486,2.16035340706764,0.6684491811748982,0.05669639812228856,42.64349790821305,15.402591645614345,28.66838643317414,0.05442575794961932,8.89749167180133,0.5790335620515003,0.7347360541029336,0.4876305045823452,0.5790335620515003,0.0,0.4440330844831417,0.5562433998193999,0.2831161334331434,2.2905172627244896,0.9833333333333333,1.2306913170752207,0.4279279386491486,2.16035340706764,0.6684491811748982,0.05669639812228856,42.64349790821305,15.402591645614345,28.66838643317414,0.05442575794961932,0.9583333333333334,0.5083333333333333,0.1408,15.002955307257656,8.224791161470128,Wh,8.224791161470128,Wh
332,3c3ecde6895ba66bb729f9800a286d5d,Ensemble,"{""model_name"": ""BestN"", ""model_count"": 5, ""model_metric"": ""mixed_metric"", ""models"": {""ca2e0fcc7b23d74ee347d493f6ff4379"": {""Model"": ""ARIMA"", ""ModelParameters"": ""{\""p\"": 0, \""d\"": 2, \""q\"": 2, \""regression_type\"": null}"", ""TransformationParameters"": ""{\""fillna\"": \""cubic\"", \""transformations\"": {\""0\"": \""AlignLastValue\"", \""1\"": \""AlignLastValue\""}, \""transformation_params\"": {\""0\"": {\""rows\"": 84, \""lag\"": 1, \""method\"": \""additive\"", \""strength\"": 0.5, \""first_value_only\"": false, \""threshold\"": 10, \""threshold_method\"": \""max\"", \""mean_type\"": \""arithmetic\""}, \""1\"": {\""rows\"": 1, \""lag\"": 7, \""method\"": \""additive\"", \""strength\"": 1.0, \""first_value_only\"": false, \""threshold\"": 10, \""threshold_method\"": \""mean\"", \""mean_type\"": \""arithmetic\""}}}""}, ""216178f098ef6698659d5bd14449f8af"": {""Model"": ""ARIMA"", ""ModelParameters"": ""{\""p\"": 4, \""d\"": 2, \""q\"": 4, \""regression_type\"": null}"", ""TransformationParameters"": ""{\""fillna\"": \""cubic\"", \""transformations\"": {\""0\"": \""bkfilter\"", \""1\"": \""AlignLastValue\""}, \""transformation_params\"": {\""0\"": {}, \""1\"": {\""rows\"": 1, \""lag\"": 7, \""method\"": \""additive\"", \""strength\"": 1.0, \""first_value_only\"": false, \""threshold\"": 10, \""threshold_method\"": \""mean\"", \""mean_type\"": \""arithmetic\""}}}""}, ""5c9aafe0ed22a0009a0c5786b4223a8f"": {""Model"": ""FBProphet"", ""ModelParameters"": ""{\""holiday\"": false, \""regression_type\"": null, \""growth\"": \""linear\"", \""seasonality_mode\"": \""additive\"", \""changepoint_prior_scale\"": 0.05, \""n_changepoints\"": 25, \""changepoint_range\"": 0.8, \""changepoint_spacing\"": null, \""changepoint_distance_end\"": null, \""seasonality_prior_scale\"": 10.0, \""yearly_seasonality_prior_scale\"": null, \""yearly_seasonality_order\"": null, \""weekly_seasonality_prior_scale\"": 0.0001, \""holidays_prior_scale\"": 10.0, \""trend_phi\"": null}"", ""TransformationParameters"": ""{\""fillna\"": \""mean\"", \""transformations\"": {\""0\"": \""StandardScaler\"", \""1\"": \""bkfilter\"", \""2\"": \""HPFilter\""}, \""transformation_params\"": {\""0\"": {}, \""1\"": {}, \""2\"": {\""part\"": \""trend\"", \""lamb\"": 6.25}}}""}, ""5bb9f16e5f9c93ddad63947a240ff284"": {""Model"": ""FBProphet"", ""ModelParameters"": ""{\""holiday\"": false, \""regression_type\"": null, \""growth\"": \""linear\"", \""seasonality_mode\"": \""additive\"", \""changepoint_prior_scale\"": 0.05, \""n_changepoints\"": 25, \""changepoint_range\"": 360, \""changepoint_spacing\"": null, \""changepoint_distance_end\"": null, \""seasonality_prior_scale\"": 10.0, \""yearly_seasonality_prior_scale\"": null, \""yearly_seasonality_order\"": null, \""weekly_seasonality_prior_scale\"": null, \""holidays_prior_scale\"": 10.0, \""trend_phi\"": null}"", ""TransformationParameters"": ""{\""fillna\"": \""rolling_mean\"", \""transformations\"": {\""0\"": \""StandardScaler\"", \""1\"": \""bkfilter\"", \""2\"": \""HPFilter\""}, \""transformation_params\"": {\""0\"": {}, \""1\"": {}, \""2\"": {\""part\"": \""trend\"", \""lamb\"": 6.25}}}""}, ""90456766456292561f52d10770c88398"": {""Model"": ""FBProphet"", ""ModelParameters"": ""{\""holiday\"": false, \""regression_type\"": null, \""growth\"": \""linear\"", \""seasonality_mode\"": \""multiplicative\"", \""changepoint_prior_scale\"": 0.05, \""n_changepoints\"": 25, \""changepoint_range\"": 0.8, \""changepoint_spacing\"": null, \""changepoint_distance_end\"": null, \""seasonality_prior_scale\"": 10.0, \""yearly_seasonality_prior_scale\"": null, \""yearly_seasonality_order\"": null, \""weekly_seasonality_prior_scale\"": null, \""holidays_prior_scale\"": 0.1, \""trend_phi\"": null}"", ""TransformationParameters"": ""{\""fillna\"": \""linear\"", \""transformations\"": {\""0\"": \""UpscaleDownscaleTransformer\"", \""1\"": \""AlignLastValue\"", \""2\"": \""HPFilter\"", \""3\"": \""Discretize\"", \""4\"": \""ClipOutliers\"", \""5\"": \""Slice\""}, \""transformation_params\"": {\""0\"": {\""mode\"": \""downscale\"", \""factor\"": 1, \""down_method\"": \""decimate\"", \""fill_method\"": \""pchip\""}, \""1\"": {\""rows\"": 1, \""lag\"": 1, \""method\"": \""additive\"", \""strength\"": 1.0, \""first_value_only\"": false, \""threshold\"": null, \""threshold_method\"": \""max\"", \""mean_type\"": \""arithmetic\""}, \""2\"": {\""part\"": \""trend\"", \""lamb\"": 6.25}, \""3\"": {\""discretization\"": \""center\"", \""n_bins\"": 5}, \""4\"": {\""method\"": \""clip\"", \""std_threshold\"": 5, \""fillna\"": null}, \""5\"": {\""method\"": 0.5}}}""}}, ""point_method"": ""kalman"", ""model_weights"": {}}","{""fillna"": ""ffill"", ""transformations"": {""0"": ""RegressionFilter"", ""1"": ""HistoricValues""}, ""transformation_params"": {""0"": {""sigma"": 1, ""rolling_window"": 90, ""run_order"": ""season_first"", ""regression_params"": {""regression_model"": {""model"": ""ElasticNet"", ""model_params"": {""l1_ratio"": 0.5, ""fit_intercept"": false, ""selection"": ""cyclic"", ""max_iter"": 2000}}, ""datepart_method"": ""simple"", ""polynomial_degree"": null, ""transform_dict"": {""fillna"": null, ""transformations"": {""0"": ""ScipyFilter""}, ""transformation_params"": {""0"": {""method"": ""savgol_filter"", ""method_args"": {""window_length"": 31, ""polyorder"": 3, ""deriv"": 0, ""mode"": ""interp""}}}}, ""holiday_countries_used"": false, ""lags"": null, ""forward_lags"": null}, ""holiday_params"": null, ""trend_method"": ""rolling_mean""}, ""1"": {""window"": 28}}}",1,1,7.839138306456047,0.5095593192525509,0.6885736829718122,0.47779180834129775,0.5095593192525509,0.0,-20.13413096979584,0.40983384330252876,41.012987340510264,0.4711337308230053,0.36635461670929764,0.18333333333333332,0.5,2.242809772491455,0.9833333333333333,1.208256810585552,0.35717930403039744,1.841590701930014,0.602325809905952,0.022357772650774342,20.878856370714423,6.0840763317325095,29.596502681993826,0.026647616608357832,7.839138306456047,0.5095593192525509,0.6885736829718122,0.47779180834129775,0.5095593192525509,0.0,0.40983384330252876,0.4711337308230053,0.36635461670929764,2.242809772491455,0.9833333333333333,1.208256810585552,0.35717930403039744,1.841590701930014,0.602325809905952,0.022357772650774342,20.878856370714423,6.0840763317325095,29.596502681993826,0.026647616608357832,0.18333333333333332,0.5,2.5865,15.002503630410992,7.237955206576366,Wh,7.237955206576366,Wh
333,13bb2759436cdc0d20bf892b82d3a374,ARIMA,"{""p"": 4, ""d"": 0, ""q"": 0, ""regression_type"": ""Holiday""}","{""fillna"": ""zero"", ""transformations"": {""0"": ""bkfilter"", ""1"": ""ChangepointDetrend""}, ""transformation_params"": {""0"": {}, ""1"": {""model"": ""ElasticNet"", ""changepoint_spacing"": 90, ""changepoint_distance_end"": 180, ""datepart_method"": null}}}",0,1,8.880276509676566,0.5777544691351767,0.7340239467373526,0.4866438055742045,0.5777544691351767,0.0,-13.38920439127751,0.44307908100281923,55.94133190494368,0.5549958490488904,0.28303850702000927,0.9583333333333334,0.5166666666666667,2.2905172627244896,0.9833333333333333,1.2302442395701632,0.42627762295734656,2.1585057281167312,0.6091674176198646,0.057999202274547274,42.55212751366617,15.345302325411657,28.586211342006333,0.05430914221166852,8.880276509676566,0.5777544691351767,0.7340239467373526,0.4866438055742045,0.5777544691351767,0.0,0.44307908100281923,0.5549958490488904,0.28303850702000927,2.2905172627244896,0.9833333333333333,1.2302442395701632,0.42627762295734656,2.1585057281167312,0.6091674176198646,0.057999202274547274,42.55212751366617,15.345302325411657,28.586211342006333,0.05430914221166852,0.9583333333333334,0.5166666666666667,0.1686,14.982058513063876,8.206622487316588,Wh,8.206622487316588,Wh
334,f7c7154d06012d6a61bd8630d436ea83,ARIMA,"{""p"": 4, ""d"": 0, ""q"": 0, ""regression_type"": ""Holiday""}","{""fillna"": ""cubic"", ""transformations"": {""0"": ""bkfilter"", ""1"": ""ChangepointDetrend""}, ""transformation_params"": {""0"": {}, ""1"": {""model"": ""ElasticNet"", ""changepoint_spacing"": 90, ""changepoint_distance_end"": 180, ""datepart_method"": null}}}",0,1,8.880276509676566,0.5777544691351767,0.7340239467373526,0.4866438055742045,0.5777544691351767,0.0,-13.38920439127751,0.44307908100281923,55.94133190494368,0.5549958490488904,0.28303850702000927,0.9583333333333334,0.5166666666666667,2.2905172627244896,0.9833333333333333,1.2302442395701632,0.42627762295734656,2.1585057281167312,0.6091674176198646,0.057999202274547274,42.55212751366617,15.345302325411657,28.586211342006333,0.05430914221166852,8.880276509676566,0.5777544691351767,0.7340239467373526,0.4866438055742045,0.5777544691351767,0.0,0.44307908100281923,0.5549958490488904,0.28303850702000927,2.2905172627244896,0.9833333333333333,1.2302442395701632,0.42627762295734656,2.1585057281167312,0.6091674176198646,0.057999202274547274,42.55212751366617,15.345302325411657,28.586211342006333,0.05430914221166852,0.9583333333333334,0.5166666666666667,0.1785,14.982058513063876,8.206622487316588,Wh,8.206622487316588,Wh
335,4ed38c8c4dbfb5a8256a2db0eabe4302,FBProphet,"{""holiday"": false, ""regression_type"": null, ""growth"": ""linear"", ""seasonality_mode"": ""additive"", ""changepoint_prior_scale"": 0.05, ""n_changepoints"": 25, ""changepoint_range"": 0.8, ""changepoint_spacing"": null, ""changepoint_distance_end"": null, ""seasonality_prior_scale"": 10.0, ""yearly_seasonality_prior_scale"": null, ""yearly_seasonality_order"": null, ""weekly_seasonality_prior_scale"": null, ""holidays_prior_scale"": 20, ""trend_phi"": null}","{""fillna"": ""rolling_mean"", ""transformations"": {""0"": ""StandardScaler"", ""1"": ""bkfilter""}, ""transformation_params"": {""0"": {}, ""1"": {}}}",0,1,8.795911932194652,0.572729899009112,0.7448503341208659,0.5043148667569874,0.572729899009112,0.0,-16.74964369276136,0.4425707576679157,51.977944188332074,0.5421580031862959,0.2747127787258446,0.9666666666666667,0.5083333333333333,2.303894552403392,0.9833333333333333,1.2294454730860802,0.4204110996429174,2.1645205726927697,0.791160716839256,0.28696134124117845,35.22830049557072,12.829243348403564,19.88712607267513,0.04496176556330557,8.795911932194652,0.572729899009112,0.7448503341208659,0.5043148667569874,0.572729899009112,0.0,0.4425707576679157,0.5421580031862959,0.2747127787258446,2.303894552403392,0.9833333333333333,1.2294454730860802,0.4204110996429174,2.1645205726927697,0.791160716839256,0.28696134124117845,35.22830049557072,12.829243348403564,19.88712607267513,0.04496176556330557,0.9666666666666667,0.5083333333333333,0.8017,14.812203618804025,8.135251771227821,Wh,8.135251771227821,Wh
336,507bcd8c834634b6d7cfa8b424af1304,ARIMA,"{""p"": 0, ""d"": 2, ""q"": 2, ""regression_type"": null}","{""fillna"": ""ffill"", ""transformations"": {""0"": ""bkfilter"", ""1"": ""AlignLastValue""}, ""transformation_params"": {""0"": {}, ""1"": {""rows"": 1, ""lag"": 7, ""method"": ""additive"", ""strength"": 1.0, ""first_value_only"": false, ""threshold"": 10, ""threshold_method"": ""mean"", ""mean_type"": ""arithmetic""}}}",0,1,8.39595832859656,0.5450781501032267,0.6923335834184199,0.47752170302343105,0.5450781501032267,0.0,-16.152548508206465,0.42938476852912183,49.25682950418075,0.5184001396577711,0.3107974264458162,0.975,0.5083333333333333,2.188326142351195,0.9833333333333333,1.2193074983571706,0.3996061922948258,2.0165388930436725,0.786730758144699,0.00508071104525009,33.104280995974285,12.0258167544465,29.72877805174987,0.04225088637102799,8.39595832859656,0.5450781501032267,0.6923335834184199,0.47752170302343105,0.5450781501032267,0.0,0.42938476852912183,0.5184001396577711,0.3107974264458162,2.188326142351195,0.9833333333333333,1.2193074983571706,0.3996061922948258,2.0165388930436725,0.786730758144699,0.00508071104525009,33.104280995974285,12.0258167544465,29.72877805174987,0.04225088637102799,0.975,0.5083333333333333,0.2518,14.768315677488578,7.742476852975176,Wh,7.742476852975176,Wh
337,b10080335a8894f0d63f114b11685c1b,ARIMA,"{""p"": 0, ""d"": 2, ""q"": 2, ""regression_type"": null}","{""fillna"": ""cubic"", ""transformations"": {""0"": ""bkfilter"", ""1"": ""AlignLastValue""}, ""transformation_params"": {""0"": {}, ""1"": {""rows"": 1, ""lag"": 7, ""method"": ""additive"", ""strength"": 1.0, ""first_value_only"": false, ""threshold"": 10, ""threshold_method"": ""mean"", ""mean_type"": ""arithmetic""}}}",0,1,8.39595832859656,0.5450781501032267,0.6923335834184199,0.47752170302343105,0.5450781501032267,0.0,-16.152548508206465,0.42938476852912183,49.25682950418075,0.5184001396577711,0.3107974264458162,0.975,0.5083333333333333,2.188326142351195,0.9833333333333333,1.2193074983571706,0.3996061922948258,2.0165388930436725,0.786730758144699,0.00508071104525009,33.104280995974285,12.0258167544465,29.72877805174987,0.04225088637102799,8.39595832859656,0.5450781501032267,0.6923335834184199,0.47752170302343105,0.5450781501032267,0.0,0.42938476852912183,0.5184001396577711,0.3107974264458162,2.188326142351195,0.9833333333333333,1.2193074983571706,0.3996061922948258,2.0165388930436725,0.786730758144699,0.00508071104525009,33.104280995974285,12.0258167544465,29.72877805174987,0.04225088637102799,0.975,0.5083333333333333,0.1418,14.768315677488578,7.742476852975176,Wh,7.742476852975176,Wh
338,d7c8ba285d010106a26fcdf9579cc44d,Ensemble,"{""model_name"": ""BestN"", ""model_count"": 5, ""model_metric"": ""bestn_horizontal"", ""models"": {""5bb9f16e5f9c93ddad63947a240ff284"": {""Model"": ""FBProphet"", ""ModelParameters"": ""{\""holiday\"": false, \""regression_type\"": null, \""growth\"": \""linear\"", \""seasonality_mode\"": \""additive\"", \""changepoint_prior_scale\"": 0.05, \""n_changepoints\"": 25, \""changepoint_range\"": 360, \""changepoint_spacing\"": null, \""changepoint_distance_end\"": null, \""seasonality_prior_scale\"": 10.0, \""yearly_seasonality_prior_scale\"": null, \""yearly_seasonality_order\"": null, \""weekly_seasonality_prior_scale\"": null, \""holidays_prior_scale\"": 10.0, \""trend_phi\"": null}"", ""TransformationParameters"": ""{\""fillna\"": \""rolling_mean\"", \""transformations\"": {\""0\"": \""StandardScaler\"", \""1\"": \""bkfilter\"", \""2\"": \""HPFilter\""}, \""transformation_params\"": {\""0\"": {}, \""1\"": {}, \""2\"": {\""part\"": \""trend\"", \""lamb\"": 6.25}}}""}, ""5c9aafe0ed22a0009a0c5786b4223a8f"": {""Model"": ""FBProphet"", ""ModelParameters"": ""{\""holiday\"": false, \""regression_type\"": null, \""growth\"": \""linear\"", \""seasonality_mode\"": \""additive\"", \""changepoint_prior_scale\"": 0.05, \""n_changepoints\"": 25, \""changepoint_range\"": 0.8, \""changepoint_spacing\"": null, \""changepoint_distance_end\"": null, \""seasonality_prior_scale\"": 10.0, \""yearly_seasonality_prior_scale\"": null, \""yearly_seasonality_order\"": null, \""weekly_seasonality_prior_scale\"": 0.0001, \""holidays_prior_scale\"": 10.0, \""trend_phi\"": null}"", ""TransformationParameters"": ""{\""fillna\"": \""mean\"", \""transformations\"": {\""0\"": \""StandardScaler\"", \""1\"": \""bkfilter\"", \""2\"": \""HPFilter\""}, \""transformation_params\"": {\""0\"": {}, \""1\"": {}, \""2\"": {\""part\"": \""trend\"", \""lamb\"": 6.25}}}""}, ""2f39eb773641165ab62d1d03bee46b54"": {""Model"": ""FBProphet"", ""ModelParameters"": ""{\""holiday\"": false, \""regression_type\"": null, \""growth\"": \""linear\"", \""seasonality_mode\"": \""additive\"", \""changepoint_prior_scale\"": 0.05, \""n_changepoints\"": 25, \""changepoint_range\"": 360, \""changepoint_spacing\"": null, \""changepoint_distance_end\"": null, \""seasonality_prior_scale\"": 10.0, \""yearly_seasonality_prior_scale\"": null, \""yearly_seasonality_order\"": null, \""weekly_seasonality_prior_scale\"": null, \""holidays_prior_scale\"": 20, \""trend_phi\"": null}"", ""TransformationParameters"": ""{\""fillna\"": \""rolling_mean\"", \""transformations\"": {\""0\"": \""StandardScaler\"", \""1\"": \""bkfilter\"", \""2\"": \""HPFilter\""}, \""transformation_params\"": {\""0\"": {}, \""1\"": {}, \""2\"": {\""part\"": \""trend\"", \""lamb\"": 6.25}}}""}, ""03692eafcc5a0b55c93fa7a44934e875"": {""Model"": ""FBProphet"", ""ModelParameters"": ""{\""holiday\"": false, \""regression_type\"": null, \""growth\"": \""linear\"", \""seasonality_mode\"": \""multiplicative\"", \""changepoint_prior_scale\"": 0.05, \""n_changepoints\"": 25, \""changepoint_range\"": 0.8, \""changepoint_spacing\"": null, \""changepoint_distance_end\"": null, \""seasonality_prior_scale\"": 10.0, \""yearly_seasonality_prior_scale\"": null, \""yearly_seasonality_order\"": null, \""weekly_seasonality_prior_scale\"": 0.0001, \""holidays_prior_scale\"": 0.1, \""trend_phi\"": null}"", ""TransformationParameters"": ""{\""fillna\"": \""rolling_mean\"", \""transformations\"": {\""0\"": \""StandardScaler\"", \""1\"": \""bkfilter\"", \""2\"": \""HPFilter\""}, \""transformation_params\"": {\""0\"": {}, \""1\"": {}, \""2\"": {\""part\"": \""trend\"", \""lamb\"": 6.25}}}""}, ""0c0137540bc924eddab1cf1337a173c4"": {""Model"": ""FBProphet"", ""ModelParameters"": ""{\""holiday\"": false, \""regression_type\"": null, \""growth\"": \""linear\"", \""seasonality_mode\"": \""additive\"", \""changepoint_prior_scale\"": 0.05, \""n_changepoints\"": 25, \""changepoint_range\"": 0.85, \""changepoint_spacing\"": null, \""changepoint_distance_end\"": null, \""seasonality_prior_scale\"": 10.0, \""yearly_seasonality_prior_scale\"": null, \""yearly_seasonality_order\"": null, \""weekly_seasonality_prior_scale\"": 0.0001, \""holidays_prior_scale\"": 0.1, \""trend_phi\"": null}"", ""TransformationParameters"": ""{\""fillna\"": \""rolling_mean\"", \""transformations\"": {\""0\"": \""StandardScaler\"", \""1\"": \""bkfilter\"", \""2\"": \""HPFilter\""}, \""transformation_params\"": {\""0\"": {}, \""1\"": {}, \""2\"": {\""part\"": \""trend\"", \""lamb\"": 6.25}}}""}}, ""point_method"": ""median"", ""model_weights"": {}}","{""fillna"": ""ffill"", ""transformations"": {""0"": ""RegressionFilter"", ""1"": ""HistoricValues""}, ""transformation_params"": {""0"": {""sigma"": 1, ""rolling_window"": 90, ""run_order"": ""season_first"", ""regression_params"": {""regression_model"": {""model"": ""ElasticNet"", ""model_params"": {""l1_ratio"": 0.5, ""fit_intercept"": false, ""selection"": ""cyclic"", ""max_iter"": 2000}}, ""datepart_method"": ""simple"", ""polynomial_degree"": null, ""transform_dict"": {""fillna"": null, ""transformations"": {""0"": ""ScipyFilter""}, ""transformation_params"": {""0"": {""method"": ""savgol_filter"", ""method_args"": {""window_length"": 31, ""polyorder"": 3, ""deriv"": 0, ""mode"": ""interp""}}}}, ""holiday_countries_used"": false, ""lags"": null, ""forward_lags"": null}, ""holiday_params"": null, ""trend_method"": ""rolling_mean""}, ""1"": {""window"": 28}}}",1,1,8.360996477570426,0.5440161109092809,0.7143190178178801,0.47546278702036004,0.5440161109092809,0.0,-16.23161499378603,0.4253248861784383,49.05031831532767,0.5150970989872268,0.3056406721601624,0.4666666666666667,0.525,2.3378496170043945,0.9833333333333333,1.2183168713022703,0.39125929485473715,1.9847982366547057,0.7908128912034972,0.027900430504904105,32.81870332154164,11.137093302027075,29.550913872558155,0.041886404512200624,8.360996477570426,0.5440161109092809,0.7143190178178801,0.47546278702036004,0.5440161109092809,0.0,0.4253248861784383,0.5150970989872268,0.3056406721601624,2.3378496170043945,0.9833333333333333,1.2183168713022703,0.39125929485473715,1.9847982366547057,0.7908128912034972,0.027900430504904105,32.81870332154164,11.137093302027075,29.550913872558155,0.041886404512200624,0.4666666666666667,0.525,3.234,14.732316151390627,7.727391284282834,Wh,7.727391284282834,Wh
339,eec0305c520c5a3c5bdce95a49f4b0e4,ARIMA,"{""p"": 4, ""d"": 2, ""q"": 12, ""regression_type"": null}","{""fillna"": ""cubic"", ""transformations"": {""0"": ""bkfilter"", ""1"": ""AlignLastValue"", ""2"": ""AnomalyRemoval""}, ""transformation_params"": {""0"": {}, ""1"": {""rows"": 1, ""lag"": 7, ""method"": ""additive"", ""strength"": 1.0, ""first_value_only"": false, ""threshold"": 10, ""threshold_method"": ""mean"", ""mean_type"": ""arithmetic""}, ""2"": {""method"": ""rolling_zscore"", ""method_params"": {""distribution"": ""uniform"", ""alpha"": 0.05, ""rolling_periods"": 200, ""center"": true}, ""fillna"": ""rolling_mean_24"", ""transform_dict"": {""fillna"": ""ffill"", ""transformations"": {""0"": ""cffilter"", ""1"": ""ConvolutionFilter""}, ""transformation_params"": {""0"": {}, ""1"": {""weight"": [1.0, 0.5, 0.3333333333333333]}}}, ""isolated_only"": false, ""on_inverse"": false}}}",0,1,8.502829593071327,0.5516832019146211,0.7001402514527276,0.509639059435492,0.5516832019146211,0.0,-47.34480741856341,0.5103129667634307,18.857176811191117,0.4447491360128167,0.2967125663174039,0.9833333333333333,0.5666666666666667,1.8766844286734106,0.9833333333333333,1.2297860378975176,0.4159223987321261,1.9518547552319125,0.903918358601178,0.2608654756860521,28.487630607372296,15.141822720690696,18.336851563509097,0.03635867046676759,8.502829593071327,0.5516832019146211,0.7001402514527276,0.509639059435492,0.5516832019146211,0.0,0.5103129667634307,0.4447491360128167,0.2967125663174039,1.8766844286734106,0.9833333333333333,1.2297860378975176,0.4159223987321261,1.9518547552319125,0.903918358601178,0.2608654756860521,28.487630607372296,15.141822720690696,18.336851563509097,0.03635867046676759,0.9833333333333333,0.5666666666666667,3.1891,14.70517179468638,7.83629727258425,Wh,7.83629727258425,Wh
340,86962a8d4977c0eebf064618f2020c6b,FBProphet,"{""holiday"": false, ""regression_type"": null, ""growth"": ""linear"", ""seasonality_mode"": ""multiplicative"", ""changepoint_prior_scale"": 0.05, ""n_changepoints"": 25, ""changepoint_range"": 0.8, ""changepoint_spacing"": null, ""changepoint_distance_end"": null, ""seasonality_prior_scale"": 10.0, ""yearly_seasonality_prior_scale"": null, ""yearly_seasonality_order"": null, ""weekly_seasonality_prior_scale"": null, ""holidays_prior_scale"": 0.1, ""trend_phi"": null}","{""fillna"": ""cubic"", ""transformations"": {""0"": ""bkfilter"", ""1"": ""AlignLastValue""}, ""transformation_params"": {""0"": {}, ""1"": {""rows"": 1, ""lag"": 7, ""method"": ""additive"", ""strength"": 1.0, ""first_value_only"": false, ""threshold"": 10, ""threshold_method"": ""mean"", ""mean_type"": ""arithmetic""}}}",0,1,8.664477835384606,0.5635478978425051,0.7330640088276759,0.4965277917917245,0.5635478978425051,0.0,-16.17430018958195,0.4360867578355901,51.451447551518655,0.5347139791454238,0.27593171857805454,0.9666666666666667,0.5083333333333333,2.3013385615332975,0.9833333333333333,1.2259783875725572,0.4133543473762547,2.1210281064068224,0.8375481061564342,0.2774334584113983,35.277147361936706,12.96297622680822,20.24990280358968,0.045024108660280275,8.664477835384606,0.5635478978425051,0.7330640088276759,0.4965277917917245,0.5635478978425051,0.0,0.4360867578355901,0.5347139791454238,0.27593171857805454,2.3013385615332975,0.9833333333333333,1.2259783875725572,0.4133543473762547,2.1210281064068224,0.8375481061564342,0.2774334584113983,35.277147361936706,12.96297622680822,20.24990280358968,0.045024108660280275,0.9666666666666667,0.5083333333333333,0.8911,14.664149318614896,8.004827479806526,Wh,8.004827479806526,Wh
341,0d236d6a0ed2ac75f26ecace88a4ecf3,FBProphet,"{""holiday"": true, ""regression_type"": null, ""growth"": ""linear"", ""seasonality_mode"": ""multiplicative"", ""changepoint_prior_scale"": 0.05, ""n_changepoints"": 25, ""changepoint_range"": 0.8, ""changepoint_spacing"": null, ""changepoint_distance_end"": null, ""seasonality_prior_scale"": 10.0, ""yearly_seasonality_prior_scale"": null, ""yearly_seasonality_order"": 2, ""weekly_seasonality_prior_scale"": null, ""holidays_prior_scale"": 0.1, ""trend_phi"": null}","{""fillna"": ""cubic"", ""transformations"": {""0"": ""bkfilter"", ""1"": ""AlignLastValue""}, ""transformation_params"": {""0"": {}, ""1"": {""rows"": 1, ""lag"": 7, ""method"": ""additive"", ""strength"": 1.0, ""first_value_only"": false, ""threshold"": 10, ""threshold_method"": ""mean"", ""mean_type"": ""arithmetic""}}}",0,1,8.664477835384606,0.5635478978425051,0.7330640088276759,0.4965277917917245,0.5635478978425051,0.0,-16.17430018958195,0.4360867578355901,51.451447551518655,0.5347139791454238,0.27592858306719475,0.9666666666666667,0.5083333333333333,2.3013385615332975,0.9833333333333333,1.2259783875725572,0.4133543473762547,2.1210281064068224,0.8375481061564342,0.2774334584113983,35.277147361936706,12.96297622680822,20.24990280358968,0.045024108660280275,8.664477835384606,0.5635478978425051,0.7330640088276759,0.4965277917917245,0.5635478978425051,0.0,0.4360867578355901,0.5347139791454238,0.27592858306719475,2.3013385615332975,0.9833333333333333,1.2259783875725572,0.4133543473762547,2.1210281064068224,0.8375481061564342,0.2774334584113983,35.277147361936706,12.96297622680822,20.24990280358968,0.045024108660280275,0.9666666666666667,0.5083333333333333,0.9164,14.664104509971073,8.004827479806526,Wh,8.004827479806526,Wh
342,53710a1a164504d5ad95e73d15d4d142,FBProphet,"{""holiday"": false, ""regression_type"": null, ""growth"": ""linear"", ""seasonality_mode"": ""multiplicative"", ""changepoint_prior_scale"": 0.05, ""n_changepoints"": 25, ""changepoint_range"": 0.8, ""changepoint_spacing"": null, ""changepoint_distance_end"": null, ""seasonality_prior_scale"": 10.0, ""yearly_seasonality_prior_scale"": null, ""yearly_seasonality_order"": null, ""weekly_seasonality_prior_scale"": null, ""holidays_prior_scale"": 0.1, ""trend_phi"": null}","{""fillna"": ""ffill"", ""transformations"": {""0"": ""bkfilter"", ""1"": ""AlignLastValue""}, ""transformation_params"": {""0"": {}, ""1"": {""rows"": 1, ""lag"": 7, ""method"": ""additive"", ""strength"": 1.0, ""first_value_only"": false, ""threshold"": 10, ""threshold_method"": ""mean"", ""mean_type"": ""arithmetic""}}}",0,1,8.664477835384606,0.5635478978425051,0.7330640088276759,0.4965277917917245,0.5635478978425051,0.0,-16.17430018958195,0.4360867578355901,51.451447551518655,0.5347139791454238,0.27516875843109334,0.9666666666666667,0.5083333333333333,2.3013385615332975,0.9833333333333333,1.2259783875725572,0.4133543473762547,2.1210281064068224,0.8375481061564342,0.2774334584113983,35.277147361936706,12.96297622680822,20.24990280358968,0.045024108660280275,8.664477835384606,0.5635478978425051,0.7330640088276759,0.4965277917917245,0.5635478978425051,0.0,0.4360867578355901,0.5347139791454238,0.27516875843109334,2.3013385615332975,0.9833333333333333,1.2259783875725572,0.4133543473762547,2.1210281064068224,0.8375481061564342,0.2774334584113983,35.277147361936706,12.96297622680822,20.24990280358968,0.045024108660280275,0.9666666666666667,0.5083333333333333,0.8643,14.6532460843398,8.004827479806526,Wh,8.004827479806526,Wh
343,b95a7ebf7885c0e1d42cdf51d873ca69,Ensemble,"{""model_name"": ""BestN"", ""model_count"": 3, ""model_metric"": ""best_score"", ""models"": {""5bb9f16e5f9c93ddad63947a240ff284"": {""Model"": ""FBProphet"", ""ModelParameters"": ""{\""holiday\"": false, \""regression_type\"": null, \""growth\"": \""linear\"", \""seasonality_mode\"": \""additive\"", \""changepoint_prior_scale\"": 0.05, \""n_changepoints\"": 25, \""changepoint_range\"": 360, \""changepoint_spacing\"": null, \""changepoint_distance_end\"": null, \""seasonality_prior_scale\"": 10.0, \""yearly_seasonality_prior_scale\"": null, \""yearly_seasonality_order\"": null, \""weekly_seasonality_prior_scale\"": null, \""holidays_prior_scale\"": 10.0, \""trend_phi\"": null}"", ""TransformationParameters"": ""{\""fillna\"": \""rolling_mean\"", \""transformations\"": {\""0\"": \""StandardScaler\"", \""1\"": \""bkfilter\"", \""2\"": \""HPFilter\""}, \""transformation_params\"": {\""0\"": {}, \""1\"": {}, \""2\"": {\""part\"": \""trend\"", \""lamb\"": 6.25}}}""}, ""5c9aafe0ed22a0009a0c5786b4223a8f"": {""Model"": ""FBProphet"", ""ModelParameters"": ""{\""holiday\"": false, \""regression_type\"": null, \""growth\"": \""linear\"", \""seasonality_mode\"": \""additive\"", \""changepoint_prior_scale\"": 0.05, \""n_changepoints\"": 25, \""changepoint_range\"": 0.8, \""changepoint_spacing\"": null, \""changepoint_distance_end\"": null, \""seasonality_prior_scale\"": 10.0, \""yearly_seasonality_prior_scale\"": null, \""yearly_seasonality_order\"": null, \""weekly_seasonality_prior_scale\"": 0.0001, \""holidays_prior_scale\"": 10.0, \""trend_phi\"": null}"", ""TransformationParameters"": ""{\""fillna\"": \""mean\"", \""transformations\"": {\""0\"": \""StandardScaler\"", \""1\"": \""bkfilter\"", \""2\"": \""HPFilter\""}, \""transformation_params\"": {\""0\"": {}, \""1\"": {}, \""2\"": {\""part\"": \""trend\"", \""lamb\"": 6.25}}}""}, ""2f39eb773641165ab62d1d03bee46b54"": {""Model"": ""FBProphet"", ""ModelParameters"": ""{\""holiday\"": false, \""regression_type\"": null, \""growth\"": \""linear\"", \""seasonality_mode\"": \""additive\"", \""changepoint_prior_scale\"": 0.05, \""n_changepoints\"": 25, \""changepoint_range\"": 360, \""changepoint_spacing\"": null, \""changepoint_distance_end\"": null, \""seasonality_prior_scale\"": 10.0, \""yearly_seasonality_prior_scale\"": null, \""yearly_seasonality_order\"": null, \""weekly_seasonality_prior_scale\"": null, \""holidays_prior_scale\"": 20, \""trend_phi\"": null}"", ""TransformationParameters"": ""{\""fillna\"": \""rolling_mean\"", \""transformations\"": {\""0\"": \""StandardScaler\"", \""1\"": \""bkfilter\"", \""2\"": \""HPFilter\""}, \""transformation_params\"": {\""0\"": {}, \""1\"": {}, \""2\"": {\""part\"": \""trend\"", \""lamb\"": 6.25}}}""}}, ""model_weights"": {}, ""point_method"": ""mean""}","{""fillna"": ""ffill"", ""transformations"": {""0"": ""RegressionFilter"", ""1"": ""HistoricValues""}, ""transformation_params"": {""0"": {""sigma"": 1, ""rolling_window"": 90, ""run_order"": ""season_first"", ""regression_params"": {""regression_model"": {""model"": ""ElasticNet"", ""model_params"": {""l1_ratio"": 0.5, ""fit_intercept"": false, ""selection"": ""cyclic"", ""max_iter"": 2000}}, ""datepart_method"": ""simple"", ""polynomial_degree"": null, ""transform_dict"": {""fillna"": null, ""transformations"": {""0"": ""ScipyFilter""}, ""transformation_params"": {""0"": {""method"": ""savgol_filter"", ""method_args"": {""window_length"": 31, ""polyorder"": 3, ""deriv"": 0, ""mode"": ""interp""}}}}, ""holiday_countries_used"": false, ""lags"": null, ""forward_lags"": null}, ""holiday_params"": null, ""trend_method"": ""rolling_mean""}, ""1"": {""window"": 28}}}",1,1,8.323975181172862,0.541328843099002,0.701148659145681,0.4768017781513226,0.541328843099002,0.0,-16.827483019866758,0.4268113938410477,48.131978152013474,0.5109371286571108,0.30467771164738566,0.4666666666666667,0.5083333333333333,1.9606099128723145,0.9833333333333333,1.219512796872863,0.390294356625232,1.9786551630525375,0.7747775620613466,0.08280065159981126,31.304495132146716,10.326380788844041,27.660886274890437,0.03995382551554503,8.323975181172862,0.541328843099002,0.701148659145681,0.4768017781513226,0.541328843099002,0.0,0.4268113938410477,0.5109371286571108,0.30467771164738566,1.9606099128723145,0.9833333333333333,1.219512796872863,0.390294356625232,1.9786551630525375,0.7747775620613466,0.08280065159981126,31.304495132146716,10.326380788844041,27.660886274890437,0.03995382551554503,0.4666666666666667,0.5083333333333333,1.9409,14.63810600575844,7.689220411326561,Wh,7.689220411326561,Wh
344,4f0d7c0c49e08c8945cf49567e9da41c,FBProphet,"{""holiday"": false, ""regression_type"": null, ""growth"": ""linear"", ""seasonality_mode"": ""multiplicative"", ""changepoint_prior_scale"": 0.05, ""n_changepoints"": 25, ""changepoint_range"": 0.8, ""changepoint_spacing"": null, ""changepoint_distance_end"": null, ""seasonality_prior_scale"": 10.0, ""yearly_seasonality_prior_scale"": null, ""yearly_seasonality_order"": null, ""weekly_seasonality_prior_scale"": null, ""holidays_prior_scale"": 0.1, ""trend_phi"": null}","{""fillna"": ""rolling_mean"", ""transformations"": {""0"": ""bkfilter""}, ""transformation_params"": {""0"": {}}}",0,1,8.591518158984554,0.5586545958049259,0.7247893015045233,0.4966803866114203,0.5586545958049259,0.0,-17.157999287339557,0.4359092208799461,49.88055220925155,0.5279387229793099,0.2766739815705618,0.9666666666666667,0.5083333333333333,2.2800502745330915,0.9833333333333333,1.224438392060608,0.4108226607274441,2.0945698808595288,0.8558330086865876,0.27756900122666933,32.72255292191198,11.85991407072399,20.232201804504967,0.04176368806927967,8.591518158984554,0.5586545958049259,0.7247893015045233,0.4966803866114203,0.5586545958049259,0.0,0.4359092208799461,0.5279387229793099,0.2766739815705618,2.2800502745330915,0.9833333333333333,1.224438392060608,0.4108226607274441,2.0945698808595288,0.8558330086865876,0.27756900122666933,32.72255292191198,11.85991407072399,20.232201804504967,0.04176368806927967,0.9666666666666667,0.5083333333333333,0.8955,14.574643923302036,7.935321340634742,Wh,7.935321340634742,Wh
345,290072eada53189c757f67ac7b1cfea9,ARIMA,"{""p"": 0, ""d"": 0, ""q"": 2, ""regression_type"": ""Holiday""}","{""fillna"": ""mean"", ""transformations"": {""0"": ""AnomalyRemoval"", ""1"": ""ChangepointDetrend"", ""2"": ""ClipOutliers""}, ""transformation_params"": {""0"": {""method"": ""zscore"", ""method_params"": {""distribution"": ""chi2"", ""alpha"": 0.05}, ""fillna"": ""ffill"", ""transform_dict"": null, ""isolated_only"": false, ""on_inverse"": false}, ""1"": {""model"": ""ElasticNet"", ""changepoint_spacing"": 90, ""changepoint_distance_end"": 180, ""datepart_method"": null}, ""2"": {""method"": ""clip"", ""std_threshold"": 2, ""fillna"": null}}}",0,1,8.664374210099627,0.5634282307031195,0.7152024000087769,0.48794618671599255,0.5634282307031195,0.0,-14.807369478942984,0.43801485760144365,52.80401820543137,0.5382340208510944,0.2706003637043259,0.9583333333333334,0.5083333333333333,2.247378219551112,0.9833333333333333,1.225438937579675,0.4150997486807289,2.0824717774313775,0.720689803954004,0.05581006553251331,37.99664872648839,13.773900653848367,28.66985532922856,0.04849499942372871,8.664374210099627,0.5634282307031195,0.7152024000087769,0.48794618671599255,0.5634282307031195,0.0,0.43801485760144365,0.5382340208510944,0.2706003637043259,2.247378219551112,0.9833333333333333,1.225438937579675,0.4150997486807289,2.0824717774313775,0.720689803954004,0.05581006553251331,37.99664872648839,13.773900653848367,28.66985532922856,0.04849499942372871,0.9583333333333334,0.5083333333333333,0.1207,14.532787684955755,8.003127686746431,Wh,8.003127686746431,Wh
346,d47eb4686a5d527fa8faffe7a9391789,Ensemble,"{""model_name"": ""BestN"", ""model_count"": 5, ""model_metric"": ""best_score_unique"", ""models"": {""5bb9f16e5f9c93ddad63947a240ff284"": {""Model"": ""FBProphet"", ""ModelParameters"": ""{\""holiday\"": false, \""regression_type\"": null, \""growth\"": \""linear\"", \""seasonality_mode\"": \""additive\"", \""changepoint_prior_scale\"": 0.05, \""n_changepoints\"": 25, \""changepoint_range\"": 360, \""changepoint_spacing\"": null, \""changepoint_distance_end\"": null, \""seasonality_prior_scale\"": 10.0, \""yearly_seasonality_prior_scale\"": null, \""yearly_seasonality_order\"": null, \""weekly_seasonality_prior_scale\"": null, \""holidays_prior_scale\"": 10.0, \""trend_phi\"": null}"", ""TransformationParameters"": ""{\""fillna\"": \""rolling_mean\"", \""transformations\"": {\""0\"": \""StandardScaler\"", \""1\"": \""bkfilter\"", \""2\"": \""HPFilter\""}, \""transformation_params\"": {\""0\"": {}, \""1\"": {}, \""2\"": {\""part\"": \""trend\"", \""lamb\"": 6.25}}}""}, ""290072eada53189c757f67ac7b1cfea9"": {""Model"": ""ARIMA"", ""ModelParameters"": ""{\""p\"": 0, \""d\"": 0, \""q\"": 2, \""regression_type\"": \""Holiday\""}"", ""TransformationParameters"": ""{\""fillna\"": \""mean\"", \""transformations\"": {\""0\"": \""AnomalyRemoval\"", \""1\"": \""ChangepointDetrend\"", \""2\"": \""ClipOutliers\""}, \""transformation_params\"": {\""0\"": {\""method\"": \""zscore\"", \""method_params\"": {\""distribution\"": \""chi2\"", \""alpha\"": 0.05}, \""fillna\"": \""ffill\"", \""transform_dict\"": null, \""isolated_only\"": false, \""on_inverse\"": false}, \""1\"": {\""model\"": \""ElasticNet\"", \""changepoint_spacing\"": 90, \""changepoint_distance_end\"": 180, \""datepart_method\"": null}, \""2\"": {\""method\"": \""clip\"", \""std_threshold\"": 2, \""fillna\"": null}}}""}, ""7f1b9001e4365205912d8167e1108b4a"": {""Model"": ""DatepartRegression"", ""ModelParameters"": ""{\""regression_model\"": {\""model\"": \""ElasticNet\"", \""model_params\"": {\""l1_ratio\"": 0.5, \""fit_intercept\"": true, \""selection\"": \""cyclic\"", \""max_iter\"": 1000}}, \""datepart_method\"": \""simple_2\"", \""polynomial_degree\"": null, \""holiday_countries_used\"": false, \""lags\"": null, \""forward_lags\"": null, \""regression_type\"": null}"", ""TransformationParameters"": ""{\""fillna\"": \""ffill_mean_biased\"", \""transformations\"": {\""0\"": \""AlignLastValue\"", \""1\"": \""bkfilter\"", \""2\"": \""CointegrationTransformer\""}, \""transformation_params\"": {\""0\"": {\""rows\"": 7, \""lag\"": 2, \""method\"": \""additive\"", \""strength\"": 1.0, \""first_value_only\"": true, \""threshold\"": null, \""threshold_method\"": \""max\"", \""mean_type\"": \""arithmetic\""}, \""1\"": {}, \""2\"": {\""n_components\"": 5, \""max_components\"": 20, \""shrinkage\"": 0.01, \""method\"": \""cca\"", \""min_periods\"": 30}}}""}, ""391cc75f9a7d750778405fc3cfcecb92"": {""Model"": ""RollingRegression"", ""ModelParameters"": ""{\""regression_model\"": {\""model\"": \""DecisionTree\"", \""model_params\"": {\""max_depth\"": null, \""min_samples_split\"": 0.05}}, \""holiday\"": false, \""mean_rolling_periods\"": null, \""macd_periods\"": null, \""std_rolling_periods\"": null, \""max_rolling_periods\"": 420, \""min_rolling_periods\"": 168, \""ewm_var_alpha\"": null, \""quantile90_rolling_periods\"": null, \""quantile10_rolling_periods\"": null, \""ewm_alpha\"": null, \""additional_lag_periods\"": 6, \""abs_energy\"": false, \""rolling_autocorr_periods\"": null, \""nonzero_last_n\"": null, \""add_date_part\"": \""expanded\"", \""polynomial_degree\"": null, \""x_transform\"": null, \""regression_type\"": null}"", ""TransformationParameters"": ""{\""fillna\"": \""mean\"", \""transformations\"": {\""0\"": \""STLFilter\"", \""1\"": \""RobustScaler\"", \""2\"": \""MaxAbsScaler\"", \""3\"": \""SeasonalDifference\"", \""4\"": \""AlignLastValue\""}, \""transformation_params\"": {\""0\"": {\""decomp_type\"": \""seasonal_decompose\"", \""part\"": \""trend\""}, \""1\"": {}, \""2\"": {}, \""3\"": {\""lag_1\"": 7, \""method\"": \""LastValue\""}, \""4\"": {\""rows\"": 1, \""lag\"": 2, \""method\"": \""additive\"", \""strength\"": 0.7, \""first_value_only\"": false, \""threshold\"": null, \""threshold_method\"": \""mean\"", \""mean_type\"": \""arithmetic\""}}}""}}, ""point_method"": ""midhinge"", ""model_weights"": {}}","{""fillna"": ""ffill"", ""transformations"": {""0"": ""FFTFilter"", ""1"": ""HistoricValues""}, ""transformation_params"": {""0"": {""cutoff"": 0.01, ""reverse"": false, ""on_transform"": false, ""on_inverse"": true}, ""1"": {""window"": null}}}",1,1,8.843592514919594,0.5746085785918001,0.730686689192064,0.4819370151584458,0.5746085785918001,0.0,-16.875936884239707,0.452575581114786,52.07709254677631,0.5409686417415557,0.2545840096473946,0.8666666666666667,0.48333333333333334,2.1385752720503586,0.9833333333333333,1.2296923941617888,0.4191491586641355,2.3040189678095775,1.9583021718628366,0.010763219885177658,35.20115566253661,8.06798299443001,29.245318012251616,0.04492712070102252,8.843592514919594,0.5746085785918001,0.730686689192064,0.4819370151584458,0.5746085785918001,0.0,0.452575581114786,0.5409686417415557,0.2545840096473946,2.1385752720503586,0.9833333333333333,1.2296923941617888,0.4191491586641355,2.3040189678095775,1.9583021718628366,0.010763219885177658,35.20115566253661,8.06798299443001,29.245318012251616,0.04492712070102252,0.8666666666666667,0.48333333333333334,3.1434,14.501531198927324,8.161937179880445,Wh,8.161937179880445,Wh
347,1dcb2daf4aad421f4af8ffcc734f0674,Ensemble,"{""model_name"": ""BestN"", ""model_count"": 3, ""model_metric"": ""best_score_unique"", ""models"": {""5bb9f16e5f9c93ddad63947a240ff284"": {""Model"": ""FBProphet"", ""ModelParameters"": ""{\""holiday\"": false, \""regression_type\"": null, \""growth\"": \""linear\"", \""seasonality_mode\"": \""additive\"", \""changepoint_prior_scale\"": 0.05, \""n_changepoints\"": 25, \""changepoint_range\"": 360, \""changepoint_spacing\"": null, \""changepoint_distance_end\"": null, \""seasonality_prior_scale\"": 10.0, \""yearly_seasonality_prior_scale\"": null, \""yearly_seasonality_order\"": null, \""weekly_seasonality_prior_scale\"": null, \""holidays_prior_scale\"": 10.0, \""trend_phi\"": null}"", ""TransformationParameters"": ""{\""fillna\"": \""rolling_mean\"", \""transformations\"": {\""0\"": \""StandardScaler\"", \""1\"": \""bkfilter\"", \""2\"": \""HPFilter\""}, \""transformation_params\"": {\""0\"": {}, \""1\"": {}, \""2\"": {\""part\"": \""trend\"", \""lamb\"": 6.25}}}""}, ""290072eada53189c757f67ac7b1cfea9"": {""Model"": ""ARIMA"", ""ModelParameters"": ""{\""p\"": 0, \""d\"": 0, \""q\"": 2, \""regression_type\"": \""Holiday\""}"", ""TransformationParameters"": ""{\""fillna\"": \""mean\"", \""transformations\"": {\""0\"": \""AnomalyRemoval\"", \""1\"": \""ChangepointDetrend\"", \""2\"": \""ClipOutliers\""}, \""transformation_params\"": {\""0\"": {\""method\"": \""zscore\"", \""method_params\"": {\""distribution\"": \""chi2\"", \""alpha\"": 0.05}, \""fillna\"": \""ffill\"", \""transform_dict\"": null, \""isolated_only\"": false, \""on_inverse\"": false}, \""1\"": {\""model\"": \""ElasticNet\"", \""changepoint_spacing\"": 90, \""changepoint_distance_end\"": 180, \""datepart_method\"": null}, \""2\"": {\""method\"": \""clip\"", \""std_threshold\"": 2, \""fillna\"": null}}}""}, ""7f1b9001e4365205912d8167e1108b4a"": {""Model"": ""DatepartRegression"", ""ModelParameters"": ""{\""regression_model\"": {\""model\"": \""ElasticNet\"", \""model_params\"": {\""l1_ratio\"": 0.5, \""fit_intercept\"": true, \""selection\"": \""cyclic\"", \""max_iter\"": 1000}}, \""datepart_method\"": \""simple_2\"", \""polynomial_degree\"": null, \""holiday_countries_used\"": false, \""lags\"": null, \""forward_lags\"": null, \""regression_type\"": null}"", ""TransformationParameters"": ""{\""fillna\"": \""ffill_mean_biased\"", \""transformations\"": {\""0\"": \""AlignLastValue\"", \""1\"": \""bkfilter\"", \""2\"": \""CointegrationTransformer\""}, \""transformation_params\"": {\""0\"": {\""rows\"": 7, \""lag\"": 2, \""method\"": \""additive\"", \""strength\"": 1.0, \""first_value_only\"": true, \""threshold\"": null, \""threshold_method\"": \""max\"", \""mean_type\"": \""arithmetic\""}, \""1\"": {}, \""2\"": {\""n_components\"": 5, \""max_components\"": 20, \""shrinkage\"": 0.01, \""method\"": \""cca\"", \""min_periods\"": 30}}}""}}, ""model_weights"": {}, ""point_method"": ""mean""}","{""fillna"": ""ffill"", ""transformations"": {""0"": ""FFTFilter"", ""1"": ""HistoricValues""}, ""transformation_params"": {""0"": {""cutoff"": 0.01, ""reverse"": false, ""on_transform"": false, ""on_inverse"": true}, ""1"": {""window"": null}}}",1,1,8.730836453824372,0.5673233773075207,0.725649319585183,0.48188415756447545,0.5673233773075207,0.0,-15.351345931069048,0.4433319154981056,52.727459345833445,0.5381713693772207,0.26189548326486545,0.875,0.48333333333333334,2.1217562999727315,0.9833333333333333,1.2265602067144095,0.41031346891022097,2.259121045237299,1.9164669545056343,0.010777419509146437,37.3761134147644,9.833843932058297,29.143062359314545,0.04770301221977617,8.730836453824372,0.5673233773075207,0.725649319585183,0.48188415756447545,0.5673233773075207,0.0,0.4433319154981056,0.5381713693772207,0.26189548326486545,2.1217562999727315,0.9833333333333333,1.2265602067144095,0.41031346891022097,2.259121045237299,1.9164669545056343,0.010777419509146437,37.3761134147644,9.833843932058297,29.143062359314545,0.04770301221977617,0.875,0.48333333333333334,0.8887,14.489058564954018,8.058455684058027,Wh,8.058455684058027,Wh
348,b1cc58027ea7348231481c069ff83cf9,FBProphet,"{""holiday"": false, ""regression_type"": null, ""growth"": ""linear"", ""seasonality_mode"": ""multiplicative"", ""changepoint_prior_scale"": 0.001, ""n_changepoints"": 25, ""changepoint_range"": 0.8, ""changepoint_spacing"": null, ""changepoint_distance_end"": null, ""seasonality_prior_scale"": 10.0, ""yearly_seasonality_prior_scale"": null, ""yearly_seasonality_order"": 2, ""weekly_seasonality_prior_scale"": null, ""holidays_prior_scale"": 10.0, ""trend_phi"": null}","{""fillna"": ""cubic"", ""transformations"": {""0"": ""bkfilter"", ""1"": ""AlignLastValue""}, ""transformation_params"": {""0"": {}, ""1"": {""rows"": 1, ""lag"": 7, ""method"": ""additive"", ""strength"": 1.0, ""first_value_only"": false, ""threshold"": 10, ""threshold_method"": ""mean"", ""mean_type"": ""arithmetic""}}}",0,1,8.562398085369368,0.5567254309341418,0.7197896028370685,0.4937963808796825,0.5567254309341418,0.0,-17.934082804815798,0.437098977114605,48.87296890728122,0.5244313209695657,0.27380252882720835,0.9666666666666667,0.5083333333333333,2.257911105167831,0.9833333333333333,1.2240107110029312,0.4100371278776911,2.0791059180249722,0.8199826646902388,0.25164838449632115,30.938886102465425,10.929875919959601,20.911366580389522,0.03948719989781406,8.562398085369368,0.5567254309341418,0.7197896028370685,0.4937963808796825,0.5567254309341418,0.0,0.437098977114605,0.5244313209695657,0.27380252882720835,2.257911105167831,0.9833333333333333,1.2240107110029312,0.4100371278776911,2.0791059180249722,0.8199826646902388,0.25164838449632115,30.938886102465425,10.929875919959601,20.911366580389522,0.03948719989781406,0.9666666666666667,0.5083333333333333,0.6999,14.486359792372836,7.907918821647712,Wh,7.907918821647712,Wh
349,dff0aa312b119384bf65f6c00aea9928,FBProphet,"{""holiday"": false, ""regression_type"": null, ""growth"": ""linear"", ""seasonality_mode"": ""additive"", ""changepoint_prior_scale"": 0.05, ""n_changepoints"": 25, ""changepoint_range"": 0.85, ""changepoint_spacing"": null, ""changepoint_distance_end"": null, ""seasonality_prior_scale"": 10.0, ""yearly_seasonality_prior_scale"": null, ""yearly_seasonality_order"": null, ""weekly_seasonality_prior_scale"": 0.0001, ""holidays_prior_scale"": 0.1, ""trend_phi"": null}","{""fillna"": ""rolling_mean"", ""transformations"": {""0"": ""StandardScaler"", ""1"": ""bkfilter"", ""2"": ""MaxAbsScaler""}, ""transformation_params"": {""0"": {}, ""1"": {}, ""2"": {}}}",0,1,8.40707180263834,0.5458205768326844,0.6933648847819446,0.4775063781373742,0.5458205768326844,0.0,-16.046347952347983,0.42956187219704284,49.45212126757414,0.5193562747991103,0.28094590184269064,0.9666666666666667,0.5083333333333333,2.1909162885231375,0.9833333333333333,1.2195500511050332,0.4001278608943738,2.0198796843631834,0.785115143523403,0.005066668720697354,33.40577331522616,12.149281674598141,29.73087834112052,0.04263568003937553,8.40707180263834,0.5458205768326844,0.6933648847819446,0.4775063781373742,0.5458205768326844,0.0,0.42956187219704284,0.5193562747991103,0.28094590184269064,2.1909162885231375,0.9833333333333333,1.2195500511050332,0.4001278608943738,2.0198796843631834,0.785115143523403,0.005066668720697354,33.40577331522616,12.149281674598141,29.73087834112052,0.04263568003937553,0.9666666666666667,0.5083333333333333,0.8953,14.356074153745153,7.753022536684508,Wh,7.753022536684508,Wh
350,4463077744e37716528bbc24469ba01e,Ensemble,"{""model_name"": ""BestN"", ""model_count"": 5, ""model_metric"": ""mixed_metric"", ""models"": {""ca2e0fcc7b23d74ee347d493f6ff4379"": {""Model"": ""ARIMA"", ""ModelParameters"": ""{\""p\"": 0, \""d\"": 2, \""q\"": 2, \""regression_type\"": null}"", ""TransformationParameters"": ""{\""fillna\"": \""cubic\"", \""transformations\"": {\""0\"": \""AlignLastValue\"", \""1\"": \""AlignLastValue\""}, \""transformation_params\"": {\""0\"": {\""rows\"": 84, \""lag\"": 1, \""method\"": \""additive\"", \""strength\"": 0.5, \""first_value_only\"": false, \""threshold\"": 10, \""threshold_method\"": \""max\"", \""mean_type\"": \""arithmetic\""}, \""1\"": {\""rows\"": 1, \""lag\"": 7, \""method\"": \""additive\"", \""strength\"": 1.0, \""first_value_only\"": false, \""threshold\"": 10, \""threshold_method\"": \""mean\"", \""mean_type\"": \""arithmetic\""}}}""}, ""216178f098ef6698659d5bd14449f8af"": {""Model"": ""ARIMA"", ""ModelParameters"": ""{\""p\"": 4, \""d\"": 2, \""q\"": 4, \""regression_type\"": null}"", ""TransformationParameters"": ""{\""fillna\"": \""cubic\"", \""transformations\"": {\""0\"": \""bkfilter\"", \""1\"": \""AlignLastValue\""}, \""transformation_params\"": {\""0\"": {}, \""1\"": {\""rows\"": 1, \""lag\"": 7, \""method\"": \""additive\"", \""strength\"": 1.0, \""first_value_only\"": false, \""threshold\"": 10, \""threshold_method\"": \""mean\"", \""mean_type\"": \""arithmetic\""}}}""}, ""5c9aafe0ed22a0009a0c5786b4223a8f"": {""Model"": ""FBProphet"", ""ModelParameters"": ""{\""holiday\"": false, \""regression_type\"": null, \""growth\"": \""linear\"", \""seasonality_mode\"": \""additive\"", \""changepoint_prior_scale\"": 0.05, \""n_changepoints\"": 25, \""changepoint_range\"": 0.8, \""changepoint_spacing\"": null, \""changepoint_distance_end\"": null, \""seasonality_prior_scale\"": 10.0, \""yearly_seasonality_prior_scale\"": null, \""yearly_seasonality_order\"": null, \""weekly_seasonality_prior_scale\"": 0.0001, \""holidays_prior_scale\"": 10.0, \""trend_phi\"": null}"", ""TransformationParameters"": ""{\""fillna\"": \""mean\"", \""transformations\"": {\""0\"": \""StandardScaler\"", \""1\"": \""bkfilter\"", \""2\"": \""HPFilter\""}, \""transformation_params\"": {\""0\"": {}, \""1\"": {}, \""2\"": {\""part\"": \""trend\"", \""lamb\"": 6.25}}}""}, ""5bb9f16e5f9c93ddad63947a240ff284"": {""Model"": ""FBProphet"", ""ModelParameters"": ""{\""holiday\"": false, \""regression_type\"": null, \""growth\"": \""linear\"", \""seasonality_mode\"": \""additive\"", \""changepoint_prior_scale\"": 0.05, \""n_changepoints\"": 25, \""changepoint_range\"": 360, \""changepoint_spacing\"": null, \""changepoint_distance_end\"": null, \""seasonality_prior_scale\"": 10.0, \""yearly_seasonality_prior_scale\"": null, \""yearly_seasonality_order\"": null, \""weekly_seasonality_prior_scale\"": null, \""holidays_prior_scale\"": 10.0, \""trend_phi\"": null}"", ""TransformationParameters"": ""{\""fillna\"": \""rolling_mean\"", \""transformations\"": {\""0\"": \""StandardScaler\"", \""1\"": \""bkfilter\"", \""2\"": \""HPFilter\""}, \""transformation_params\"": {\""0\"": {}, \""1\"": {}, \""2\"": {\""part\"": \""trend\"", \""lamb\"": 6.25}}}""}, ""90456766456292561f52d10770c88398"": {""Model"": ""FBProphet"", ""ModelParameters"": ""{\""holiday\"": false, \""regression_type\"": null, \""growth\"": \""linear\"", \""seasonality_mode\"": \""multiplicative\"", \""changepoint_prior_scale\"": 0.05, \""n_changepoints\"": 25, \""changepoint_range\"": 0.8, \""changepoint_spacing\"": null, \""changepoint_distance_end\"": null, \""seasonality_prior_scale\"": 10.0, \""yearly_seasonality_prior_scale\"": null, \""yearly_seasonality_order\"": null, \""weekly_seasonality_prior_scale\"": null, \""holidays_prior_scale\"": 0.1, \""trend_phi\"": null}"", ""TransformationParameters"": ""{\""fillna\"": \""linear\"", \""transformations\"": {\""0\"": \""UpscaleDownscaleTransformer\"", \""1\"": \""AlignLastValue\"", \""2\"": \""HPFilter\"", \""3\"": \""Discretize\"", \""4\"": \""ClipOutliers\"", \""5\"": \""Slice\""}, \""transformation_params\"": {\""0\"": {\""mode\"": \""downscale\"", \""factor\"": 1, \""down_method\"": \""decimate\"", \""fill_method\"": \""pchip\""}, \""1\"": {\""rows\"": 1, \""lag\"": 1, \""method\"": \""additive\"", \""strength\"": 1.0, \""first_value_only\"": false, \""threshold\"": null, \""threshold_method\"": \""max\"", \""mean_type\"": \""arithmetic\""}, \""2\"": {\""part\"": \""trend\"", \""lamb\"": 6.25}, \""3\"": {\""discretization\"": \""center\"", \""n_bins\"": 5}, \""4\"": {\""method\"": \""clip\"", \""std_threshold\"": 5, \""fillna\"": null}, \""5\"": {\""method\"": 0.5}}}""}}, ""point_method"": ""median"", ""model_weights"": {}}","{""fillna"": ""ffill"", ""transformations"": {""0"": ""RegressionFilter"", ""1"": ""HistoricValues""}, ""transformation_params"": {""0"": {""sigma"": 1, ""rolling_window"": 90, ""run_order"": ""season_first"", ""regression_params"": {""regression_model"": {""model"": ""ElasticNet"", ""model_params"": {""l1_ratio"": 0.5, ""fit_intercept"": false, ""selection"": ""cyclic"", ""max_iter"": 2000}}, ""datepart_method"": ""simple"", ""polynomial_degree"": null, ""transform_dict"": {""fillna"": null, ""transformations"": {""0"": ""ScipyFilter""}, ""transformation_params"": {""0"": {""method"": ""savgol_filter"", ""method_args"": {""window_length"": 31, ""polyorder"": 3, ""deriv"": 0, ""mode"": ""interp""}}}}, ""holiday_countries_used"": false, ""lags"": null, ""forward_lags"": null}, ""holiday_params"": null, ""trend_method"": ""rolling_mean""}, ""1"": {""window"": 28}}}",1,1,8.00677395877642,0.5206350516722424,0.6944420699768188,0.48388059044159265,0.5206350516722424,0.0,-17.34042452220831,0.4114357447606262,45.13578167846079,0.489498116113202,0.30280456988739146,0.475,0.49166666666666664,2.242809772491455,0.9833333333333333,1.2108277321719483,0.3661830219614159,1.8882696847854077,0.737084093887294,0.04354700154485686,27.79535715625248,9.224896240753898,28.948579761618152,0.035475124108382716,8.00677395877642,0.5206350516722424,0.6944420699768188,0.48388059044159265,0.5206350516722424,0.0,0.4114357447606262,0.489498116113202,0.30280456988739146,2.242809772491455,0.9833333333333333,1.2108277321719483,0.3661830219614159,1.8882696847854077,0.737084093887294,0.04354700154485686,27.79535715625248,9.224896240753898,28.948579761618152,0.035475124108382716,0.475,0.49166666666666664,2.5895,14.28503058204432,7.395278705735098,Wh,7.395278705735098,Wh
351,aaad9ab5b3336342688720eb56a1efe0,FBProphet,"{""holiday"": false, ""regression_type"": null, ""growth"": ""linear"", ""seasonality_mode"": ""multiplicative"", ""changepoint_prior_scale"": 0.001, ""n_changepoints"": 25, ""changepoint_range"": 0.8, ""changepoint_spacing"": null, ""changepoint_distance_end"": null, ""seasonality_prior_scale"": 10.0, ""yearly_seasonality_prior_scale"": null, ""yearly_seasonality_order"": 2, ""weekly_seasonality_prior_scale"": null, ""holidays_prior_scale"": 0.1, ""trend_phi"": null}","{""fillna"": ""cubic"", ""transformations"": {""0"": ""bkfilter"", ""1"": ""AlignLastValue""}, ""transformation_params"": {""0"": {}, ""1"": {""rows"": 1, ""lag"": 7, ""method"": ""additive"", ""strength"": 1.0, ""first_value_only"": false, ""threshold"": 10, ""threshold_method"": ""mean"", ""mean_type"": ""arithmetic""}}}",0,1,8.461590085111004,0.5498667295535452,0.7137252844778128,0.49475963911870047,0.5498667295535452,0.0,-17.77704561356419,0.4319707033482425,48.20696193286123,0.5183554005943924,0.2674982645730682,0.9583333333333334,0.5083333333333333,2.247345172537716,0.9833333333333333,1.2213685734742636,0.40339208719641734,2.052450317412624,0.822771854212244,0.269685537768506,30.429916319297043,11.576580477107639,20.53969751270222,0.038837603415789596,8.461590085111004,0.5498667295535452,0.7137252844778128,0.49475963911870047,0.5498667295535452,0.0,0.4319707033482425,0.5183554005943924,0.2674982645730682,2.247345172537716,0.9833333333333333,1.2213685734742636,0.40339208719641734,2.052450317412624,0.822771854212244,0.269685537768506,30.429916319297043,11.576580477107639,20.53969751270222,0.038837603415789596,0.9583333333333334,0.5083333333333333,1.0144,14.282172734680847,7.810495476627037,Wh,7.810495476627037,Wh
352,9ab42794540e89ea48a81e646bb8d3eb,Ensemble,"{""model_name"": ""BestN"", ""model_count"": 5, ""model_metric"": ""mixed_metric"", ""models"": {""ca2e0fcc7b23d74ee347d493f6ff4379"": {""Model"": ""ARIMA"", ""ModelParameters"": ""{\""p\"": 0, \""d\"": 2, \""q\"": 2, \""regression_type\"": null}"", ""TransformationParameters"": ""{\""fillna\"": \""cubic\"", \""transformations\"": {\""0\"": \""AlignLastValue\"", \""1\"": \""AlignLastValue\""}, \""transformation_params\"": {\""0\"": {\""rows\"": 84, \""lag\"": 1, \""method\"": \""additive\"", \""strength\"": 0.5, \""first_value_only\"": false, \""threshold\"": 10, \""threshold_method\"": \""max\"", \""mean_type\"": \""arithmetic\""}, \""1\"": {\""rows\"": 1, \""lag\"": 7, \""method\"": \""additive\"", \""strength\"": 1.0, \""first_value_only\"": false, \""threshold\"": 10, \""threshold_method\"": \""mean\"", \""mean_type\"": \""arithmetic\""}}}""}, ""216178f098ef6698659d5bd14449f8af"": {""Model"": ""ARIMA"", ""ModelParameters"": ""{\""p\"": 4, \""d\"": 2, \""q\"": 4, \""regression_type\"": null}"", ""TransformationParameters"": ""{\""fillna\"": \""cubic\"", \""transformations\"": {\""0\"": \""bkfilter\"", \""1\"": \""AlignLastValue\""}, \""transformation_params\"": {\""0\"": {}, \""1\"": {\""rows\"": 1, \""lag\"": 7, \""method\"": \""additive\"", \""strength\"": 1.0, \""first_value_only\"": false, \""threshold\"": 10, \""threshold_method\"": \""mean\"", \""mean_type\"": \""arithmetic\""}}}""}, ""5c9aafe0ed22a0009a0c5786b4223a8f"": {""Model"": ""FBProphet"", ""ModelParameters"": ""{\""holiday\"": false, \""regression_type\"": null, \""growth\"": \""linear\"", \""seasonality_mode\"": \""additive\"", \""changepoint_prior_scale\"": 0.05, \""n_changepoints\"": 25, \""changepoint_range\"": 0.8, \""changepoint_spacing\"": null, \""changepoint_distance_end\"": null, \""seasonality_prior_scale\"": 10.0, \""yearly_seasonality_prior_scale\"": null, \""yearly_seasonality_order\"": null, \""weekly_seasonality_prior_scale\"": 0.0001, \""holidays_prior_scale\"": 10.0, \""trend_phi\"": null}"", ""TransformationParameters"": ""{\""fillna\"": \""mean\"", \""transformations\"": {\""0\"": \""StandardScaler\"", \""1\"": \""bkfilter\"", \""2\"": \""HPFilter\""}, \""transformation_params\"": {\""0\"": {}, \""1\"": {}, \""2\"": {\""part\"": \""trend\"", \""lamb\"": 6.25}}}""}, ""5bb9f16e5f9c93ddad63947a240ff284"": {""Model"": ""FBProphet"", ""ModelParameters"": ""{\""holiday\"": false, \""regression_type\"": null, \""growth\"": \""linear\"", \""seasonality_mode\"": \""additive\"", \""changepoint_prior_scale\"": 0.05, \""n_changepoints\"": 25, \""changepoint_range\"": 360, \""changepoint_spacing\"": null, \""changepoint_distance_end\"": null, \""seasonality_prior_scale\"": 10.0, \""yearly_seasonality_prior_scale\"": null, \""yearly_seasonality_order\"": null, \""weekly_seasonality_prior_scale\"": null, \""holidays_prior_scale\"": 10.0, \""trend_phi\"": null}"", ""TransformationParameters"": ""{\""fillna\"": \""rolling_mean\"", \""transformations\"": {\""0\"": \""StandardScaler\"", \""1\"": \""bkfilter\"", \""2\"": \""HPFilter\""}, \""transformation_params\"": {\""0\"": {}, \""1\"": {}, \""2\"": {\""part\"": \""trend\"", \""lamb\"": 6.25}}}""}, ""90456766456292561f52d10770c88398"": {""Model"": ""FBProphet"", ""ModelParameters"": ""{\""holiday\"": false, \""regression_type\"": null, \""growth\"": \""linear\"", \""seasonality_mode\"": \""multiplicative\"", \""changepoint_prior_scale\"": 0.05, \""n_changepoints\"": 25, \""changepoint_range\"": 0.8, \""changepoint_spacing\"": null, \""changepoint_distance_end\"": null, \""seasonality_prior_scale\"": 10.0, \""yearly_seasonality_prior_scale\"": null, \""yearly_seasonality_order\"": null, \""weekly_seasonality_prior_scale\"": null, \""holidays_prior_scale\"": 0.1, \""trend_phi\"": null}"", ""TransformationParameters"": ""{\""fillna\"": \""linear\"", \""transformations\"": {\""0\"": \""UpscaleDownscaleTransformer\"", \""1\"": \""AlignLastValue\"", \""2\"": \""HPFilter\"", \""3\"": \""Discretize\"", \""4\"": \""ClipOutliers\"", \""5\"": \""Slice\""}, \""transformation_params\"": {\""0\"": {\""mode\"": \""downscale\"", \""factor\"": 1, \""down_method\"": \""decimate\"", \""fill_method\"": \""pchip\""}, \""1\"": {\""rows\"": 1, \""lag\"": 1, \""method\"": \""additive\"", \""strength\"": 1.0, \""first_value_only\"": false, \""threshold\"": null, \""threshold_method\"": \""max\"", \""mean_type\"": \""arithmetic\""}, \""2\"": {\""part\"": \""trend\"", \""lamb\"": 6.25}, \""3\"": {\""discretization\"": \""center\"", \""n_bins\"": 5}, \""4\"": {\""method\"": \""clip\"", \""std_threshold\"": 5, \""fillna\"": null}, \""5\"": {\""method\"": 0.5}}}""}}, ""point_method"": ""kalman"", ""model_weights"": {}}","{""fillna"": ""fake_date"", ""transformations"": {""0"": ""AlignLastValue"", ""1"": ""AlignLastValue""}, ""transformation_params"": {""0"": {""rows"": 4, ""lag"": 28, ""method"": ""additive"", ""strength"": 0.2, ""first_value_only"": false, ""threshold"": 1, ""threshold_method"": ""max""}, ""1"": {""rows"": 1, ""lag"": 1, ""method"": ""additive"", ""strength"": 1.0, ""first_value_only"": false, ""threshold"": 1, ""threshold_method"": ""mean""}}}",1,1,8.207141725059953,0.5337161295402556,0.7035695336766984,0.474517314704321,0.5337161295402556,0.0,-16.9933773492985,0.41845243138635724,47.05255819553218,0.505790256426146,0.280495054462819,0.6,0.5083333333333333,2.433607773153514,0.9833333333333333,1.214163698017301,0.37947627559834873,1.9546933281375212,0.5412915178179285,0.02150037164173553,30.05918084623368,18.63124297534758,29.409889907159954,0.03836443493501171,8.207141725059953,0.5337161295402556,0.7035695336766984,0.474517314704321,0.5337161295402556,0.0,0.41845243138635724,0.505790256426146,0.280495054462819,2.433607773153514,0.9833333333333333,1.214163698017301,0.37947627559834873,1.9546933281375212,0.5412915178179285,0.02150037164173553,30.05918084623368,18.63124297534758,29.409889907159954,0.03836443493501171,0.6,0.5083333333333333,2.5037,14.217586931085156,7.581086818912773,Wh,7.581086818912773,Wh
353,1817359f9c289412f6ca3d39ef80f88a,Ensemble,"{""model_name"": ""BestN"", ""model_count"": 5, ""model_metric"": ""best_score_unique"", ""models"": {""5bb9f16e5f9c93ddad63947a240ff284"": {""Model"": ""FBProphet"", ""ModelParameters"": ""{\""holiday\"": false, \""regression_type\"": null, \""growth\"": \""linear\"", \""seasonality_mode\"": \""additive\"", \""changepoint_prior_scale\"": 0.05, \""n_changepoints\"": 25, \""changepoint_range\"": 360, \""changepoint_spacing\"": null, \""changepoint_distance_end\"": null, \""seasonality_prior_scale\"": 10.0, \""yearly_seasonality_prior_scale\"": null, \""yearly_seasonality_order\"": null, \""weekly_seasonality_prior_scale\"": null, \""holidays_prior_scale\"": 10.0, \""trend_phi\"": null}"", ""TransformationParameters"": ""{\""fillna\"": \""rolling_mean\"", \""transformations\"": {\""0\"": \""StandardScaler\"", \""1\"": \""bkfilter\"", \""2\"": \""HPFilter\""}, \""transformation_params\"": {\""0\"": {}, \""1\"": {}, \""2\"": {\""part\"": \""trend\"", \""lamb\"": 6.25}}}""}, ""290072eada53189c757f67ac7b1cfea9"": {""Model"": ""ARIMA"", ""ModelParameters"": ""{\""p\"": 0, \""d\"": 0, \""q\"": 2, \""regression_type\"": \""Holiday\""}"", ""TransformationParameters"": ""{\""fillna\"": \""mean\"", \""transformations\"": {\""0\"": \""AnomalyRemoval\"", \""1\"": \""ChangepointDetrend\"", \""2\"": \""ClipOutliers\""}, \""transformation_params\"": {\""0\"": {\""method\"": \""zscore\"", \""method_params\"": {\""distribution\"": \""chi2\"", \""alpha\"": 0.05}, \""fillna\"": \""ffill\"", \""transform_dict\"": null, \""isolated_only\"": false, \""on_inverse\"": false}, \""1\"": {\""model\"": \""ElasticNet\"", \""changepoint_spacing\"": 90, \""changepoint_distance_end\"": 180, \""datepart_method\"": null}, \""2\"": {\""method\"": \""clip\"", \""std_threshold\"": 2, \""fillna\"": null}}}""}, ""7f1b9001e4365205912d8167e1108b4a"": {""Model"": ""DatepartRegression"", ""ModelParameters"": ""{\""regression_model\"": {\""model\"": \""ElasticNet\"", \""model_params\"": {\""l1_ratio\"": 0.5, \""fit_intercept\"": true, \""selection\"": \""cyclic\"", \""max_iter\"": 1000}}, \""datepart_method\"": \""simple_2\"", \""polynomial_degree\"": null, \""holiday_countries_used\"": false, \""lags\"": null, \""forward_lags\"": null, \""regression_type\"": null}"", ""TransformationParameters"": ""{\""fillna\"": \""ffill_mean_biased\"", \""transformations\"": {\""0\"": \""AlignLastValue\"", \""1\"": \""bkfilter\"", \""2\"": \""CointegrationTransformer\""}, \""transformation_params\"": {\""0\"": {\""rows\"": 7, \""lag\"": 2, \""method\"": \""additive\"", \""strength\"": 1.0, \""first_value_only\"": true, \""threshold\"": null, \""threshold_method\"": \""max\"", \""mean_type\"": \""arithmetic\""}, \""1\"": {}, \""2\"": {\""n_components\"": 5, \""max_components\"": 20, \""shrinkage\"": 0.01, \""method\"": \""cca\"", \""min_periods\"": 30}}}""}, ""391cc75f9a7d750778405fc3cfcecb92"": {""Model"": ""RollingRegression"", ""ModelParameters"": ""{\""regression_model\"": {\""model\"": \""DecisionTree\"", \""model_params\"": {\""max_depth\"": null, \""min_samples_split\"": 0.05}}, \""holiday\"": false, \""mean_rolling_periods\"": null, \""macd_periods\"": null, \""std_rolling_periods\"": null, \""max_rolling_periods\"": 420, \""min_rolling_periods\"": 168, \""ewm_var_alpha\"": null, \""quantile90_rolling_periods\"": null, \""quantile10_rolling_periods\"": null, \""ewm_alpha\"": null, \""additional_lag_periods\"": 6, \""abs_energy\"": false, \""rolling_autocorr_periods\"": null, \""nonzero_last_n\"": null, \""add_date_part\"": \""expanded\"", \""polynomial_degree\"": null, \""x_transform\"": null, \""regression_type\"": null}"", ""TransformationParameters"": ""{\""fillna\"": \""mean\"", \""transformations\"": {\""0\"": \""STLFilter\"", \""1\"": \""RobustScaler\"", \""2\"": \""MaxAbsScaler\"", \""3\"": \""SeasonalDifference\"", \""4\"": \""AlignLastValue\""}, \""transformation_params\"": {\""0\"": {\""decomp_type\"": \""seasonal_decompose\"", \""part\"": \""trend\""}, \""1\"": {}, \""2\"": {}, \""3\"": {\""lag_1\"": 7, \""method\"": \""LastValue\""}, \""4\"": {\""rows\"": 1, \""lag\"": 2, \""method\"": \""additive\"", \""strength\"": 0.7, \""first_value_only\"": false, \""threshold\"": null, \""threshold_method\"": \""mean\"", \""mean_type\"": \""arithmetic\""}}}""}}, ""point_method"": ""midhinge"", ""model_weights"": {}}",{},1,1,8.755316472331609,0.5691201205579941,0.7178106490340281,0.48287779747621506,0.5691201205579941,0.0,-16.459163095048893,0.44635326676001413,51.83525137191042,0.5392671766086751,0.24064509552562935,0.875,0.4583333333333333,2.1897107599513976,0.9833333333333333,1.228254514080278,0.4218304158445889,2.1288859895042886,1.3482203420714265,0.04534290540421522,35.37608827686152,10.749360556036853,28.421714245029012,0.04515038662881378,8.755316472331609,0.5691201205579941,0.7178106490340281,0.48287779747621506,0.5691201205579941,0.0,0.44635326676001413,0.5392671766086751,0.24064509552562935,2.1897107599513976,0.9833333333333333,1.228254514080278,0.4218304158445889,2.1288859895042886,1.3482203420714265,0.04534290540421522,35.37608827686152,10.749360556036853,28.421714245029012,0.04515038662881378,0.875,0.4583333333333333,2.8037,14.188544350063221,8.083977240966693,Wh,8.083977240966693,Wh
354,88c6d01ccc5d9dc1f7615d273c5178ab,Ensemble,"{""model_name"": ""BestN"", ""model_count"": 3, ""model_metric"": ""horizontal"", ""models"": {""391cc75f9a7d750778405fc3cfcecb92"": {""Model"": ""RollingRegression"", ""ModelParameters"": ""{\""regression_model\"": {\""model\"": \""DecisionTree\"", \""model_params\"": {\""max_depth\"": null, \""min_samples_split\"": 0.05}}, \""holiday\"": false, \""mean_rolling_periods\"": null, \""macd_periods\"": null, \""std_rolling_periods\"": null, \""max_rolling_periods\"": 420, \""min_rolling_periods\"": 168, \""ewm_var_alpha\"": null, \""quantile90_rolling_periods\"": null, \""quantile10_rolling_periods\"": null, \""ewm_alpha\"": null, \""additional_lag_periods\"": 6, \""abs_energy\"": false, \""rolling_autocorr_periods\"": null, \""nonzero_last_n\"": null, \""add_date_part\"": \""expanded\"", \""polynomial_degree\"": null, \""x_transform\"": null, \""regression_type\"": null}"", ""TransformationParameters"": ""{\""fillna\"": \""mean\"", \""transformations\"": {\""0\"": \""STLFilter\"", \""1\"": \""RobustScaler\"", \""2\"": \""MaxAbsScaler\"", \""3\"": \""SeasonalDifference\"", \""4\"": \""AlignLastValue\""}, \""transformation_params\"": {\""0\"": {\""decomp_type\"": \""seasonal_decompose\"", \""part\"": \""trend\""}, \""1\"": {}, \""2\"": {}, \""3\"": {\""lag_1\"": 7, \""method\"": \""LastValue\""}, \""4\"": {\""rows\"": 1, \""lag\"": 2, \""method\"": \""additive\"", \""strength\"": 0.7, \""first_value_only\"": false, \""threshold\"": null, \""threshold_method\"": \""mean\"", \""mean_type\"": \""arithmetic\""}}}""}, ""290072eada53189c757f67ac7b1cfea9"": {""Model"": ""ARIMA"", ""ModelParameters"": ""{\""p\"": 0, \""d\"": 0, \""q\"": 2, \""regression_type\"": \""Holiday\""}"", ""TransformationParameters"": ""{\""fillna\"": \""mean\"", \""transformations\"": {\""0\"": \""AnomalyRemoval\"", \""1\"": \""ChangepointDetrend\"", \""2\"": \""ClipOutliers\""}, \""transformation_params\"": {\""0\"": {\""method\"": \""zscore\"", \""method_params\"": {\""distribution\"": \""chi2\"", \""alpha\"": 0.05}, \""fillna\"": \""ffill\"", \""transform_dict\"": null, \""isolated_only\"": false, \""on_inverse\"": false}, \""1\"": {\""model\"": \""ElasticNet\"", \""changepoint_spacing\"": 90, \""changepoint_distance_end\"": 180, \""datepart_method\"": null}, \""2\"": {\""method\"": \""clip\"", \""std_threshold\"": 2, \""fillna\"": null}}}""}, ""5bb9f16e5f9c93ddad63947a240ff284"": {""Model"": ""FBProphet"", ""ModelParameters"": ""{\""holiday\"": false, \""regression_type\"": null, \""growth\"": \""linear\"", \""seasonality_mode\"": \""additive\"", \""changepoint_prior_scale\"": 0.05, \""n_changepoints\"": 25, \""changepoint_range\"": 360, \""changepoint_spacing\"": null, \""changepoint_distance_end\"": null, \""seasonality_prior_scale\"": 10.0, \""yearly_seasonality_prior_scale\"": null, \""yearly_seasonality_order\"": null, \""weekly_seasonality_prior_scale\"": null, \""holidays_prior_scale\"": 10.0, \""trend_phi\"": null}"", ""TransformationParameters"": ""{\""fillna\"": \""rolling_mean\"", \""transformations\"": {\""0\"": \""StandardScaler\"", \""1\"": \""bkfilter\"", \""2\"": \""HPFilter\""}, \""transformation_params\"": {\""0\"": {}, \""1\"": {}, \""2\"": {\""part\"": \""trend\"", \""lamb\"": 6.25}}}""}}, ""model_weights"": {}, ""point_method"": ""mean""}","{""fillna"": ""ffill"", ""transformations"": {""0"": ""FFTFilter"", ""1"": ""HistoricValues""}, ""transformation_params"": {""0"": {""cutoff"": 0.01, ""reverse"": false, ""on_transform"": false, ""on_inverse"": true}, ""1"": {""window"": null}}}",1,1,8.721152925569319,0.566369307888295,0.7224838254940238,0.48242552280040857,0.566369307888295,0.0,-19.420761397644636,0.45419629499545866,48.54355554895078,0.5254777754456172,0.23805473146467804,0.825,0.4666666666666667,2.1296545359070977,0.9833333333333333,1.2275655428043504,0.4143317400819304,2.2385998244026077,2.109941149359434,0.011249235130458985,29.122794151306138,6.83044574846665,29.259747582504108,0.03716932763600295,8.721152925569319,0.566369307888295,0.7224838254940238,0.48242552280040857,0.566369307888295,0.0,0.45419629499545866,0.5254777754456172,0.23805473146467804,2.1296545359070977,0.9833333333333333,1.2275655428043504,0.4143317400819304,2.2385998244026077,2.109941149359434,0.011249235130458985,29.122794151306138,6.83044574846665,29.259747582504108,0.03716932763600295,0.825,0.4666666666666667,2.0603,14.117677780796178,8.044903755049154,Wh,8.044903755049154,Wh
355,b84079844e85744d11545ce07df29165,Ensemble,"{""model_name"": ""BestN"", ""model_count"": 3, ""model_metric"": ""best_score_unique"", ""models"": {""5bb9f16e5f9c93ddad63947a240ff284"": {""Model"": ""FBProphet"", ""ModelParameters"": ""{\""holiday\"": false, \""regression_type\"": null, \""growth\"": \""linear\"", \""seasonality_mode\"": \""additive\"", \""changepoint_prior_scale\"": 0.05, \""n_changepoints\"": 25, \""changepoint_range\"": 360, \""changepoint_spacing\"": null, \""changepoint_distance_end\"": null, \""seasonality_prior_scale\"": 10.0, \""yearly_seasonality_prior_scale\"": null, \""yearly_seasonality_order\"": null, \""weekly_seasonality_prior_scale\"": null, \""holidays_prior_scale\"": 10.0, \""trend_phi\"": null}"", ""TransformationParameters"": ""{\""fillna\"": \""rolling_mean\"", \""transformations\"": {\""0\"": \""StandardScaler\"", \""1\"": \""bkfilter\"", \""2\"": \""HPFilter\""}, \""transformation_params\"": {\""0\"": {}, \""1\"": {}, \""2\"": {\""part\"": \""trend\"", \""lamb\"": 6.25}}}""}, ""290072eada53189c757f67ac7b1cfea9"": {""Model"": ""ARIMA"", ""ModelParameters"": ""{\""p\"": 0, \""d\"": 0, \""q\"": 2, \""regression_type\"": \""Holiday\""}"", ""TransformationParameters"": ""{\""fillna\"": \""mean\"", \""transformations\"": {\""0\"": \""AnomalyRemoval\"", \""1\"": \""ChangepointDetrend\"", \""2\"": \""ClipOutliers\""}, \""transformation_params\"": {\""0\"": {\""method\"": \""zscore\"", \""method_params\"": {\""distribution\"": \""chi2\"", \""alpha\"": 0.05}, \""fillna\"": \""ffill\"", \""transform_dict\"": null, \""isolated_only\"": false, \""on_inverse\"": false}, \""1\"": {\""model\"": \""ElasticNet\"", \""changepoint_spacing\"": 90, \""changepoint_distance_end\"": 180, \""datepart_method\"": null}, \""2\"": {\""method\"": \""clip\"", \""std_threshold\"": 2, \""fillna\"": null}}}""}, ""7f1b9001e4365205912d8167e1108b4a"": {""Model"": ""DatepartRegression"", ""ModelParameters"": ""{\""regression_model\"": {\""model\"": \""ElasticNet\"", \""model_params\"": {\""l1_ratio\"": 0.5, \""fit_intercept\"": true, \""selection\"": \""cyclic\"", \""max_iter\"": 1000}}, \""datepart_method\"": \""simple_2\"", \""polynomial_degree\"": null, \""holiday_countries_used\"": false, \""lags\"": null, \""forward_lags\"": null, \""regression_type\"": null}"", ""TransformationParameters"": ""{\""fillna\"": \""ffill_mean_biased\"", \""transformations\"": {\""0\"": \""AlignLastValue\"", \""1\"": \""bkfilter\"", \""2\"": \""CointegrationTransformer\""}, \""transformation_params\"": {\""0\"": {\""rows\"": 7, \""lag\"": 2, \""method\"": \""additive\"", \""strength\"": 1.0, \""first_value_only\"": true, \""threshold\"": null, \""threshold_method\"": \""max\"", \""mean_type\"": \""arithmetic\""}, \""1\"": {}, \""2\"": {\""n_components\"": 5, \""max_components\"": 20, \""shrinkage\"": 0.01, \""method\"": \""cca\"", \""min_periods\"": 30}}}""}}, ""model_weights"": {}, ""point_method"": ""mean""}",{},1,1,8.600440673220202,0.5591263127672568,0.7089853631676606,0.48192627757095985,0.5591263127672568,0.0,-15.363287966775635,0.4362261773407466,51.73186956529518,0.5334200863913028,0.24674496237856142,0.9083333333333333,0.475,2.217102393426636,0.9833333333333333,1.2241758174449888,0.412731170414784,2.0634513891179034,1.077537133593479,0.045189909026304195,36.36858159851954,13.024356997913097,28.368156831544155,0.0464171026333836,8.600440673220202,0.5591263127672568,0.7089853631676606,0.48192627757095985,0.5591263127672568,0.0,0.4362261773407466,0.5334200863913028,0.24674496237856142,2.217102393426636,0.9833333333333333,1.2241758174449888,0.412731170414784,2.0634513891179034,1.077537133593479,0.045189909026304195,36.36858159851954,13.024356997913097,28.368156831544155,0.0464171026333836,0.9083333333333333,0.475,0.8137,14.108135611711372,7.942021770034289,Wh,7.942021770034289,Wh
356,9705998a68e889b6737626b506946edf,Ensemble,"{""model_name"": ""BestN"", ""model_count"": 5, ""model_metric"": ""best_score_unique"", ""models"": {""5bb9f16e5f9c93ddad63947a240ff284"": {""Model"": ""FBProphet"", ""ModelParameters"": ""{\""holiday\"": false, \""regression_type\"": null, \""growth\"": \""linear\"", \""seasonality_mode\"": \""additive\"", \""changepoint_prior_scale\"": 0.05, \""n_changepoints\"": 25, \""changepoint_range\"": 360, \""changepoint_spacing\"": null, \""changepoint_distance_end\"": null, \""seasonality_prior_scale\"": 10.0, \""yearly_seasonality_prior_scale\"": null, \""yearly_seasonality_order\"": null, \""weekly_seasonality_prior_scale\"": null, \""holidays_prior_scale\"": 10.0, \""trend_phi\"": null}"", ""TransformationParameters"": ""{\""fillna\"": \""rolling_mean\"", \""transformations\"": {\""0\"": \""StandardScaler\"", \""1\"": \""bkfilter\"", \""2\"": \""HPFilter\""}, \""transformation_params\"": {\""0\"": {}, \""1\"": {}, \""2\"": {\""part\"": \""trend\"", \""lamb\"": 6.25}}}""}, ""290072eada53189c757f67ac7b1cfea9"": {""Model"": ""ARIMA"", ""ModelParameters"": ""{\""p\"": 0, \""d\"": 0, \""q\"": 2, \""regression_type\"": \""Holiday\""}"", ""TransformationParameters"": ""{\""fillna\"": \""mean\"", \""transformations\"": {\""0\"": \""AnomalyRemoval\"", \""1\"": \""ChangepointDetrend\"", \""2\"": \""ClipOutliers\""}, \""transformation_params\"": {\""0\"": {\""method\"": \""zscore\"", \""method_params\"": {\""distribution\"": \""chi2\"", \""alpha\"": 0.05}, \""fillna\"": \""ffill\"", \""transform_dict\"": null, \""isolated_only\"": false, \""on_inverse\"": false}, \""1\"": {\""model\"": \""ElasticNet\"", \""changepoint_spacing\"": 90, \""changepoint_distance_end\"": 180, \""datepart_method\"": null}, \""2\"": {\""method\"": \""clip\"", \""std_threshold\"": 2, \""fillna\"": null}}}""}, ""7f1b9001e4365205912d8167e1108b4a"": {""Model"": ""DatepartRegression"", ""ModelParameters"": ""{\""regression_model\"": {\""model\"": \""ElasticNet\"", \""model_params\"": {\""l1_ratio\"": 0.5, \""fit_intercept\"": true, \""selection\"": \""cyclic\"", \""max_iter\"": 1000}}, \""datepart_method\"": \""simple_2\"", \""polynomial_degree\"": null, \""holiday_countries_used\"": false, \""lags\"": null, \""forward_lags\"": null, \""regression_type\"": null}"", ""TransformationParameters"": ""{\""fillna\"": \""ffill_mean_biased\"", \""transformations\"": {\""0\"": \""AlignLastValue\"", \""1\"": \""bkfilter\"", \""2\"": \""CointegrationTransformer\""}, \""transformation_params\"": {\""0\"": {\""rows\"": 7, \""lag\"": 2, \""method\"": \""additive\"", \""strength\"": 1.0, \""first_value_only\"": true, \""threshold\"": null, \""threshold_method\"": \""max\"", \""mean_type\"": \""arithmetic\""}, \""1\"": {}, \""2\"": {\""n_components\"": 5, \""max_components\"": 20, \""shrinkage\"": 0.01, \""method\"": \""cca\"", \""min_periods\"": 30}}}""}, ""391cc75f9a7d750778405fc3cfcecb92"": {""Model"": ""RollingRegression"", ""ModelParameters"": ""{\""regression_model\"": {\""model\"": \""DecisionTree\"", \""model_params\"": {\""max_depth\"": null, \""min_samples_split\"": 0.05}}, \""holiday\"": false, \""mean_rolling_periods\"": null, \""macd_periods\"": null, \""std_rolling_periods\"": null, \""max_rolling_periods\"": 420, \""min_rolling_periods\"": 168, \""ewm_var_alpha\"": null, \""quantile90_rolling_periods\"": null, \""quantile10_rolling_periods\"": null, \""ewm_alpha\"": null, \""additional_lag_periods\"": 6, \""abs_energy\"": false, \""rolling_autocorr_periods\"": null, \""nonzero_last_n\"": null, \""add_date_part\"": \""expanded\"", \""polynomial_degree\"": null, \""x_transform\"": null, \""regression_type\"": null}"", ""TransformationParameters"": ""{\""fillna\"": \""mean\"", \""transformations\"": {\""0\"": \""STLFilter\"", \""1\"": \""RobustScaler\"", \""2\"": \""MaxAbsScaler\"", \""3\"": \""SeasonalDifference\"", \""4\"": \""AlignLastValue\""}, \""transformation_params\"": {\""0\"": {\""decomp_type\"": \""seasonal_decompose\"", \""part\"": \""trend\""}, \""1\"": {}, \""2\"": {}, \""3\"": {\""lag_1\"": 7, \""method\"": \""LastValue\""}, \""4\"": {\""rows\"": 1, \""lag\"": 2, \""method\"": \""additive\"", \""strength\"": 0.7, \""first_value_only\"": false, \""threshold\"": null, \""threshold_method\"": \""mean\"", \""mean_type\"": \""arithmetic\""}}}""}}, ""point_method"": ""midhinge"", ""model_weights"": {}}","{""fillna"": ""fake_date"", ""transformations"": {""0"": ""FIRFilter"", ""1"": ""AlignLastValue"", ""2"": ""AlignLastValue""}, ""transformation_params"": {""0"": {""numtaps"": 32, ""cutoff_hz"": 0.1, ""window"": ""triang"", ""sampling_frequency"": 12, ""on_transform"": false, ""on_inverse"": true, ""bounds_only"": true}, ""1"": {""rows"": 1, ""lag"": 1, ""method"": ""multiplicative"", ""strength"": 1.0, ""first_value_only"": false, ""threshold"": null, ""threshold_method"": ""mean""}, ""2"": {""rows"": 1, ""lag"": 1, ""method"": ""multiplicative"", ""strength"": 1.0, ""first_value_only"": true, ""threshold"": 10, ""threshold_method"": ""max""}}}",1,1,8.65367082721249,0.5614456085683212,0.7126707715344999,0.4731225834971466,0.5614456085683212,0.0,-15.519671737159697,0.43867733850995994,51.853801291038835,0.533901544667718,0.24174274061984272,0.8833333333333333,0.4666666666666667,2.1897107599513976,0.975,1.2284320676750209,0.41280157820967933,2.1212114775146156,0.43751517244768945,0.045472116492499846,36.33412955387914,11.499977595722294,28.80005339722232,0.046373131600648335,8.65367082721249,0.5614456085683212,0.7126707715344999,0.4731225834971466,0.5614456085683212,0.0,0.43867733850995994,0.533901544667718,0.24174274061984272,2.1897107599513976,0.975,1.2284320676750209,0.41280157820967933,2.1212114775146156,0.43751517244768945,0.045472116492499846,36.33412955387914,11.499977595722294,28.80005339722232,0.046373131600648335,0.8833333333333333,0.4666666666666667,3.4722,14.088144373617283,7.974965842460496,Wh,7.974965842460496,Wh
357,04c1b1bec5de06d7544ed1386e200819,Ensemble,"{""model_name"": ""BestN"", ""model_count"": 5, ""model_metric"": ""best_score_unique"", ""models"": {""5bb9f16e5f9c93ddad63947a240ff284"": {""Model"": ""FBProphet"", ""ModelParameters"": ""{\""holiday\"": false, \""regression_type\"": null, \""growth\"": \""linear\"", \""seasonality_mode\"": \""additive\"", \""changepoint_prior_scale\"": 0.05, \""n_changepoints\"": 25, \""changepoint_range\"": 360, \""changepoint_spacing\"": null, \""changepoint_distance_end\"": null, \""seasonality_prior_scale\"": 10.0, \""yearly_seasonality_prior_scale\"": null, \""yearly_seasonality_order\"": null, \""weekly_seasonality_prior_scale\"": null, \""holidays_prior_scale\"": 10.0, \""trend_phi\"": null}"", ""TransformationParameters"": ""{\""fillna\"": \""rolling_mean\"", \""transformations\"": {\""0\"": \""StandardScaler\"", \""1\"": \""bkfilter\"", \""2\"": \""HPFilter\""}, \""transformation_params\"": {\""0\"": {}, \""1\"": {}, \""2\"": {\""part\"": \""trend\"", \""lamb\"": 6.25}}}""}, ""290072eada53189c757f67ac7b1cfea9"": {""Model"": ""ARIMA"", ""ModelParameters"": ""{\""p\"": 0, \""d\"": 0, \""q\"": 2, \""regression_type\"": \""Holiday\""}"", ""TransformationParameters"": ""{\""fillna\"": \""mean\"", \""transformations\"": {\""0\"": \""AnomalyRemoval\"", \""1\"": \""ChangepointDetrend\"", \""2\"": \""ClipOutliers\""}, \""transformation_params\"": {\""0\"": {\""method\"": \""zscore\"", \""method_params\"": {\""distribution\"": \""chi2\"", \""alpha\"": 0.05}, \""fillna\"": \""ffill\"", \""transform_dict\"": null, \""isolated_only\"": false, \""on_inverse\"": false}, \""1\"": {\""model\"": \""ElasticNet\"", \""changepoint_spacing\"": 90, \""changepoint_distance_end\"": 180, \""datepart_method\"": null}, \""2\"": {\""method\"": \""clip\"", \""std_threshold\"": 2, \""fillna\"": null}}}""}, ""7f1b9001e4365205912d8167e1108b4a"": {""Model"": ""DatepartRegression"", ""ModelParameters"": ""{\""regression_model\"": {\""model\"": \""ElasticNet\"", \""model_params\"": {\""l1_ratio\"": 0.5, \""fit_intercept\"": true, \""selection\"": \""cyclic\"", \""max_iter\"": 1000}}, \""datepart_method\"": \""simple_2\"", \""polynomial_degree\"": null, \""holiday_countries_used\"": false, \""lags\"": null, \""forward_lags\"": null, \""regression_type\"": null}"", ""TransformationParameters"": ""{\""fillna\"": \""ffill_mean_biased\"", \""transformations\"": {\""0\"": \""AlignLastValue\"", \""1\"": \""bkfilter\"", \""2\"": \""CointegrationTransformer\""}, \""transformation_params\"": {\""0\"": {\""rows\"": 7, \""lag\"": 2, \""method\"": \""additive\"", \""strength\"": 1.0, \""first_value_only\"": true, \""threshold\"": null, \""threshold_method\"": \""max\"", \""mean_type\"": \""arithmetic\""}, \""1\"": {}, \""2\"": {\""n_components\"": 5, \""max_components\"": 20, \""shrinkage\"": 0.01, \""method\"": \""cca\"", \""min_periods\"": 30}}}""}, ""391cc75f9a7d750778405fc3cfcecb92"": {""Model"": ""RollingRegression"", ""ModelParameters"": ""{\""regression_model\"": {\""model\"": \""DecisionTree\"", \""model_params\"": {\""max_depth\"": null, \""min_samples_split\"": 0.05}}, \""holiday\"": false, \""mean_rolling_periods\"": null, \""macd_periods\"": null, \""std_rolling_periods\"": null, \""max_rolling_periods\"": 420, \""min_rolling_periods\"": 168, \""ewm_var_alpha\"": null, \""quantile90_rolling_periods\"": null, \""quantile10_rolling_periods\"": null, \""ewm_alpha\"": null, \""additional_lag_periods\"": 6, \""abs_energy\"": false, \""rolling_autocorr_periods\"": null, \""nonzero_last_n\"": null, \""add_date_part\"": \""expanded\"", \""polynomial_degree\"": null, \""x_transform\"": null, \""regression_type\"": null}"", ""TransformationParameters"": ""{\""fillna\"": \""mean\"", \""transformations\"": {\""0\"": \""STLFilter\"", \""1\"": \""RobustScaler\"", \""2\"": \""MaxAbsScaler\"", \""3\"": \""SeasonalDifference\"", \""4\"": \""AlignLastValue\""}, \""transformation_params\"": {\""0\"": {\""decomp_type\"": \""seasonal_decompose\"", \""part\"": \""trend\""}, \""1\"": {}, \""2\"": {}, \""3\"": {\""lag_1\"": 7, \""method\"": \""LastValue\""}, \""4\"": {\""rows\"": 1, \""lag\"": 2, \""method\"": \""additive\"", \""strength\"": 0.7, \""first_value_only\"": false, \""threshold\"": null, \""threshold_method\"": \""mean\"", \""mean_type\"": \""arithmetic\""}}}""}}, ""point_method"": ""midhinge"", ""model_weights"": {}}","{""fillna"": ""fake_date"", ""transformations"": {""0"": ""AlignLastValue"", ""1"": ""AlignLastValue""}, ""transformation_params"": {""0"": {""rows"": 1, ""lag"": 1, ""method"": ""multiplicative"", ""strength"": 1.0, ""first_value_only"": false, ""threshold"": null, ""threshold_method"": ""mean""}, ""1"": {""rows"": 1, ""lag"": 1, ""method"": ""multiplicative"", ""strength"": 1.0, ""first_value_only"": true, ""threshold"": 10, ""threshold_method"": ""max""}}}",1,1,8.65367082721249,0.5614456085683212,0.7126707715344999,0.4731225834971466,0.5614456085683212,0.0,-15.519671737159697,0.43867733850995994,51.853801291038835,0.533901544667718,0.24087182825513576,0.875,0.4666666666666667,2.1897107599513976,0.975,1.2284320676750209,0.41280157820967933,2.1212114775146156,0.43751517244768945,0.045472116492499846,36.33412955387914,11.499977595722294,28.80005339722232,0.046373131600648335,8.65367082721249,0.5614456085683212,0.7126707715344999,0.4731225834971466,0.5614456085683212,0.0,0.43867733850995994,0.533901544667718,0.24087182825513576,2.1897107599513976,0.975,1.2284320676750209,0.41280157820967933,2.1212114775146156,0.43751517244768945,0.045472116492499846,36.33412955387914,11.499977595722294,28.80005339722232,0.046373131600648335,0.875,0.4666666666666667,2.816,14.075698426626083,7.974965842460496,Wh,7.974965842460496,Wh
358,e5c023535a48549b7f7e3ee4d0b3d56d,Ensemble,"{""model_name"": ""BestN"", ""model_count"": 3, ""model_metric"": ""best_score_unique"", ""models"": {""5bb9f16e5f9c93ddad63947a240ff284"": {""Model"": ""FBProphet"", ""ModelParameters"": ""{\""holiday\"": false, \""regression_type\"": null, \""growth\"": \""linear\"", \""seasonality_mode\"": \""additive\"", \""changepoint_prior_scale\"": 0.05, \""n_changepoints\"": 25, \""changepoint_range\"": 360, \""changepoint_spacing\"": null, \""changepoint_distance_end\"": null, \""seasonality_prior_scale\"": 10.0, \""yearly_seasonality_prior_scale\"": null, \""yearly_seasonality_order\"": null, \""weekly_seasonality_prior_scale\"": null, \""holidays_prior_scale\"": 10.0, \""trend_phi\"": null}"", ""TransformationParameters"": ""{\""fillna\"": \""rolling_mean\"", \""transformations\"": {\""0\"": \""StandardScaler\"", \""1\"": \""bkfilter\"", \""2\"": \""HPFilter\""}, \""transformation_params\"": {\""0\"": {}, \""1\"": {}, \""2\"": {\""part\"": \""trend\"", \""lamb\"": 6.25}}}""}, ""290072eada53189c757f67ac7b1cfea9"": {""Model"": ""ARIMA"", ""ModelParameters"": ""{\""p\"": 0, \""d\"": 0, \""q\"": 2, \""regression_type\"": \""Holiday\""}"", ""TransformationParameters"": ""{\""fillna\"": \""mean\"", \""transformations\"": {\""0\"": \""AnomalyRemoval\"", \""1\"": \""ChangepointDetrend\"", \""2\"": \""ClipOutliers\""}, \""transformation_params\"": {\""0\"": {\""method\"": \""zscore\"", \""method_params\"": {\""distribution\"": \""chi2\"", \""alpha\"": 0.05}, \""fillna\"": \""ffill\"", \""transform_dict\"": null, \""isolated_only\"": false, \""on_inverse\"": false}, \""1\"": {\""model\"": \""ElasticNet\"", \""changepoint_spacing\"": 90, \""changepoint_distance_end\"": 180, \""datepart_method\"": null}, \""2\"": {\""method\"": \""clip\"", \""std_threshold\"": 2, \""fillna\"": null}}}""}, ""7f1b9001e4365205912d8167e1108b4a"": {""Model"": ""DatepartRegression"", ""ModelParameters"": ""{\""regression_model\"": {\""model\"": \""ElasticNet\"", \""model_params\"": {\""l1_ratio\"": 0.5, \""fit_intercept\"": true, \""selection\"": \""cyclic\"", \""max_iter\"": 1000}}, \""datepart_method\"": \""simple_2\"", \""polynomial_degree\"": null, \""holiday_countries_used\"": false, \""lags\"": null, \""forward_lags\"": null, \""regression_type\"": null}"", ""TransformationParameters"": ""{\""fillna\"": \""ffill_mean_biased\"", \""transformations\"": {\""0\"": \""AlignLastValue\"", \""1\"": \""bkfilter\"", \""2\"": \""CointegrationTransformer\""}, \""transformation_params\"": {\""0\"": {\""rows\"": 7, \""lag\"": 2, \""method\"": \""additive\"", \""strength\"": 1.0, \""first_value_only\"": true, \""threshold\"": null, \""threshold_method\"": \""max\"", \""mean_type\"": \""arithmetic\""}, \""1\"": {}, \""2\"": {\""n_components\"": 5, \""max_components\"": 20, \""shrinkage\"": 0.01, \""method\"": \""cca\"", \""min_periods\"": 30}}}""}}, ""model_weights"": {}, ""point_method"": ""mean""}","{""fillna"": ""fake_date"", ""transformations"": {""0"": ""FIRFilter"", ""1"": ""AlignLastValue"", ""2"": ""AlignLastValue""}, ""transformation_params"": {""0"": {""numtaps"": 32, ""cutoff_hz"": 0.1, ""window"": ""triang"", ""sampling_frequency"": 12, ""on_transform"": false, ""on_inverse"": true, ""bounds_only"": true}, ""1"": {""rows"": 1, ""lag"": 1, ""method"": ""multiplicative"", ""strength"": 1.0, ""first_value_only"": false, ""threshold"": null, ""threshold_method"": ""mean""}, ""2"": {""rows"": 1, ""lag"": 1, ""method"": ""multiplicative"", ""strength"": 1.0, ""first_value_only"": true, ""threshold"": 10, ""threshold_method"": ""max""}}}",1,1,8.515930971838056,0.552683297330209,0.7052940639227973,0.47270833692582753,0.552683297330209,0.0,-14.5715761952015,0.4297817456433179,51.750419484423595,0.5287149068851995,0.2477104286431533,0.9083333333333333,0.48333333333333334,2.217102393426636,0.975,1.224786476187948,0.4051511522535515,2.057008373680856,0.4309049892831031,0.045100303168996464,37.1788432892221,13.680028005121711,28.684694290368967,0.04745123699893088,8.515930971838056,0.552683297330209,0.7052940639227973,0.47270833692582753,0.552683297330209,0.0,0.4297817456433179,0.5287149068851995,0.2477104286431533,2.217102393426636,0.975,1.224786476187948,0.4051511522535515,2.057008373680856,0.4309049892831031,0.045100303168996464,37.1788432892221,13.680028005121711,28.684694290368967,0.04745123699893088,0.9083333333333333,0.48333333333333334,0.9847,14.026964728751759,7.850502970619459,Wh,7.850502970619459,Wh
359,c5515be861e3bd660215308ac50e7adc,Ensemble,"{""model_name"": ""BestN"", ""model_count"": 3, ""model_metric"": ""best_score_unique"", ""models"": {""5bb9f16e5f9c93ddad63947a240ff284"": {""Model"": ""FBProphet"", ""ModelParameters"": ""{\""holiday\"": false, \""regression_type\"": null, \""growth\"": \""linear\"", \""seasonality_mode\"": \""additive\"", \""changepoint_prior_scale\"": 0.05, \""n_changepoints\"": 25, \""changepoint_range\"": 360, \""changepoint_spacing\"": null, \""changepoint_distance_end\"": null, \""seasonality_prior_scale\"": 10.0, \""yearly_seasonality_prior_scale\"": null, \""yearly_seasonality_order\"": null, \""weekly_seasonality_prior_scale\"": null, \""holidays_prior_scale\"": 10.0, \""trend_phi\"": null}"", ""TransformationParameters"": ""{\""fillna\"": \""rolling_mean\"", \""transformations\"": {\""0\"": \""StandardScaler\"", \""1\"": \""bkfilter\"", \""2\"": \""HPFilter\""}, \""transformation_params\"": {\""0\"": {}, \""1\"": {}, \""2\"": {\""part\"": \""trend\"", \""lamb\"": 6.25}}}""}, ""290072eada53189c757f67ac7b1cfea9"": {""Model"": ""ARIMA"", ""ModelParameters"": ""{\""p\"": 0, \""d\"": 0, \""q\"": 2, \""regression_type\"": \""Holiday\""}"", ""TransformationParameters"": ""{\""fillna\"": \""mean\"", \""transformations\"": {\""0\"": \""AnomalyRemoval\"", \""1\"": \""ChangepointDetrend\"", \""2\"": \""ClipOutliers\""}, \""transformation_params\"": {\""0\"": {\""method\"": \""zscore\"", \""method_params\"": {\""distribution\"": \""chi2\"", \""alpha\"": 0.05}, \""fillna\"": \""ffill\"", \""transform_dict\"": null, \""isolated_only\"": false, \""on_inverse\"": false}, \""1\"": {\""model\"": \""ElasticNet\"", \""changepoint_spacing\"": 90, \""changepoint_distance_end\"": 180, \""datepart_method\"": null}, \""2\"": {\""method\"": \""clip\"", \""std_threshold\"": 2, \""fillna\"": null}}}""}, ""7f1b9001e4365205912d8167e1108b4a"": {""Model"": ""DatepartRegression"", ""ModelParameters"": ""{\""regression_model\"": {\""model\"": \""ElasticNet\"", \""model_params\"": {\""l1_ratio\"": 0.5, \""fit_intercept\"": true, \""selection\"": \""cyclic\"", \""max_iter\"": 1000}}, \""datepart_method\"": \""simple_2\"", \""polynomial_degree\"": null, \""holiday_countries_used\"": false, \""lags\"": null, \""forward_lags\"": null, \""regression_type\"": null}"", ""TransformationParameters"": ""{\""fillna\"": \""ffill_mean_biased\"", \""transformations\"": {\""0\"": \""AlignLastValue\"", \""1\"": \""bkfilter\"", \""2\"": \""CointegrationTransformer\""}, \""transformation_params\"": {\""0\"": {\""rows\"": 7, \""lag\"": 2, \""method\"": \""additive\"", \""strength\"": 1.0, \""first_value_only\"": true, \""threshold\"": null, \""threshold_method\"": \""max\"", \""mean_type\"": \""arithmetic\""}, \""1\"": {}, \""2\"": {\""n_components\"": 5, \""max_components\"": 20, \""shrinkage\"": 0.01, \""method\"": \""cca\"", \""min_periods\"": 30}}}""}}, ""model_weights"": {}, ""point_method"": ""mean""}","{""fillna"": ""fake_date"", ""transformations"": {""0"": ""AlignLastValue"", ""1"": ""AlignLastValue""}, ""transformation_params"": {""0"": {""rows"": 1, ""lag"": 1, ""method"": ""multiplicative"", ""strength"": 1.0, ""first_value_only"": false, ""threshold"": null, ""threshold_method"": ""mean""}, ""1"": {""rows"": 1, ""lag"": 1, ""method"": ""multiplicative"", ""strength"": 1.0, ""first_value_only"": true, ""threshold"": 10, ""threshold_method"": ""max""}}}",1,1,8.515930971838056,0.552683297330209,0.7052940639227973,0.47270833692582753,0.552683297330209,0.0,-14.5715761952015,0.4297817456433179,51.750419484423595,0.5287149068851995,0.24694949747292108,0.9083333333333333,0.48333333333333334,2.217102393426636,0.975,1.224786476187948,0.4051511522535515,2.057008373680856,0.4309049892831031,0.045100303168996464,37.1788432892221,13.680028005121711,28.684694290368967,0.04745123699893088,8.515930971838056,0.552683297330209,0.7052940639227973,0.47270833692582753,0.552683297330209,0.0,0.4297817456433179,0.5287149068851995,0.24694949747292108,2.217102393426636,0.975,1.224786476187948,0.4051511522535515,2.057008373680856,0.4309049892831031,0.045100303168996464,37.1788432892221,13.680028005121711,28.684694290368967,0.04745123699893088,0.9083333333333333,0.48333333333333334,0.8231,14.016090489973616,7.850502970619459,Wh,7.850502970619459,Wh
360,a5c1c471fab738a2ba97ea8cce1d781e,FBProphet,"{""holiday"": false, ""regression_type"": null, ""growth"": ""linear"", ""seasonality_mode"": ""multiplicative"", ""changepoint_prior_scale"": 0.05, ""n_changepoints"": 25, ""changepoint_range"": 0.8, ""changepoint_spacing"": null, ""changepoint_distance_end"": null, ""seasonality_prior_scale"": 10.0, ""yearly_seasonality_prior_scale"": null, ""yearly_seasonality_order"": null, ""weekly_seasonality_prior_scale"": null, ""holidays_prior_scale"": 10.0, ""trend_phi"": null}","{""fillna"": ""rolling_mean"", ""transformations"": {""0"": ""StandardScaler"", ""1"": ""bkfilter"", ""2"": ""STLFilter""}, ""transformation_params"": {""0"": {}, ""1"": {}, ""2"": {""decomp_type"": ""STL"", ""part"": ""trend"", ""seasonal"": 7}}}",0,1,8.471585903236969,0.5502077297804532,0.7163222023767568,0.5143847724807425,0.5502077297804532,0.0,-19.201058538639046,0.43569064675848707,46.82386903501533,0.515551136282829,0.24520933456061098,0.55,0.525,2.5865493507270543,0.9833333333333333,1.2198497253457687,0.4020851226002313,2.1535090110091963,0.9197733780339478,0.19322947841086865,27.62281049637629,10.034349697333722,21.657818507561025,0.035254903366509,8.471585903236969,0.5502077297804532,0.7163222023767568,0.5143847724807425,0.5502077297804532,0.0,0.43569064675848707,0.515551136282829,0.24520933456061098,2.5865493507270543,0.9833333333333333,1.2198497253457687,0.4020851226002313,2.1535090110091963,0.9197733780339478,0.19322947841086865,27.62281049637629,10.034349697333722,21.657818507561025,0.035254903366509,0.55,0.525,0.862,13.976462582505299,7.815339160717463,Wh,7.815339160717463,Wh
361,3cd5cb7a67a640ac6ab61f2d1eabf2a7,Ensemble,"{""model_name"": ""BestN"", ""model_count"": 3, ""model_metric"": ""bestn_horizontal"", ""models"": {""5bb9f16e5f9c93ddad63947a240ff284"": {""Model"": ""FBProphet"", ""ModelParameters"": ""{\""holiday\"": false, \""regression_type\"": null, \""growth\"": \""linear\"", \""seasonality_mode\"": \""additive\"", \""changepoint_prior_scale\"": 0.05, \""n_changepoints\"": 25, \""changepoint_range\"": 360, \""changepoint_spacing\"": null, \""changepoint_distance_end\"": null, \""seasonality_prior_scale\"": 10.0, \""yearly_seasonality_prior_scale\"": null, \""yearly_seasonality_order\"": null, \""weekly_seasonality_prior_scale\"": null, \""holidays_prior_scale\"": 10.0, \""trend_phi\"": null}"", ""TransformationParameters"": ""{\""fillna\"": \""rolling_mean\"", \""transformations\"": {\""0\"": \""StandardScaler\"", \""1\"": \""bkfilter\"", \""2\"": \""HPFilter\""}, \""transformation_params\"": {\""0\"": {}, \""1\"": {}, \""2\"": {\""part\"": \""trend\"", \""lamb\"": 6.25}}}""}, ""290072eada53189c757f67ac7b1cfea9"": {""Model"": ""ARIMA"", ""ModelParameters"": ""{\""p\"": 0, \""d\"": 0, \""q\"": 2, \""regression_type\"": \""Holiday\""}"", ""TransformationParameters"": ""{\""fillna\"": \""mean\"", \""transformations\"": {\""0\"": \""AnomalyRemoval\"", \""1\"": \""ChangepointDetrend\"", \""2\"": \""ClipOutliers\""}, \""transformation_params\"": {\""0\"": {\""method\"": \""zscore\"", \""method_params\"": {\""distribution\"": \""chi2\"", \""alpha\"": 0.05}, \""fillna\"": \""ffill\"", \""transform_dict\"": null, \""isolated_only\"": false, \""on_inverse\"": false}, \""1\"": {\""model\"": \""ElasticNet\"", \""changepoint_spacing\"": 90, \""changepoint_distance_end\"": 180, \""datepart_method\"": null}, \""2\"": {\""method\"": \""clip\"", \""std_threshold\"": 2, \""fillna\"": null}}}""}, ""391cc75f9a7d750778405fc3cfcecb92"": {""Model"": ""RollingRegression"", ""ModelParameters"": ""{\""regression_model\"": {\""model\"": \""DecisionTree\"", \""model_params\"": {\""max_depth\"": null, \""min_samples_split\"": 0.05}}, \""holiday\"": false, \""mean_rolling_periods\"": null, \""macd_periods\"": null, \""std_rolling_periods\"": null, \""max_rolling_periods\"": 420, \""min_rolling_periods\"": 168, \""ewm_var_alpha\"": null, \""quantile90_rolling_periods\"": null, \""quantile10_rolling_periods\"": null, \""ewm_alpha\"": null, \""additional_lag_periods\"": 6, \""abs_energy\"": false, \""rolling_autocorr_periods\"": null, \""nonzero_last_n\"": null, \""add_date_part\"": \""expanded\"", \""polynomial_degree\"": null, \""x_transform\"": null, \""regression_type\"": null}"", ""TransformationParameters"": ""{\""fillna\"": \""mean\"", \""transformations\"": {\""0\"": \""STLFilter\"", \""1\"": \""RobustScaler\"", \""2\"": \""MaxAbsScaler\"", \""3\"": \""SeasonalDifference\"", \""4\"": \""AlignLastValue\""}, \""transformation_params\"": {\""0\"": {\""decomp_type\"": \""seasonal_decompose\"", \""part\"": \""trend\""}, \""1\"": {}, \""2\"": {}, \""3\"": {\""lag_1\"": 7, \""method\"": \""LastValue\""}, \""4\"": {\""rows\"": 1, \""lag\"": 2, \""method\"": \""additive\"", \""strength\"": 0.7, \""first_value_only\"": false, \""threshold\"": null, \""threshold_method\"": \""mean\"", \""mean_type\"": \""arithmetic\""}}}""}}, ""model_weights"": {""5bb9f16e5f9c93ddad63947a240ff284"": 4.0, ""290072eada53189c757f67ac7b1cfea9"": 3.0, ""391cc75f9a7d750778405fc3cfcecb92"": 2.0}, ""point_method"": ""mean""}","{""fillna"": ""ffill"", ""transformations"": {""0"": ""FFTFilter"", ""1"": ""HistoricValues""}, ""transformation_params"": {""0"": {""cutoff"": 0.01, ""reverse"": false, ""on_transform"": false, ""on_inverse"": true}, ""1"": {""window"": null}}}",1,1,8.60052882047631,0.5584316825456936,0.715773681870129,0.4822331267374683,0.5584316825456936,0.0,-18.365543935224537,0.44576160735297715,48.6462579702587,0.5210670619091221,0.23681277869917697,0.825,0.48333333333333334,2.099456205923353,0.9833333333333333,1.224388415732953,0.4047140136412771,2.2092660643756648,2.033232622932795,0.011102784904007665,30.280714035034165,6.817222683625462,29.215129257771036,0.038647177024729924,8.60052882047631,0.5584316825456936,0.715773681870129,0.4822331267374683,0.5584316825456936,0.0,0.44576160735297715,0.5210670619091221,0.23681277869917697,2.099456205923353,0.9833333333333333,1.224388415732953,0.4047140136412771,2.2092660643756648,2.033232622932795,0.011102784904007665,30.280714035034165,6.817222683625462,29.215129257771036,0.038647177024729924,0.825,0.48333333333333334,3.3808,13.963039834954117,7.932155004303887,Wh,7.932155004303887,Wh
362,93c8219867a5ff072d4bfa9abee6a50f,FBProphet,"{""holiday"": false, ""regression_type"": null, ""growth"": ""linear"", ""seasonality_mode"": ""multiplicative"", ""changepoint_prior_scale"": 0.05, ""n_changepoints"": 25, ""changepoint_range"": 0.8, ""changepoint_spacing"": null, ""changepoint_distance_end"": null, ""seasonality_prior_scale"": 10.0, ""yearly_seasonality_prior_scale"": null, ""yearly_seasonality_order"": null, ""weekly_seasonality_prior_scale"": null, ""holidays_prior_scale"": 0.1, ""trend_phi"": null}","{""fillna"": ""ffill"", ""transformations"": {""0"": ""CointegrationTransformer"", ""1"": ""ConvolutionFilter"", ""2"": ""STLFilter"", ""3"": ""MaxAbsScaler"", ""4"": ""SinTrend""}, ""transformation_params"": {""0"": {""n_components"": 3, ""max_components"": 20, ""shrinkage"": 1e-06, ""method"": ""cca"", ""min_periods"": 10}, ""1"": {""weight"": 0.7}, ""2"": {""decomp_type"": ""STL"", ""part"": ""trend"", ""seasonal"": 7}, ""3"": {}, ""4"": {}}}",0,1,8.339380343895256,0.5435364479700691,0.7047767750511025,0.48290945424470655,0.5435364479700691,0.0,-29.99695876727233,0.4535522164250795,35.22741498913596,0.48796286693117624,0.2560442197961793,0.5666666666666667,0.49166666666666664,2.3740499518255955,0.9833333333333333,1.2212791810372228,0.3996418787403419,1.9048177715978725,1.4204082164267877,0.02600105985830835,5.23045622186363,3.625292593565321,28.276403219612604,0.006675614296696874,8.339380343895256,0.5435364479700691,0.7047767750511025,0.48290945424470655,0.5435364479700691,0.0,0.4535522164250795,0.48796286693117624,0.2560442197961793,2.3740499518255955,0.9833333333333333,1.2212791810372228,0.3996418787403419,1.9048177715978725,1.4204082164267877,0.02600105985830835,5.23045622186363,3.625292593565321,28.276403219612604,0.006675614296696874,0.5666666666666667,0.49166666666666664,0.962,13.9519113625585,7.720577987504427,Wh,7.720577987504427,Wh
363,7e830d9bf7086cf431279968086b885f,Ensemble,"{""model_name"": ""BestN"", ""model_count"": 5, ""model_metric"": ""mixed_metric"", ""models"": {""ca2e0fcc7b23d74ee347d493f6ff4379"": {""Model"": ""ARIMA"", ""ModelParameters"": ""{\""p\"": 0, \""d\"": 2, \""q\"": 2, \""regression_type\"": null}"", ""TransformationParameters"": ""{\""fillna\"": \""cubic\"", \""transformations\"": {\""0\"": \""AlignLastValue\"", \""1\"": \""AlignLastValue\""}, \""transformation_params\"": {\""0\"": {\""rows\"": 84, \""lag\"": 1, \""method\"": \""additive\"", \""strength\"": 0.5, \""first_value_only\"": false, \""threshold\"": 10, \""threshold_method\"": \""max\"", \""mean_type\"": \""arithmetic\""}, \""1\"": {\""rows\"": 1, \""lag\"": 7, \""method\"": \""additive\"", \""strength\"": 1.0, \""first_value_only\"": false, \""threshold\"": 10, \""threshold_method\"": \""mean\"", \""mean_type\"": \""arithmetic\""}}}""}, ""216178f098ef6698659d5bd14449f8af"": {""Model"": ""ARIMA"", ""ModelParameters"": ""{\""p\"": 4, \""d\"": 2, \""q\"": 4, \""regression_type\"": null}"", ""TransformationParameters"": ""{\""fillna\"": \""cubic\"", \""transformations\"": {\""0\"": \""bkfilter\"", \""1\"": \""AlignLastValue\""}, \""transformation_params\"": {\""0\"": {}, \""1\"": {\""rows\"": 1, \""lag\"": 7, \""method\"": \""additive\"", \""strength\"": 1.0, \""first_value_only\"": false, \""threshold\"": 10, \""threshold_method\"": \""mean\"", \""mean_type\"": \""arithmetic\""}}}""}, ""5c9aafe0ed22a0009a0c5786b4223a8f"": {""Model"": ""FBProphet"", ""ModelParameters"": ""{\""holiday\"": false, \""regression_type\"": null, \""growth\"": \""linear\"", \""seasonality_mode\"": \""additive\"", \""changepoint_prior_scale\"": 0.05, \""n_changepoints\"": 25, \""changepoint_range\"": 0.8, \""changepoint_spacing\"": null, \""changepoint_distance_end\"": null, \""seasonality_prior_scale\"": 10.0, \""yearly_seasonality_prior_scale\"": null, \""yearly_seasonality_order\"": null, \""weekly_seasonality_prior_scale\"": 0.0001, \""holidays_prior_scale\"": 10.0, \""trend_phi\"": null}"", ""TransformationParameters"": ""{\""fillna\"": \""mean\"", \""transformations\"": {\""0\"": \""StandardScaler\"", \""1\"": \""bkfilter\"", \""2\"": \""HPFilter\""}, \""transformation_params\"": {\""0\"": {}, \""1\"": {}, \""2\"": {\""part\"": \""trend\"", \""lamb\"": 6.25}}}""}, ""5bb9f16e5f9c93ddad63947a240ff284"": {""Model"": ""FBProphet"", ""ModelParameters"": ""{\""holiday\"": false, \""regression_type\"": null, \""growth\"": \""linear\"", \""seasonality_mode\"": \""additive\"", \""changepoint_prior_scale\"": 0.05, \""n_changepoints\"": 25, \""changepoint_range\"": 360, \""changepoint_spacing\"": null, \""changepoint_distance_end\"": null, \""seasonality_prior_scale\"": 10.0, \""yearly_seasonality_prior_scale\"": null, \""yearly_seasonality_order\"": null, \""weekly_seasonality_prior_scale\"": null, \""holidays_prior_scale\"": 10.0, \""trend_phi\"": null}"", ""TransformationParameters"": ""{\""fillna\"": \""rolling_mean\"", \""transformations\"": {\""0\"": \""StandardScaler\"", \""1\"": \""bkfilter\"", \""2\"": \""HPFilter\""}, \""transformation_params\"": {\""0\"": {}, \""1\"": {}, \""2\"": {\""part\"": \""trend\"", \""lamb\"": 6.25}}}""}, ""90456766456292561f52d10770c88398"": {""Model"": ""FBProphet"", ""ModelParameters"": ""{\""holiday\"": false, \""regression_type\"": null, \""growth\"": \""linear\"", \""seasonality_mode\"": \""multiplicative\"", \""changepoint_prior_scale\"": 0.05, \""n_changepoints\"": 25, \""changepoint_range\"": 0.8, \""changepoint_spacing\"": null, \""changepoint_distance_end\"": null, \""seasonality_prior_scale\"": 10.0, \""yearly_seasonality_prior_scale\"": null, \""yearly_seasonality_order\"": null, \""weekly_seasonality_prior_scale\"": null, \""holidays_prior_scale\"": 0.1, \""trend_phi\"": null}"", ""TransformationParameters"": ""{\""fillna\"": \""linear\"", \""transformations\"": {\""0\"": \""UpscaleDownscaleTransformer\"", \""1\"": \""AlignLastValue\"", \""2\"": \""HPFilter\"", \""3\"": \""Discretize\"", \""4\"": \""ClipOutliers\"", \""5\"": \""Slice\""}, \""transformation_params\"": {\""0\"": {\""mode\"": \""downscale\"", \""factor\"": 1, \""down_method\"": \""decimate\"", \""fill_method\"": \""pchip\""}, \""1\"": {\""rows\"": 1, \""lag\"": 1, \""method\"": \""additive\"", \""strength\"": 1.0, \""first_value_only\"": false, \""threshold\"": null, \""threshold_method\"": \""max\"", \""mean_type\"": \""arithmetic\""}, \""2\"": {\""part\"": \""trend\"", \""lamb\"": 6.25}, \""3\"": {\""discretization\"": \""center\"", \""n_bins\"": 5}, \""4\"": {\""method\"": \""clip\"", \""std_threshold\"": 5, \""fillna\"": null}, \""5\"": {\""method\"": 0.5}}}""}}, ""point_method"": ""median"", ""model_weights"": {}}",{},1,1,7.856041547085547,0.5092506255694078,0.6492840681104115,0.48016830431741925,0.5092506255694078,0.0,-22.86603930093473,0.42159224766865283,38.2440357673942,0.46887770189439226,0.29296985536901604,0.8666666666666667,0.4583333333333333,2.13170680760797,0.9833333333333333,1.2072583602200462,0.3786106522561106,1.8721435036345582,0.7740611352746438,0.029679643317637363,15.377996466459475,7.776181384297415,28.550023667311173,0.01962688696961766,7.856041547085547,0.5092506255694078,0.6492840681104115,0.48016830431741925,0.5092506255694078,0.0,0.42159224766865283,0.46887770189439226,0.29296985536901604,2.13170680760797,0.9833333333333333,1.2072583602200462,0.3786106522561106,1.8721435036345582,0.7740611352746438,0.029679643317637363,15.377996466459475,7.776181384297415,28.550023667311173,0.01962688696961766,0.8666666666666667,0.4583333333333333,2.4845,13.84665704782294,7.233570415705658,Wh,7.233570415705658,Wh
364,80260c9748af755399353903156106c6,Ensemble,"{""model_name"": ""BestN"", ""model_count"": 3, ""model_metric"": ""horizontal"", ""models"": {""391cc75f9a7d750778405fc3cfcecb92"": {""Model"": ""RollingRegression"", ""ModelParameters"": ""{\""regression_model\"": {\""model\"": \""DecisionTree\"", \""model_params\"": {\""max_depth\"": null, \""min_samples_split\"": 0.05}}, \""holiday\"": false, \""mean_rolling_periods\"": null, \""macd_periods\"": null, \""std_rolling_periods\"": null, \""max_rolling_periods\"": 420, \""min_rolling_periods\"": 168, \""ewm_var_alpha\"": null, \""quantile90_rolling_periods\"": null, \""quantile10_rolling_periods\"": null, \""ewm_alpha\"": null, \""additional_lag_periods\"": 6, \""abs_energy\"": false, \""rolling_autocorr_periods\"": null, \""nonzero_last_n\"": null, \""add_date_part\"": \""expanded\"", \""polynomial_degree\"": null, \""x_transform\"": null, \""regression_type\"": null}"", ""TransformationParameters"": ""{\""fillna\"": \""mean\"", \""transformations\"": {\""0\"": \""STLFilter\"", \""1\"": \""RobustScaler\"", \""2\"": \""MaxAbsScaler\"", \""3\"": \""SeasonalDifference\"", \""4\"": \""AlignLastValue\""}, \""transformation_params\"": {\""0\"": {\""decomp_type\"": \""seasonal_decompose\"", \""part\"": \""trend\""}, \""1\"": {}, \""2\"": {}, \""3\"": {\""lag_1\"": 7, \""method\"": \""LastValue\""}, \""4\"": {\""rows\"": 1, \""lag\"": 2, \""method\"": \""additive\"", \""strength\"": 0.7, \""first_value_only\"": false, \""threshold\"": null, \""threshold_method\"": \""mean\"", \""mean_type\"": \""arithmetic\""}}}""}, ""290072eada53189c757f67ac7b1cfea9"": {""Model"": ""ARIMA"", ""ModelParameters"": ""{\""p\"": 0, \""d\"": 0, \""q\"": 2, \""regression_type\"": \""Holiday\""}"", ""TransformationParameters"": ""{\""fillna\"": \""mean\"", \""transformations\"": {\""0\"": \""AnomalyRemoval\"", \""1\"": \""ChangepointDetrend\"", \""2\"": \""ClipOutliers\""}, \""transformation_params\"": {\""0\"": {\""method\"": \""zscore\"", \""method_params\"": {\""distribution\"": \""chi2\"", \""alpha\"": 0.05}, \""fillna\"": \""ffill\"", \""transform_dict\"": null, \""isolated_only\"": false, \""on_inverse\"": false}, \""1\"": {\""model\"": \""ElasticNet\"", \""changepoint_spacing\"": 90, \""changepoint_distance_end\"": 180, \""datepart_method\"": null}, \""2\"": {\""method\"": \""clip\"", \""std_threshold\"": 2, \""fillna\"": null}}}""}, ""5bb9f16e5f9c93ddad63947a240ff284"": {""Model"": ""FBProphet"", ""ModelParameters"": ""{\""holiday\"": false, \""regression_type\"": null, \""growth\"": \""linear\"", \""seasonality_mode\"": \""additive\"", \""changepoint_prior_scale\"": 0.05, \""n_changepoints\"": 25, \""changepoint_range\"": 360, \""changepoint_spacing\"": null, \""changepoint_distance_end\"": null, \""seasonality_prior_scale\"": 10.0, \""yearly_seasonality_prior_scale\"": null, \""yearly_seasonality_order\"": null, \""weekly_seasonality_prior_scale\"": null, \""holidays_prior_scale\"": 10.0, \""trend_phi\"": null}"", ""TransformationParameters"": ""{\""fillna\"": \""rolling_mean\"", \""transformations\"": {\""0\"": \""StandardScaler\"", \""1\"": \""bkfilter\"", \""2\"": \""HPFilter\""}, \""transformation_params\"": {\""0\"": {}, \""1\"": {}, \""2\"": {\""part\"": \""trend\"", \""lamb\"": 6.25}}}""}}, ""model_weights"": {}, ""point_method"": ""mean""}",{},1,1,8.627570142664553,0.5604043935009472,0.7059891248304132,0.4817195064460012,0.5604043935009472,0.0,-19.08925622054369,0.44860164647943107,48.159270999569955,0.5233308055013377,0.22602579378589313,0.8666666666666667,0.4583333333333333,2.1562893533603047,0.9833333333333333,1.226054746259154,0.41760776395837707,2.0952022327998607,1.1544661651396433,0.06419435374595586,29.07001477902627,7.2713949913528975,28.163679441815788,0.03710196549449617,8.627570142664553,0.5604043935009472,0.7059891248304132,0.4817195064460012,0.5604043935009472,0.0,0.44860164647943107,0.5233308055013377,0.22602579378589313,2.1562893533603047,0.9833333333333333,1.226054746259154,0.41760776395837707,2.0952022327998607,1.1544661651396433,0.06419435374595586,29.07001477902627,7.2713949913528975,28.163679441815788,0.03710196549449617,0.8666666666666667,0.4583333333333333,1.9864,13.806606693167852,7.960176066798813,Wh,7.960176066798813,Wh
365,2e91158fd439b1cf4694867d798e20c6,Ensemble,"{""model_name"": ""BestN"", ""model_count"": 5, ""model_metric"": ""mixed_metric"", ""models"": {""ca2e0fcc7b23d74ee347d493f6ff4379"": {""Model"": ""ARIMA"", ""ModelParameters"": ""{\""p\"": 0, \""d\"": 2, \""q\"": 2, \""regression_type\"": null}"", ""TransformationParameters"": ""{\""fillna\"": \""cubic\"", \""transformations\"": {\""0\"": \""AlignLastValue\"", \""1\"": \""AlignLastValue\""}, \""transformation_params\"": {\""0\"": {\""rows\"": 84, \""lag\"": 1, \""method\"": \""additive\"", \""strength\"": 0.5, \""first_value_only\"": false, \""threshold\"": 10, \""threshold_method\"": \""max\"", \""mean_type\"": \""arithmetic\""}, \""1\"": {\""rows\"": 1, \""lag\"": 7, \""method\"": \""additive\"", \""strength\"": 1.0, \""first_value_only\"": false, \""threshold\"": 10, \""threshold_method\"": \""mean\"", \""mean_type\"": \""arithmetic\""}}}""}, ""216178f098ef6698659d5bd14449f8af"": {""Model"": ""ARIMA"", ""ModelParameters"": ""{\""p\"": 4, \""d\"": 2, \""q\"": 4, \""regression_type\"": null}"", ""TransformationParameters"": ""{\""fillna\"": \""cubic\"", \""transformations\"": {\""0\"": \""bkfilter\"", \""1\"": \""AlignLastValue\""}, \""transformation_params\"": {\""0\"": {}, \""1\"": {\""rows\"": 1, \""lag\"": 7, \""method\"": \""additive\"", \""strength\"": 1.0, \""first_value_only\"": false, \""threshold\"": 10, \""threshold_method\"": \""mean\"", \""mean_type\"": \""arithmetic\""}}}""}, ""5c9aafe0ed22a0009a0c5786b4223a8f"": {""Model"": ""FBProphet"", ""ModelParameters"": ""{\""holiday\"": false, \""regression_type\"": null, \""growth\"": \""linear\"", \""seasonality_mode\"": \""additive\"", \""changepoint_prior_scale\"": 0.05, \""n_changepoints\"": 25, \""changepoint_range\"": 0.8, \""changepoint_spacing\"": null, \""changepoint_distance_end\"": null, \""seasonality_prior_scale\"": 10.0, \""yearly_seasonality_prior_scale\"": null, \""yearly_seasonality_order\"": null, \""weekly_seasonality_prior_scale\"": 0.0001, \""holidays_prior_scale\"": 10.0, \""trend_phi\"": null}"", ""TransformationParameters"": ""{\""fillna\"": \""mean\"", \""transformations\"": {\""0\"": \""StandardScaler\"", \""1\"": \""bkfilter\"", \""2\"": \""HPFilter\""}, \""transformation_params\"": {\""0\"": {}, \""1\"": {}, \""2\"": {\""part\"": \""trend\"", \""lamb\"": 6.25}}}""}, ""5bb9f16e5f9c93ddad63947a240ff284"": {""Model"": ""FBProphet"", ""ModelParameters"": ""{\""holiday\"": false, \""regression_type\"": null, \""growth\"": \""linear\"", \""seasonality_mode\"": \""additive\"", \""changepoint_prior_scale\"": 0.05, \""n_changepoints\"": 25, \""changepoint_range\"": 360, \""changepoint_spacing\"": null, \""changepoint_distance_end\"": null, \""seasonality_prior_scale\"": 10.0, \""yearly_seasonality_prior_scale\"": null, \""yearly_seasonality_order\"": null, \""weekly_seasonality_prior_scale\"": null, \""holidays_prior_scale\"": 10.0, \""trend_phi\"": null}"", ""TransformationParameters"": ""{\""fillna\"": \""rolling_mean\"", \""transformations\"": {\""0\"": \""StandardScaler\"", \""1\"": \""bkfilter\"", \""2\"": \""HPFilter\""}, \""transformation_params\"": {\""0\"": {}, \""1\"": {}, \""2\"": {\""part\"": \""trend\"", \""lamb\"": 6.25}}}""}, ""90456766456292561f52d10770c88398"": {""Model"": ""FBProphet"", ""ModelParameters"": ""{\""holiday\"": false, \""regression_type\"": null, \""growth\"": \""linear\"", \""seasonality_mode\"": \""multiplicative\"", \""changepoint_prior_scale\"": 0.05, \""n_changepoints\"": 25, \""changepoint_range\"": 0.8, \""changepoint_spacing\"": null, \""changepoint_distance_end\"": null, \""seasonality_prior_scale\"": 10.0, \""yearly_seasonality_prior_scale\"": null, \""yearly_seasonality_order\"": null, \""weekly_seasonality_prior_scale\"": null, \""holidays_prior_scale\"": 0.1, \""trend_phi\"": null}"", ""TransformationParameters"": ""{\""fillna\"": \""linear\"", \""transformations\"": {\""0\"": \""UpscaleDownscaleTransformer\"", \""1\"": \""AlignLastValue\"", \""2\"": \""HPFilter\"", \""3\"": \""Discretize\"", \""4\"": \""ClipOutliers\"", \""5\"": \""Slice\""}, \""transformation_params\"": {\""0\"": {\""mode\"": \""downscale\"", \""factor\"": 1, \""down_method\"": \""decimate\"", \""fill_method\"": \""pchip\""}, \""1\"": {\""rows\"": 1, \""lag\"": 1, \""method\"": \""additive\"", \""strength\"": 1.0, \""first_value_only\"": false, \""threshold\"": null, \""threshold_method\"": \""max\"", \""mean_type\"": \""arithmetic\""}, \""2\"": {\""part\"": \""trend\"", \""lamb\"": 6.25}, \""3\"": {\""discretization\"": \""center\"", \""n_bins\"": 5}, \""4\"": {\""method\"": \""clip\"", \""std_threshold\"": 5, \""fillna\"": null}, \""5\"": {\""method\"": 0.5}}}""}}, ""point_method"": ""median"", ""model_weights"": {}}","{""fillna"": ""fake_date"", ""transformations"": {""0"": ""AlignLastValue"", ""1"": ""AlignLastValue""}, ""transformation_params"": {""0"": {""rows"": 1, ""lag"": 1, ""method"": ""multiplicative"", ""strength"": 1.0, ""first_value_only"": false, ""threshold"": null, ""threshold_method"": ""mean""}, ""1"": {""rows"": 1, ""lag"": 1, ""method"": ""multiplicative"", ""strength"": 1.0, ""first_value_only"": true, ""threshold"": 10, ""threshold_method"": ""max""}}}",1,1,7.796654122867102,0.5046572074817615,0.6471996965902856,0.47454051101386063,0.5046572074817615,0.0,-22.296279211288752,0.4169974133206254,38.26258568652262,0.4652745945659538,0.29305330034032195,0.8666666666666667,0.4583333333333333,2.13170680760797,0.975,1.2085359664317212,0.37320663097652684,1.867550085546912,0.4393385438537939,0.03541530199620138,15.966306475233868,8.25343538983355,28.5460725830091,0.020377745124026393,7.796654122867102,0.5046572074817615,0.6471996965902856,0.47454051101386063,0.5046572074817615,0.0,0.4169974133206254,0.4652745945659538,0.29305330034032195,2.13170680760797,0.975,1.2085359664317212,0.37320663097652684,1.867550085546912,0.4393385438537939,0.03541530199620138,15.966306475233868,8.25343538983355,28.5460725830091,0.020377745124026393,0.8666666666666667,0.4583333333333333,2.4935,13.782720563284691,7.168323930934796,Wh,7.168323930934796,Wh
366,b17070fc8f99c92db1882e821ab321fb,FBProphet,"{""holiday"": false, ""regression_type"": null, ""growth"": ""linear"", ""seasonality_mode"": ""multiplicative"", ""changepoint_prior_scale"": 0.05, ""n_changepoints"": 20, ""changepoint_range"": 180, ""changepoint_spacing"": null, ""changepoint_distance_end"": null, ""seasonality_prior_scale"": 10.0, ""yearly_seasonality_prior_scale"": null, ""yearly_seasonality_order"": null, ""weekly_seasonality_prior_scale"": 10.0, ""holidays_prior_scale"": 0.1, ""trend_phi"": null}","{""fillna"": ""rolling_mean"", ""transformations"": {""0"": ""StandardScaler"", ""1"": ""bkfilter"", ""2"": ""HPFilter""}, ""transformation_params"": {""0"": {}, ""1"": {}, ""2"": {""part"": ""trend"", ""lamb"": 6.25}}}",0,1,8.563922809595839,0.5569226744891316,0.7078015632034986,0.5054281245395156,0.5569226744891316,0.0,-18.314764186410887,0.44085257757440116,48.51595675228491,0.524977103569525,0.22518613838326473,0.725,0.55,2.1005357679709658,0.9833333333333333,1.2243269056010566,0.41492883515058715,2.103169531192199,0.9170359285182105,0.20599526301857926,30.20119256587402,10.775522442380863,24.432381018488055,0.03854568403178587,8.563922809595839,0.5569226744891316,0.7078015632034986,0.5054281245395156,0.5569226744891316,0.0,0.44085257757440116,0.524977103569525,0.22518613838326473,2.1005357679709658,0.9833333333333333,1.2243269056010566,0.41492883515058715,2.103169531192199,0.9170359285182105,0.20599526301857926,30.20119256587402,10.775522442380863,24.432381018488055,0.03854568403178587,0.725,0.55,0.5402,13.755389977455216,7.910720536701998,Wh,7.910720536701998,Wh
367,60af86b45a2aa5bb059b190b5a4572f3,Ensemble,"{""model_name"": ""BestN"", ""model_count"": 5, ""model_metric"": ""mixed_metric"", ""models"": {""ca2e0fcc7b23d74ee347d493f6ff4379"": {""Model"": ""ARIMA"", ""ModelParameters"": ""{\""p\"": 0, \""d\"": 2, \""q\"": 2, \""regression_type\"": null}"", ""TransformationParameters"": ""{\""fillna\"": \""cubic\"", \""transformations\"": {\""0\"": \""AlignLastValue\"", \""1\"": \""AlignLastValue\""}, \""transformation_params\"": {\""0\"": {\""rows\"": 84, \""lag\"": 1, \""method\"": \""additive\"", \""strength\"": 0.5, \""first_value_only\"": false, \""threshold\"": 10, \""threshold_method\"": \""max\"", \""mean_type\"": \""arithmetic\""}, \""1\"": {\""rows\"": 1, \""lag\"": 7, \""method\"": \""additive\"", \""strength\"": 1.0, \""first_value_only\"": false, \""threshold\"": 10, \""threshold_method\"": \""mean\"", \""mean_type\"": \""arithmetic\""}}}""}, ""216178f098ef6698659d5bd14449f8af"": {""Model"": ""ARIMA"", ""ModelParameters"": ""{\""p\"": 4, \""d\"": 2, \""q\"": 4, \""regression_type\"": null}"", ""TransformationParameters"": ""{\""fillna\"": \""cubic\"", \""transformations\"": {\""0\"": \""bkfilter\"", \""1\"": \""AlignLastValue\""}, \""transformation_params\"": {\""0\"": {}, \""1\"": {\""rows\"": 1, \""lag\"": 7, \""method\"": \""additive\"", \""strength\"": 1.0, \""first_value_only\"": false, \""threshold\"": 10, \""threshold_method\"": \""mean\"", \""mean_type\"": \""arithmetic\""}}}""}, ""5c9aafe0ed22a0009a0c5786b4223a8f"": {""Model"": ""FBProphet"", ""ModelParameters"": ""{\""holiday\"": false, \""regression_type\"": null, \""growth\"": \""linear\"", \""seasonality_mode\"": \""additive\"", \""changepoint_prior_scale\"": 0.05, \""n_changepoints\"": 25, \""changepoint_range\"": 0.8, \""changepoint_spacing\"": null, \""changepoint_distance_end\"": null, \""seasonality_prior_scale\"": 10.0, \""yearly_seasonality_prior_scale\"": null, \""yearly_seasonality_order\"": null, \""weekly_seasonality_prior_scale\"": 0.0001, \""holidays_prior_scale\"": 10.0, \""trend_phi\"": null}"", ""TransformationParameters"": ""{\""fillna\"": \""mean\"", \""transformations\"": {\""0\"": \""StandardScaler\"", \""1\"": \""bkfilter\"", \""2\"": \""HPFilter\""}, \""transformation_params\"": {\""0\"": {}, \""1\"": {}, \""2\"": {\""part\"": \""trend\"", \""lamb\"": 6.25}}}""}, ""5bb9f16e5f9c93ddad63947a240ff284"": {""Model"": ""FBProphet"", ""ModelParameters"": ""{\""holiday\"": false, \""regression_type\"": null, \""growth\"": \""linear\"", \""seasonality_mode\"": \""additive\"", \""changepoint_prior_scale\"": 0.05, \""n_changepoints\"": 25, \""changepoint_range\"": 360, \""changepoint_spacing\"": null, \""changepoint_distance_end\"": null, \""seasonality_prior_scale\"": 10.0, \""yearly_seasonality_prior_scale\"": null, \""yearly_seasonality_order\"": null, \""weekly_seasonality_prior_scale\"": null, \""holidays_prior_scale\"": 10.0, \""trend_phi\"": null}"", ""TransformationParameters"": ""{\""fillna\"": \""rolling_mean\"", \""transformations\"": {\""0\"": \""StandardScaler\"", \""1\"": \""bkfilter\"", \""2\"": \""HPFilter\""}, \""transformation_params\"": {\""0\"": {}, \""1\"": {}, \""2\"": {\""part\"": \""trend\"", \""lamb\"": 6.25}}}""}, ""90456766456292561f52d10770c88398"": {""Model"": ""FBProphet"", ""ModelParameters"": ""{\""holiday\"": false, \""regression_type\"": null, \""growth\"": \""linear\"", \""seasonality_mode\"": \""multiplicative\"", \""changepoint_prior_scale\"": 0.05, \""n_changepoints\"": 25, \""changepoint_range\"": 0.8, \""changepoint_spacing\"": null, \""changepoint_distance_end\"": null, \""seasonality_prior_scale\"": 10.0, \""yearly_seasonality_prior_scale\"": null, \""yearly_seasonality_order\"": null, \""weekly_seasonality_prior_scale\"": null, \""holidays_prior_scale\"": 0.1, \""trend_phi\"": null}"", ""TransformationParameters"": ""{\""fillna\"": \""linear\"", \""transformations\"": {\""0\"": \""UpscaleDownscaleTransformer\"", \""1\"": \""AlignLastValue\"", \""2\"": \""HPFilter\"", \""3\"": \""Discretize\"", \""4\"": \""ClipOutliers\"", \""5\"": \""Slice\""}, \""transformation_params\"": {\""0\"": {\""mode\"": \""downscale\"", \""factor\"": 1, \""down_method\"": \""decimate\"", \""fill_method\"": \""pchip\""}, \""1\"": {\""rows\"": 1, \""lag\"": 1, \""method\"": \""additive\"", \""strength\"": 1.0, \""first_value_only\"": false, \""threshold\"": null, \""threshold_method\"": \""max\"", \""mean_type\"": \""arithmetic\""}, \""2\"": {\""part\"": \""trend\"", \""lamb\"": 6.25}, \""3\"": {\""discretization\"": \""center\"", \""n_bins\"": 5}, \""4\"": {\""method\"": \""clip\"", \""std_threshold\"": 5, \""fillna\"": null}, \""5\"": {\""method\"": 0.5}}}""}}, ""point_method"": ""median"", ""model_weights"": {}}","{""fillna"": ""fake_date"", ""transformations"": {""0"": ""FIRFilter"", ""1"": ""AlignLastValue"", ""2"": ""AlignLastValue""}, ""transformation_params"": {""0"": {""numtaps"": 32, ""cutoff_hz"": 0.1, ""window"": ""triang"", ""sampling_frequency"": 12, ""on_transform"": false, ""on_inverse"": true, ""bounds_only"": true}, ""1"": {""rows"": 1, ""lag"": 1, ""method"": ""multiplicative"", ""strength"": 1.0, ""first_value_only"": false, ""threshold"": null, ""threshold_method"": ""mean""}, ""2"": {""rows"": 1, ""lag"": 1, ""method"": ""multiplicative"", ""strength"": 1.0, ""first_value_only"": true, ""threshold"": 10, ""threshold_method"": ""max""}}}",1,1,7.796654122867102,0.5046572074817615,0.6471996965902856,0.47454051101386063,0.5046572074817615,0.0,-22.296279211288752,0.4169974133206254,38.26258568652262,0.4652745945659538,0.2901857585830198,0.8666666666666667,0.4583333333333333,2.13170680760797,0.975,1.2085359664317212,0.37320663097652684,1.867550085546912,0.4393385438537939,0.03541530199620138,15.966306475233868,8.25343538983355,28.5460725830091,0.020377745124026393,7.796654122867102,0.5046572074817615,0.6471996965902856,0.47454051101386063,0.5046572074817615,0.0,0.4169974133206254,0.4652745945659538,0.2901857585830198,2.13170680760797,0.975,1.2085359664317212,0.37320663097652684,1.867550085546912,0.4393385438537939,0.03541530199620138,15.966306475233868,8.25343538983355,28.5460725830091,0.020377745124026393,0.8666666666666667,0.4583333333333333,2.649,13.741741385410185,7.168323930934796,Wh,7.168323930934796,Wh
368,7d346366fe771e6f79e28546c7fa5f9e,Ensemble,"{""model_name"": ""BestN"", ""model_count"": 3, ""model_metric"": ""horizontal"", ""models"": {""391cc75f9a7d750778405fc3cfcecb92"": {""Model"": ""RollingRegression"", ""ModelParameters"": ""{\""regression_model\"": {\""model\"": \""DecisionTree\"", \""model_params\"": {\""max_depth\"": null, \""min_samples_split\"": 0.05}}, \""holiday\"": false, \""mean_rolling_periods\"": null, \""macd_periods\"": null, \""std_rolling_periods\"": null, \""max_rolling_periods\"": 420, \""min_rolling_periods\"": 168, \""ewm_var_alpha\"": null, \""quantile90_rolling_periods\"": null, \""quantile10_rolling_periods\"": null, \""ewm_alpha\"": null, \""additional_lag_periods\"": 6, \""abs_energy\"": false, \""rolling_autocorr_periods\"": null, \""nonzero_last_n\"": null, \""add_date_part\"": \""expanded\"", \""polynomial_degree\"": null, \""x_transform\"": null, \""regression_type\"": null}"", ""TransformationParameters"": ""{\""fillna\"": \""mean\"", \""transformations\"": {\""0\"": \""STLFilter\"", \""1\"": \""RobustScaler\"", \""2\"": \""MaxAbsScaler\"", \""3\"": \""SeasonalDifference\"", \""4\"": \""AlignLastValue\""}, \""transformation_params\"": {\""0\"": {\""decomp_type\"": \""seasonal_decompose\"", \""part\"": \""trend\""}, \""1\"": {}, \""2\"": {}, \""3\"": {\""lag_1\"": 7, \""method\"": \""LastValue\""}, \""4\"": {\""rows\"": 1, \""lag\"": 2, \""method\"": \""additive\"", \""strength\"": 0.7, \""first_value_only\"": false, \""threshold\"": null, \""threshold_method\"": \""mean\"", \""mean_type\"": \""arithmetic\""}}}""}, ""290072eada53189c757f67ac7b1cfea9"": {""Model"": ""ARIMA"", ""ModelParameters"": ""{\""p\"": 0, \""d\"": 0, \""q\"": 2, \""regression_type\"": \""Holiday\""}"", ""TransformationParameters"": ""{\""fillna\"": \""mean\"", \""transformations\"": {\""0\"": \""AnomalyRemoval\"", \""1\"": \""ChangepointDetrend\"", \""2\"": \""ClipOutliers\""}, \""transformation_params\"": {\""0\"": {\""method\"": \""zscore\"", \""method_params\"": {\""distribution\"": \""chi2\"", \""alpha\"": 0.05}, \""fillna\"": \""ffill\"", \""transform_dict\"": null, \""isolated_only\"": false, \""on_inverse\"": false}, \""1\"": {\""model\"": \""ElasticNet\"", \""changepoint_spacing\"": 90, \""changepoint_distance_end\"": 180, \""datepart_method\"": null}, \""2\"": {\""method\"": \""clip\"", \""std_threshold\"": 2, \""fillna\"": null}}}""}, ""5bb9f16e5f9c93ddad63947a240ff284"": {""Model"": ""FBProphet"", ""ModelParameters"": ""{\""holiday\"": false, \""regression_type\"": null, \""growth\"": \""linear\"", \""seasonality_mode\"": \""additive\"", \""changepoint_prior_scale\"": 0.05, \""n_changepoints\"": 25, \""changepoint_range\"": 360, \""changepoint_spacing\"": null, \""changepoint_distance_end\"": null, \""seasonality_prior_scale\"": 10.0, \""yearly_seasonality_prior_scale\"": null, \""yearly_seasonality_order\"": null, \""weekly_seasonality_prior_scale\"": null, \""holidays_prior_scale\"": 10.0, \""trend_phi\"": null}"", ""TransformationParameters"": ""{\""fillna\"": \""rolling_mean\"", \""transformations\"": {\""0\"": \""StandardScaler\"", \""1\"": \""bkfilter\"", \""2\"": \""HPFilter\""}, \""transformation_params\"": {\""0\"": {}, \""1\"": {}, \""2\"": {\""part\"": \""trend\"", \""lamb\"": 6.25}}}""}}, ""model_weights"": {}, ""point_method"": ""mean""}","{""fillna"": ""fake_date"", ""transformations"": {""0"": ""FIRFilter"", ""1"": ""AlignLastValue"", ""2"": ""AlignLastValue""}, ""transformation_params"": {""0"": {""numtaps"": 32, ""cutoff_hz"": 0.1, ""window"": ""triang"", ""sampling_frequency"": 12, ""on_transform"": false, ""on_inverse"": true, ""bounds_only"": true}, ""1"": {""rows"": 1, ""lag"": 1, ""method"": ""multiplicative"", ""strength"": 1.0, ""first_value_only"": false, ""threshold"": null, ""threshold_method"": ""mean""}, ""2"": {""rows"": 1, ""lag"": 1, ""method"": ""multiplicative"", ""strength"": 1.0, ""first_value_only"": true, ""threshold"": 10, ""threshold_method"": ""max""}}}",1,1,8.537338034761762,0.5535474612717112,0.7018006490098238,0.4758323147647861,0.5535474612717112,0.0,-18.24787443390695,0.44174329798981404,48.17782091869837,0.5183977526542287,0.22845358218754996,0.85,0.4583333333333333,2.1562893533603047,0.975,1.2265193376010608,0.4095407848651584,2.0883453005706247,0.42410675228460654,0.07157942794034684,29.929946484791426,7.663626648093771,28.15778136836059,0.03819949353902752,8.537338034761762,0.5535474612717112,0.7018006490098238,0.4758323147647861,0.5535474612717112,0.0,0.44174329798981404,0.5183977526542287,0.22845358218754996,2.1562893533603047,0.975,1.2265193376010608,0.4095407848651584,2.0883453005706247,0.42410675228460654,0.07157942794034684,29.929946484791426,7.663626648093771,28.15778136836059,0.03819949353902752,0.85,0.4583333333333333,2.1605,13.738739133442252,7.862777851410385,Wh,7.862777851410385,Wh
369,45129b703371fc72516358a9930c7d4e,FBProphet,"{""holiday"": false, ""regression_type"": null, ""growth"": ""linear"", ""seasonality_mode"": ""multiplicative"", ""changepoint_prior_scale"": 0.05, ""n_changepoints"": 25, ""changepoint_range"": 180, ""changepoint_spacing"": null, ""changepoint_distance_end"": null, ""seasonality_prior_scale"": 10.0, ""yearly_seasonality_prior_scale"": null, ""yearly_seasonality_order"": null, ""weekly_seasonality_prior_scale"": null, ""holidays_prior_scale"": 0.1, ""trend_phi"": null}","{""fillna"": ""rolling_mean"", ""transformations"": {""0"": ""StandardScaler"", ""1"": ""bkfilter"", ""2"": ""HPFilter""}, ""transformation_params"": {""0"": {}, ""1"": {}, ""2"": {""part"": ""trend"", ""lamb"": 6.25}}}",0,1,8.563752172947277,0.5569111641005197,0.7077876441166612,0.5054218334878514,0.5569111641005197,0.0,-18.31592593076686,0.4408482800945776,48.513413761295496,0.5249630618818097,0.22305642550807733,0.7166666666666667,0.55,2.100474187087892,0.9833333333333333,1.2243230948431274,0.414921042417506,2.1031066093551236,0.9170247620652174,0.20595168131852853,30.197487830528644,10.774190708059557,24.433366116725324,0.03854095569009099,8.563752172947277,0.5569111641005197,0.7077876441166612,0.5054218334878514,0.5569111641005197,0.0,0.4408482800945776,0.5249630618818097,0.22305642550807733,2.100474187087892,0.9833333333333333,1.2243230948431274,0.414921042417506,2.1031066093551236,0.9170247620652174,0.20595168131852853,30.197487830528644,10.774190708059557,24.433366116725324,0.03854095569009099,0.7166666666666667,0.55,0.5731,13.72474131078579,7.910557039197321,Wh,7.910557039197321,Wh
370,44335d254d4919426cc9c63ba6453c9e,Ensemble,"{""model_name"": ""BestN"", ""model_count"": 3, ""model_metric"": ""horizontal"", ""models"": {""391cc75f9a7d750778405fc3cfcecb92"": {""Model"": ""RollingRegression"", ""ModelParameters"": ""{\""regression_model\"": {\""model\"": \""DecisionTree\"", \""model_params\"": {\""max_depth\"": null, \""min_samples_split\"": 0.05}}, \""holiday\"": false, \""mean_rolling_periods\"": null, \""macd_periods\"": null, \""std_rolling_periods\"": null, \""max_rolling_periods\"": 420, \""min_rolling_periods\"": 168, \""ewm_var_alpha\"": null, \""quantile90_rolling_periods\"": null, \""quantile10_rolling_periods\"": null, \""ewm_alpha\"": null, \""additional_lag_periods\"": 6, \""abs_energy\"": false, \""rolling_autocorr_periods\"": null, \""nonzero_last_n\"": null, \""add_date_part\"": \""expanded\"", \""polynomial_degree\"": null, \""x_transform\"": null, \""regression_type\"": null}"", ""TransformationParameters"": ""{\""fillna\"": \""mean\"", \""transformations\"": {\""0\"": \""STLFilter\"", \""1\"": \""RobustScaler\"", \""2\"": \""MaxAbsScaler\"", \""3\"": \""SeasonalDifference\"", \""4\"": \""AlignLastValue\""}, \""transformation_params\"": {\""0\"": {\""decomp_type\"": \""seasonal_decompose\"", \""part\"": \""trend\""}, \""1\"": {}, \""2\"": {}, \""3\"": {\""lag_1\"": 7, \""method\"": \""LastValue\""}, \""4\"": {\""rows\"": 1, \""lag\"": 2, \""method\"": \""additive\"", \""strength\"": 0.7, \""first_value_only\"": false, \""threshold\"": null, \""threshold_method\"": \""mean\"", \""mean_type\"": \""arithmetic\""}}}""}, ""290072eada53189c757f67ac7b1cfea9"": {""Model"": ""ARIMA"", ""ModelParameters"": ""{\""p\"": 0, \""d\"": 0, \""q\"": 2, \""regression_type\"": \""Holiday\""}"", ""TransformationParameters"": ""{\""fillna\"": \""mean\"", \""transformations\"": {\""0\"": \""AnomalyRemoval\"", \""1\"": \""ChangepointDetrend\"", \""2\"": \""ClipOutliers\""}, \""transformation_params\"": {\""0\"": {\""method\"": \""zscore\"", \""method_params\"": {\""distribution\"": \""chi2\"", \""alpha\"": 0.05}, \""fillna\"": \""ffill\"", \""transform_dict\"": null, \""isolated_only\"": false, \""on_inverse\"": false}, \""1\"": {\""model\"": \""ElasticNet\"", \""changepoint_spacing\"": 90, \""changepoint_distance_end\"": 180, \""datepart_method\"": null}, \""2\"": {\""method\"": \""clip\"", \""std_threshold\"": 2, \""fillna\"": null}}}""}, ""5bb9f16e5f9c93ddad63947a240ff284"": {""Model"": ""FBProphet"", ""ModelParameters"": ""{\""holiday\"": false, \""regression_type\"": null, \""growth\"": \""linear\"", \""seasonality_mode\"": \""additive\"", \""changepoint_prior_scale\"": 0.05, \""n_changepoints\"": 25, \""changepoint_range\"": 360, \""changepoint_spacing\"": null, \""changepoint_distance_end\"": null, \""seasonality_prior_scale\"": 10.0, \""yearly_seasonality_prior_scale\"": null, \""yearly_seasonality_order\"": null, \""weekly_seasonality_prior_scale\"": null, \""holidays_prior_scale\"": 10.0, \""trend_phi\"": null}"", ""TransformationParameters"": ""{\""fillna\"": \""rolling_mean\"", \""transformations\"": {\""0\"": \""StandardScaler\"", \""1\"": \""bkfilter\"", \""2\"": \""HPFilter\""}, \""transformation_params\"": {\""0\"": {}, \""1\"": {}, \""2\"": {\""part\"": \""trend\"", \""lamb\"": 6.25}}}""}}, ""model_weights"": {}, ""point_method"": ""mean""}","{""fillna"": ""fake_date"", ""transformations"": {""0"": ""AlignLastValue"", ""1"": ""AlignLastValue""}, ""transformation_params"": {""0"": {""rows"": 1, ""lag"": 1, ""method"": ""multiplicative"", ""strength"": 1.0, ""first_value_only"": false, ""threshold"": null, ""threshold_method"": ""mean""}, ""1"": {""rows"": 1, ""lag"": 1, ""method"": ""multiplicative"", ""strength"": 1.0, ""first_value_only"": true, ""threshold"": 10, ""threshold_method"": ""max""}}}",1,1,8.537338034761762,0.5535474612717112,0.7018006490098238,0.4758323147647861,0.5535474612717112,0.0,-18.24787443390695,0.44174329798981404,48.17782091869837,0.5183977526542287,0.22619879904674853,0.8666666666666667,0.4583333333333333,2.1562893533603047,0.975,1.2265193376010608,0.4095407848651584,2.0883453005706247,0.42410675228460654,0.07157942794034684,29.929946484791426,7.663626648093771,28.15778136836059,0.03819949353902752,8.537338034761762,0.5535474612717112,0.7018006490098238,0.4758323147647861,0.5535474612717112,0.0,0.44174329798981404,0.5183977526542287,0.22619879904674853,2.1562893533603047,0.975,1.2265193376010608,0.4095407848651584,2.0883453005706247,0.42410675228460654,0.07157942794034684,29.929946484791426,7.663626648093771,28.15778136836059,0.03819949353902752,0.8666666666666667,0.4583333333333333,1.9963,13.706516704889975,7.862777851410385,Wh,7.862777851410385,Wh
371,b86f74b84f4157f4f04edf9abd54c8ed,FBProphet,"{""holiday"": false, ""regression_type"": null, ""growth"": ""linear"", ""seasonality_mode"": ""multiplicative"", ""changepoint_prior_scale"": 0.05, ""n_changepoints"": 25, ""changepoint_range"": 0.8, ""changepoint_spacing"": null, ""changepoint_distance_end"": null, ""seasonality_prior_scale"": 10.0, ""yearly_seasonality_prior_scale"": null, ""yearly_seasonality_order"": null, ""weekly_seasonality_prior_scale"": null, ""holidays_prior_scale"": 0.1, ""trend_phi"": null}","{""fillna"": ""rolling_mean"", ""transformations"": {""0"": ""StandardScaler"", ""1"": ""bkfilter"", ""2"": ""HPFilter""}, ""transformation_params"": {""0"": {}, ""1"": {}, ""2"": {""part"": ""trend"", ""lamb"": 6.25}}}",0,1,8.529748289947564,0.5546237277969134,0.7051374298893992,0.5054916188096948,0.5546237277969134,0.0,-18.579379231466827,0.4400531692443418,47.97546810416277,0.5220995953059556,0.22206912901513742,0.7166666666666667,0.55,2.0941295420257804,0.9833333333333333,1.2235606763851758,0.4132561250496076,2.091607683347619,0.9206660411816946,0.2065792301387933,29.396088872695945,10.496250264344077,24.419621035866736,0.037518132801735035,8.529748289947564,0.5546237277969134,0.7051374298893992,0.5054916188096948,0.5546237277969134,0.0,0.4400531692443418,0.5220995953059556,0.22206912901513742,2.0941295420257804,0.9833333333333333,1.2235606763851758,0.4132561250496076,2.091607683347619,0.9206660411816946,0.2065792301387933,29.396088872695945,10.496250264344077,24.419621035866736,0.037518132801735035,0.7166666666666667,0.55,0.7589,13.66858508190162,7.878065509991878,Wh,7.878065509991878,Wh
372,e9bf01e7fefd7371039d4cae3adc9719,FBProphet,"{""holiday"": true, ""regression_type"": null, ""growth"": ""linear"", ""seasonality_mode"": ""multiplicative"", ""changepoint_prior_scale"": 0.05, ""n_changepoints"": 25, ""changepoint_range"": 0.85, ""changepoint_spacing"": null, ""changepoint_distance_end"": null, ""seasonality_prior_scale"": 10.0, ""yearly_seasonality_prior_scale"": null, ""yearly_seasonality_order"": 12, ""weekly_seasonality_prior_scale"": 0.0001, ""holidays_prior_scale"": 0.1, ""trend_phi"": null}","{""fillna"": ""rolling_mean"", ""transformations"": {""0"": ""StandardScaler"", ""1"": ""bkfilter"", ""2"": ""STLFilter"", ""3"": ""MaxAbsScaler""}, ""transformation_params"": {""0"": {}, ""1"": {}, ""2"": {""decomp_type"": ""STL"", ""part"": ""trend"", ""seasonal"": 7}, ""3"": {}}}",0,1,8.408748771057963,0.5459048176422584,0.6928618373369108,0.4776507124649462,0.5459048176422584,0.0,-16.300095954750475,0.4304489660711682,49.20848216232054,0.5186918904055674,0.23246049985089723,0.6083333333333333,0.5083333333333333,2.1899109784751047,0.9833333333333333,1.2196724226455686,0.4005093370136949,2.0212571682343996,0.8088472303364861,0.005235922600210741,32.908386207570075,11.655687841045939,29.7278939261905,0.04200086648850738,8.408748771057963,0.5459048176422584,0.6928618373369108,0.4776507124649462,0.5459048176422584,0.0,0.4304489660711682,0.5186918904055674,0.23246049985089723,2.1899109784751047,0.9833333333333333,1.2196724226455686,0.4005093370136949,2.0212571682343996,0.8088472303364861,0.005235922600210741,32.908386207570075,11.655687841045939,29.7278939261905,0.04200086648850738,0.6083333333333333,0.5083333333333333,0.8919,13.661378674470983,7.754219122014665,Wh,7.754219122014665,Wh
373,e9b818319e08f11624e88136efb9cbcd,Ensemble,"{""model_name"": ""BestN"", ""model_count"": 5, ""model_metric"": ""mixed_metric"", ""models"": {""ca2e0fcc7b23d74ee347d493f6ff4379"": {""Model"": ""ARIMA"", ""ModelParameters"": ""{\""p\"": 0, \""d\"": 2, \""q\"": 2, \""regression_type\"": null}"", ""TransformationParameters"": ""{\""fillna\"": \""cubic\"", \""transformations\"": {\""0\"": \""AlignLastValue\"", \""1\"": \""AlignLastValue\""}, \""transformation_params\"": {\""0\"": {\""rows\"": 84, \""lag\"": 1, \""method\"": \""additive\"", \""strength\"": 0.5, \""first_value_only\"": false, \""threshold\"": 10, \""threshold_method\"": \""max\"", \""mean_type\"": \""arithmetic\""}, \""1\"": {\""rows\"": 1, \""lag\"": 7, \""method\"": \""additive\"", \""strength\"": 1.0, \""first_value_only\"": false, \""threshold\"": 10, \""threshold_method\"": \""mean\"", \""mean_type\"": \""arithmetic\""}}}""}, ""216178f098ef6698659d5bd14449f8af"": {""Model"": ""ARIMA"", ""ModelParameters"": ""{\""p\"": 4, \""d\"": 2, \""q\"": 4, \""regression_type\"": null}"", ""TransformationParameters"": ""{\""fillna\"": \""cubic\"", \""transformations\"": {\""0\"": \""bkfilter\"", \""1\"": \""AlignLastValue\""}, \""transformation_params\"": {\""0\"": {}, \""1\"": {\""rows\"": 1, \""lag\"": 7, \""method\"": \""additive\"", \""strength\"": 1.0, \""first_value_only\"": false, \""threshold\"": 10, \""threshold_method\"": \""mean\"", \""mean_type\"": \""arithmetic\""}}}""}, ""5c9aafe0ed22a0009a0c5786b4223a8f"": {""Model"": ""FBProphet"", ""ModelParameters"": ""{\""holiday\"": false, \""regression_type\"": null, \""growth\"": \""linear\"", \""seasonality_mode\"": \""additive\"", \""changepoint_prior_scale\"": 0.05, \""n_changepoints\"": 25, \""changepoint_range\"": 0.8, \""changepoint_spacing\"": null, \""changepoint_distance_end\"": null, \""seasonality_prior_scale\"": 10.0, \""yearly_seasonality_prior_scale\"": null, \""yearly_seasonality_order\"": null, \""weekly_seasonality_prior_scale\"": 0.0001, \""holidays_prior_scale\"": 10.0, \""trend_phi\"": null}"", ""TransformationParameters"": ""{\""fillna\"": \""mean\"", \""transformations\"": {\""0\"": \""StandardScaler\"", \""1\"": \""bkfilter\"", \""2\"": \""HPFilter\""}, \""transformation_params\"": {\""0\"": {}, \""1\"": {}, \""2\"": {\""part\"": \""trend\"", \""lamb\"": 6.25}}}""}, ""5bb9f16e5f9c93ddad63947a240ff284"": {""Model"": ""FBProphet"", ""ModelParameters"": ""{\""holiday\"": false, \""regression_type\"": null, \""growth\"": \""linear\"", \""seasonality_mode\"": \""additive\"", \""changepoint_prior_scale\"": 0.05, \""n_changepoints\"": 25, \""changepoint_range\"": 360, \""changepoint_spacing\"": null, \""changepoint_distance_end\"": null, \""seasonality_prior_scale\"": 10.0, \""yearly_seasonality_prior_scale\"": null, \""yearly_seasonality_order\"": null, \""weekly_seasonality_prior_scale\"": null, \""holidays_prior_scale\"": 10.0, \""trend_phi\"": null}"", ""TransformationParameters"": ""{\""fillna\"": \""rolling_mean\"", \""transformations\"": {\""0\"": \""StandardScaler\"", \""1\"": \""bkfilter\"", \""2\"": \""HPFilter\""}, \""transformation_params\"": {\""0\"": {}, \""1\"": {}, \""2\"": {\""part\"": \""trend\"", \""lamb\"": 6.25}}}""}, ""90456766456292561f52d10770c88398"": {""Model"": ""FBProphet"", ""ModelParameters"": ""{\""holiday\"": false, \""regression_type\"": null, \""growth\"": \""linear\"", \""seasonality_mode\"": \""multiplicative\"", \""changepoint_prior_scale\"": 0.05, \""n_changepoints\"": 25, \""changepoint_range\"": 0.8, \""changepoint_spacing\"": null, \""changepoint_distance_end\"": null, \""seasonality_prior_scale\"": 10.0, \""yearly_seasonality_prior_scale\"": null, \""yearly_seasonality_order\"": null, \""weekly_seasonality_prior_scale\"": null, \""holidays_prior_scale\"": 0.1, \""trend_phi\"": null}"", ""TransformationParameters"": ""{\""fillna\"": \""linear\"", \""transformations\"": {\""0\"": \""UpscaleDownscaleTransformer\"", \""1\"": \""AlignLastValue\"", \""2\"": \""HPFilter\"", \""3\"": \""Discretize\"", \""4\"": \""ClipOutliers\"", \""5\"": \""Slice\""}, \""transformation_params\"": {\""0\"": {\""mode\"": \""downscale\"", \""factor\"": 1, \""down_method\"": \""decimate\"", \""fill_method\"": \""pchip\""}, \""1\"": {\""rows\"": 1, \""lag\"": 1, \""method\"": \""additive\"", \""strength\"": 1.0, \""first_value_only\"": false, \""threshold\"": null, \""threshold_method\"": \""max\"", \""mean_type\"": \""arithmetic\""}, \""2\"": {\""part\"": \""trend\"", \""lamb\"": 6.25}, \""3\"": {\""discretization\"": \""center\"", \""n_bins\"": 5}, \""4\"": {\""method\"": \""clip\"", \""std_threshold\"": 5, \""fillna\"": null}, \""5\"": {\""method\"": 0.5}}}""}}, ""point_method"": ""kalman"", ""model_weights"": {}}",{},1,1,8.063435768821195,0.5184435912554012,0.6630289387853872,0.47692713766895406,0.5184435912554012,0.0,-36.248484211730386,0.4566307236468316,25.964746738917746,0.44576620964011837,0.2654039012001374,0.5833333333333334,0.5083333333333333,2.0974167871614613,0.9833333333333333,1.2115330134983182,0.3931409024013287,2.0467611529975573,0.8164566280565552,0.024261597172179725,10.283737472812643,2.866815432276529,29.12643896156196,0.013125100753166257,8.063435768821195,0.5184435912554012,0.6630289387853872,0.47692713766895406,0.5184435912554012,0.0,0.4566307236468316,0.44576620964011837,0.2654039012001374,2.0974167871614613,0.9833333333333333,1.2115330134983182,0.3931409024013287,2.0467611529975573,0.8164566280565552,0.024261597172179725,10.283737472812643,2.866815432276529,29.12643896156196,0.013125100753166257,0.5833333333333334,0.5083333333333333,2.4806,13.657236462916437,7.364150450918075,Wh,7.364150450918075,Wh
374,4517087495ad5d03358e7193a0871153,Ensemble,"{""model_name"": ""BestN"", ""model_count"": 5, ""model_metric"": ""mixed_metric"", ""models"": {""ca2e0fcc7b23d74ee347d493f6ff4379"": {""Model"": ""ARIMA"", ""ModelParameters"": ""{\""p\"": 0, \""d\"": 2, \""q\"": 2, \""regression_type\"": null}"", ""TransformationParameters"": ""{\""fillna\"": \""cubic\"", \""transformations\"": {\""0\"": \""AlignLastValue\"", \""1\"": \""AlignLastValue\""}, \""transformation_params\"": {\""0\"": {\""rows\"": 84, \""lag\"": 1, \""method\"": \""additive\"", \""strength\"": 0.5, \""first_value_only\"": false, \""threshold\"": 10, \""threshold_method\"": \""max\"", \""mean_type\"": \""arithmetic\""}, \""1\"": {\""rows\"": 1, \""lag\"": 7, \""method\"": \""additive\"", \""strength\"": 1.0, \""first_value_only\"": false, \""threshold\"": 10, \""threshold_method\"": \""mean\"", \""mean_type\"": \""arithmetic\""}}}""}, ""216178f098ef6698659d5bd14449f8af"": {""Model"": ""ARIMA"", ""ModelParameters"": ""{\""p\"": 4, \""d\"": 2, \""q\"": 4, \""regression_type\"": null}"", ""TransformationParameters"": ""{\""fillna\"": \""cubic\"", \""transformations\"": {\""0\"": \""bkfilter\"", \""1\"": \""AlignLastValue\""}, \""transformation_params\"": {\""0\"": {}, \""1\"": {\""rows\"": 1, \""lag\"": 7, \""method\"": \""additive\"", \""strength\"": 1.0, \""first_value_only\"": false, \""threshold\"": 10, \""threshold_method\"": \""mean\"", \""mean_type\"": \""arithmetic\""}}}""}, ""5c9aafe0ed22a0009a0c5786b4223a8f"": {""Model"": ""FBProphet"", ""ModelParameters"": ""{\""holiday\"": false, \""regression_type\"": null, \""growth\"": \""linear\"", \""seasonality_mode\"": \""additive\"", \""changepoint_prior_scale\"": 0.05, \""n_changepoints\"": 25, \""changepoint_range\"": 0.8, \""changepoint_spacing\"": null, \""changepoint_distance_end\"": null, \""seasonality_prior_scale\"": 10.0, \""yearly_seasonality_prior_scale\"": null, \""yearly_seasonality_order\"": null, \""weekly_seasonality_prior_scale\"": 0.0001, \""holidays_prior_scale\"": 10.0, \""trend_phi\"": null}"", ""TransformationParameters"": ""{\""fillna\"": \""mean\"", \""transformations\"": {\""0\"": \""StandardScaler\"", \""1\"": \""bkfilter\"", \""2\"": \""HPFilter\""}, \""transformation_params\"": {\""0\"": {}, \""1\"": {}, \""2\"": {\""part\"": \""trend\"", \""lamb\"": 6.25}}}""}, ""5bb9f16e5f9c93ddad63947a240ff284"": {""Model"": ""FBProphet"", ""ModelParameters"": ""{\""holiday\"": false, \""regression_type\"": null, \""growth\"": \""linear\"", \""seasonality_mode\"": \""additive\"", \""changepoint_prior_scale\"": 0.05, \""n_changepoints\"": 25, \""changepoint_range\"": 360, \""changepoint_spacing\"": null, \""changepoint_distance_end\"": null, \""seasonality_prior_scale\"": 10.0, \""yearly_seasonality_prior_scale\"": null, \""yearly_seasonality_order\"": null, \""weekly_seasonality_prior_scale\"": null, \""holidays_prior_scale\"": 10.0, \""trend_phi\"": null}"", ""TransformationParameters"": ""{\""fillna\"": \""rolling_mean\"", \""transformations\"": {\""0\"": \""StandardScaler\"", \""1\"": \""bkfilter\"", \""2\"": \""HPFilter\""}, \""transformation_params\"": {\""0\"": {}, \""1\"": {}, \""2\"": {\""part\"": \""trend\"", \""lamb\"": 6.25}}}""}, ""90456766456292561f52d10770c88398"": {""Model"": ""FBProphet"", ""ModelParameters"": ""{\""holiday\"": false, \""regression_type\"": null, \""growth\"": \""linear\"", \""seasonality_mode\"": \""multiplicative\"", \""changepoint_prior_scale\"": 0.05, \""n_changepoints\"": 25, \""changepoint_range\"": 0.8, \""changepoint_spacing\"": null, \""changepoint_distance_end\"": null, \""seasonality_prior_scale\"": 10.0, \""yearly_seasonality_prior_scale\"": null, \""yearly_seasonality_order\"": null, \""weekly_seasonality_prior_scale\"": null, \""holidays_prior_scale\"": 0.1, \""trend_phi\"": null}"", ""TransformationParameters"": ""{\""fillna\"": \""linear\"", \""transformations\"": {\""0\"": \""UpscaleDownscaleTransformer\"", \""1\"": \""AlignLastValue\"", \""2\"": \""HPFilter\"", \""3\"": \""Discretize\"", \""4\"": \""ClipOutliers\"", \""5\"": \""Slice\""}, \""transformation_params\"": {\""0\"": {\""mode\"": \""downscale\"", \""factor\"": 1, \""down_method\"": \""decimate\"", \""fill_method\"": \""pchip\""}, \""1\"": {\""rows\"": 1, \""lag\"": 1, \""method\"": \""additive\"", \""strength\"": 1.0, \""first_value_only\"": false, \""threshold\"": null, \""threshold_method\"": \""max\"", \""mean_type\"": \""arithmetic\""}, \""2\"": {\""part\"": \""trend\"", \""lamb\"": 6.25}, \""3\"": {\""discretization\"": \""center\"", \""n_bins\"": 5}, \""4\"": {\""method\"": \""clip\"", \""std_threshold\"": 5, \""fillna\"": null}, \""5\"": {\""method\"": 0.5}}}""}}, ""point_method"": ""kalman"", ""model_weights"": {}}","{""fillna"": ""fake_date"", ""transformations"": {""0"": ""AlignLastValue"", ""1"": ""AlignLastValue""}, ""transformation_params"": {""0"": {""rows"": 1, ""lag"": 1, ""method"": ""multiplicative"", ""strength"": 1.0, ""first_value_only"": false, ""threshold"": null, ""threshold_method"": ""mean""}, ""1"": {""rows"": 1, ""lag"": 1, ""method"": ""multiplicative"", ""strength"": 1.0, ""first_value_only"": true, ""threshold"": 10, ""threshold_method"": ""max""}}}",1,1,8.018741768383313,0.5149570988256075,0.6618303028919774,0.47183740436436655,0.5149570988256075,0.0,-35.81155520102673,0.4531428149566568,25.983296658046164,0.44289989059256085,0.2642497287261078,0.5916666666666667,0.5083333333333333,2.0974167871614613,0.975,1.2131985872764603,0.3890391466015714,2.0432746605677634,0.6197586796773082,0.029557138043072244,9.828258542980564,3.049650550297346,29.123440012795307,0.012543774473611269,8.018741768383313,0.5149570988256075,0.6618303028919774,0.47183740436436655,0.5149570988256075,0.0,0.4531428149566568,0.44289989059256085,0.2642497287261078,2.0974167871614613,0.975,1.2131985872764603,0.3890391466015714,2.0432746605677634,0.6197586796773082,0.029557138043072244,9.828258542980564,3.049650550297346,29.123440012795307,0.012543774473611269,0.5916666666666667,0.5083333333333333,2.4887,13.59207263124506,7.314627117556356,Wh,7.314627117556356,Wh
375,ff02aa6afd480042f736d1d27caa6fff,Ensemble,"{""model_name"": ""BestN"", ""model_count"": 3, ""model_metric"": ""bestn_horizontal"", ""models"": {""5bb9f16e5f9c93ddad63947a240ff284"": {""Model"": ""FBProphet"", ""ModelParameters"": ""{\""holiday\"": false, \""regression_type\"": null, \""growth\"": \""linear\"", \""seasonality_mode\"": \""additive\"", \""changepoint_prior_scale\"": 0.05, \""n_changepoints\"": 25, \""changepoint_range\"": 360, \""changepoint_spacing\"": null, \""changepoint_distance_end\"": null, \""seasonality_prior_scale\"": 10.0, \""yearly_seasonality_prior_scale\"": null, \""yearly_seasonality_order\"": null, \""weekly_seasonality_prior_scale\"": null, \""holidays_prior_scale\"": 10.0, \""trend_phi\"": null}"", ""TransformationParameters"": ""{\""fillna\"": \""rolling_mean\"", \""transformations\"": {\""0\"": \""StandardScaler\"", \""1\"": \""bkfilter\"", \""2\"": \""HPFilter\""}, \""transformation_params\"": {\""0\"": {}, \""1\"": {}, \""2\"": {\""part\"": \""trend\"", \""lamb\"": 6.25}}}""}, ""290072eada53189c757f67ac7b1cfea9"": {""Model"": ""ARIMA"", ""ModelParameters"": ""{\""p\"": 0, \""d\"": 0, \""q\"": 2, \""regression_type\"": \""Holiday\""}"", ""TransformationParameters"": ""{\""fillna\"": \""mean\"", \""transformations\"": {\""0\"": \""AnomalyRemoval\"", \""1\"": \""ChangepointDetrend\"", \""2\"": \""ClipOutliers\""}, \""transformation_params\"": {\""0\"": {\""method\"": \""zscore\"", \""method_params\"": {\""distribution\"": \""chi2\"", \""alpha\"": 0.05}, \""fillna\"": \""ffill\"", \""transform_dict\"": null, \""isolated_only\"": false, \""on_inverse\"": false}, \""1\"": {\""model\"": \""ElasticNet\"", \""changepoint_spacing\"": 90, \""changepoint_distance_end\"": 180, \""datepart_method\"": null}, \""2\"": {\""method\"": \""clip\"", \""std_threshold\"": 2, \""fillna\"": null}}}""}, ""391cc75f9a7d750778405fc3cfcecb92"": {""Model"": ""RollingRegression"", ""ModelParameters"": ""{\""regression_model\"": {\""model\"": \""DecisionTree\"", \""model_params\"": {\""max_depth\"": null, \""min_samples_split\"": 0.05}}, \""holiday\"": false, \""mean_rolling_periods\"": null, \""macd_periods\"": null, \""std_rolling_periods\"": null, \""max_rolling_periods\"": 420, \""min_rolling_periods\"": 168, \""ewm_var_alpha\"": null, \""quantile90_rolling_periods\"": null, \""quantile10_rolling_periods\"": null, \""ewm_alpha\"": null, \""additional_lag_periods\"": 6, \""abs_energy\"": false, \""rolling_autocorr_periods\"": null, \""nonzero_last_n\"": null, \""add_date_part\"": \""expanded\"", \""polynomial_degree\"": null, \""x_transform\"": null, \""regression_type\"": null}"", ""TransformationParameters"": ""{\""fillna\"": \""mean\"", \""transformations\"": {\""0\"": \""STLFilter\"", \""1\"": \""RobustScaler\"", \""2\"": \""MaxAbsScaler\"", \""3\"": \""SeasonalDifference\"", \""4\"": \""AlignLastValue\""}, \""transformation_params\"": {\""0\"": {\""decomp_type\"": \""seasonal_decompose\"", \""part\"": \""trend\""}, \""1\"": {}, \""2\"": {}, \""3\"": {\""lag_1\"": 7, \""method\"": \""LastValue\""}, \""4\"": {\""rows\"": 1, \""lag\"": 2, \""method\"": \""additive\"", \""strength\"": 0.7, \""first_value_only\"": false, \""threshold\"": null, \""threshold_method\"": \""mean\"", \""mean_type\"": \""arithmetic\""}}}""}}, ""model_weights"": {""5bb9f16e5f9c93ddad63947a240ff284"": 4.0, ""290072eada53189c757f67ac7b1cfea9"": 3.0, ""391cc75f9a7d750778405fc3cfcecb92"": 2.0}, ""point_method"": ""mean""}",{},1,1,8.489543648636944,0.5512926250713943,0.6964347791846879,0.4809080035210917,0.5512926250713943,0.0,-18.386767471116343,0.4402019700324574,47.76834753745098,0.5172938360441919,0.2218635404374017,0.8583333333333333,0.4666666666666667,2.1533717459947965,0.9833333333333333,1.222517593288282,0.4087990805786388,2.04491664918963,0.9880472696574659,0.06111064534527433,29.381580066334635,8.196169911307484,28.129117757671775,0.03749961525927503,8.489543648636944,0.5512926250713943,0.6964347791846879,0.4809080035210917,0.5512926250713943,0.0,0.4402019700324574,0.5172938360441919,0.2218635404374017,2.1533717459947965,0.9833333333333333,1.222517593288282,0.4087990805786388,2.04491664918963,0.9880472696574659,0.06111064534527433,29.381580066334635,8.196169911307484,28.129117757671775,0.03749961525927503,0.8583333333333333,0.4666666666666667,3.3078,13.587860448247799,7.830749385244759,Wh,7.830749385244759,Wh
376,3ba6977425772a20c27db1317ce02b1c,FBProphet,"{""holiday"": false, ""regression_type"": null, ""growth"": ""linear"", ""seasonality_mode"": ""multiplicative"", ""changepoint_prior_scale"": 0.05, ""n_changepoints"": 25, ""changepoint_range"": 360, ""changepoint_spacing"": null, ""changepoint_distance_end"": null, ""seasonality_prior_scale"": 10.0, ""yearly_seasonality_prior_scale"": null, ""yearly_seasonality_order"": null, ""weekly_seasonality_prior_scale"": null, ""holidays_prior_scale"": 20, ""trend_phi"": null}","{""fillna"": ""rolling_mean"", ""transformations"": {""0"": ""StandardScaler"", ""1"": ""bkfilter"", ""2"": ""HPFilter""}, ""transformation_params"": {""0"": {}, ""1"": {}, ""2"": {""part"": ""trend"", ""lamb"": 6.25}}}",0,1,8.441446324544652,0.5488820841071499,0.7026108322424702,0.5225883548352102,0.5488820841071499,0.0,-21.110181386954743,0.4410022901921509,44.75566870590323,0.5102790415428108,0.22238526481156717,0.7,0.5083333333333333,2.1220745126569964,0.9833333333333333,1.221916534129154,0.40779698300850753,2.0770985775896653,0.9684338416111493,0.2415805256098937,23.64548731894849,8.33609217833749,22.67630252847389,0.03017865870646659,8.441446324544652,0.5488820841071499,0.7026108322424702,0.5225883548352102,0.5488820841071499,0.0,0.4410022901921509,0.5102790415428108,0.22238526481156717,2.1220745126569964,0.9833333333333333,1.221916534129154,0.40779698300850753,2.0770985775896653,0.9684338416111493,0.2415805256098937,23.64548731894849,8.33609217833749,22.67630252847389,0.03017865870646659,0.7,0.5083333333333333,0.5207,13.57614763101743,7.796509235249246,Wh,7.796509235249246,Wh
377,5346ed3267081d63ed44b5a080d7fee7,Ensemble,"{""model_name"": ""BestN"", ""model_count"": 5, ""model_metric"": ""mixed_metric"", ""models"": {""ca2e0fcc7b23d74ee347d493f6ff4379"": {""Model"": ""ARIMA"", ""ModelParameters"": ""{\""p\"": 0, \""d\"": 2, \""q\"": 2, \""regression_type\"": null}"", ""TransformationParameters"": ""{\""fillna\"": \""cubic\"", \""transformations\"": {\""0\"": \""AlignLastValue\"", \""1\"": \""AlignLastValue\""}, \""transformation_params\"": {\""0\"": {\""rows\"": 84, \""lag\"": 1, \""method\"": \""additive\"", \""strength\"": 0.5, \""first_value_only\"": false, \""threshold\"": 10, \""threshold_method\"": \""max\"", \""mean_type\"": \""arithmetic\""}, \""1\"": {\""rows\"": 1, \""lag\"": 7, \""method\"": \""additive\"", \""strength\"": 1.0, \""first_value_only\"": false, \""threshold\"": 10, \""threshold_method\"": \""mean\"", \""mean_type\"": \""arithmetic\""}}}""}, ""216178f098ef6698659d5bd14449f8af"": {""Model"": ""ARIMA"", ""ModelParameters"": ""{\""p\"": 4, \""d\"": 2, \""q\"": 4, \""regression_type\"": null}"", ""TransformationParameters"": ""{\""fillna\"": \""cubic\"", \""transformations\"": {\""0\"": \""bkfilter\"", \""1\"": \""AlignLastValue\""}, \""transformation_params\"": {\""0\"": {}, \""1\"": {\""rows\"": 1, \""lag\"": 7, \""method\"": \""additive\"", \""strength\"": 1.0, \""first_value_only\"": false, \""threshold\"": 10, \""threshold_method\"": \""mean\"", \""mean_type\"": \""arithmetic\""}}}""}, ""5c9aafe0ed22a0009a0c5786b4223a8f"": {""Model"": ""FBProphet"", ""ModelParameters"": ""{\""holiday\"": false, \""regression_type\"": null, \""growth\"": \""linear\"", \""seasonality_mode\"": \""additive\"", \""changepoint_prior_scale\"": 0.05, \""n_changepoints\"": 25, \""changepoint_range\"": 0.8, \""changepoint_spacing\"": null, \""changepoint_distance_end\"": null, \""seasonality_prior_scale\"": 10.0, \""yearly_seasonality_prior_scale\"": null, \""yearly_seasonality_order\"": null, \""weekly_seasonality_prior_scale\"": 0.0001, \""holidays_prior_scale\"": 10.0, \""trend_phi\"": null}"", ""TransformationParameters"": ""{\""fillna\"": \""mean\"", \""transformations\"": {\""0\"": \""StandardScaler\"", \""1\"": \""bkfilter\"", \""2\"": \""HPFilter\""}, \""transformation_params\"": {\""0\"": {}, \""1\"": {}, \""2\"": {\""part\"": \""trend\"", \""lamb\"": 6.25}}}""}, ""5bb9f16e5f9c93ddad63947a240ff284"": {""Model"": ""FBProphet"", ""ModelParameters"": ""{\""holiday\"": false, \""regression_type\"": null, \""growth\"": \""linear\"", \""seasonality_mode\"": \""additive\"", \""changepoint_prior_scale\"": 0.05, \""n_changepoints\"": 25, \""changepoint_range\"": 360, \""changepoint_spacing\"": null, \""changepoint_distance_end\"": null, \""seasonality_prior_scale\"": 10.0, \""yearly_seasonality_prior_scale\"": null, \""yearly_seasonality_order\"": null, \""weekly_seasonality_prior_scale\"": null, \""holidays_prior_scale\"": 10.0, \""trend_phi\"": null}"", ""TransformationParameters"": ""{\""fillna\"": \""rolling_mean\"", \""transformations\"": {\""0\"": \""StandardScaler\"", \""1\"": \""bkfilter\"", \""2\"": \""HPFilter\""}, \""transformation_params\"": {\""0\"": {}, \""1\"": {}, \""2\"": {\""part\"": \""trend\"", \""lamb\"": 6.25}}}""}, ""90456766456292561f52d10770c88398"": {""Model"": ""FBProphet"", ""ModelParameters"": ""{\""holiday\"": false, \""regression_type\"": null, \""growth\"": \""linear\"", \""seasonality_mode\"": \""multiplicative\"", \""changepoint_prior_scale\"": 0.05, \""n_changepoints\"": 25, \""changepoint_range\"": 0.8, \""changepoint_spacing\"": null, \""changepoint_distance_end\"": null, \""seasonality_prior_scale\"": 10.0, \""yearly_seasonality_prior_scale\"": null, \""yearly_seasonality_order\"": null, \""weekly_seasonality_prior_scale\"": null, \""holidays_prior_scale\"": 0.1, \""trend_phi\"": null}"", ""TransformationParameters"": ""{\""fillna\"": \""linear\"", \""transformations\"": {\""0\"": \""UpscaleDownscaleTransformer\"", \""1\"": \""AlignLastValue\"", \""2\"": \""HPFilter\"", \""3\"": \""Discretize\"", \""4\"": \""ClipOutliers\"", \""5\"": \""Slice\""}, \""transformation_params\"": {\""0\"": {\""mode\"": \""downscale\"", \""factor\"": 1, \""down_method\"": \""decimate\"", \""fill_method\"": \""pchip\""}, \""1\"": {\""rows\"": 1, \""lag\"": 1, \""method\"": \""additive\"", \""strength\"": 1.0, \""first_value_only\"": false, \""threshold\"": null, \""threshold_method\"": \""max\"", \""mean_type\"": \""arithmetic\""}, \""2\"": {\""part\"": \""trend\"", \""lamb\"": 6.25}, \""3\"": {\""discretization\"": \""center\"", \""n_bins\"": 5}, \""4\"": {\""method\"": \""clip\"", \""std_threshold\"": 5, \""fillna\"": null}, \""5\"": {\""method\"": 0.5}}}""}}, ""point_method"": ""kalman"", ""model_weights"": {}}","{""fillna"": ""fake_date"", ""transformations"": {""0"": ""FIRFilter"", ""1"": ""AlignLastValue"", ""2"": ""AlignLastValue""}, ""transformation_params"": {""0"": {""numtaps"": 32, ""cutoff_hz"": 0.1, ""window"": ""triang"", ""sampling_frequency"": 12, ""on_transform"": false, ""on_inverse"": true, ""bounds_only"": true}, ""1"": {""rows"": 1, ""lag"": 1, ""method"": ""multiplicative"", ""strength"": 1.0, ""first_value_only"": false, ""threshold"": null, ""threshold_method"": ""mean""}, ""2"": {""rows"": 1, ""lag"": 1, ""method"": ""multiplicative"", ""strength"": 1.0, ""first_value_only"": true, ""threshold"": 10, ""threshold_method"": ""max""}}}",1,1,8.018741768383313,0.5149570988256075,0.6618303028919774,0.47183740436436655,0.5149570988256075,0.0,-35.81155520102673,0.4531428149566568,25.983296658046164,0.44289989059256085,0.26278445698787667,0.6,0.5083333333333333,2.0974167871614613,0.975,1.2131985872764603,0.3890391466015714,2.0432746605677634,0.6197586796773082,0.029557138043072244,9.828258542980564,3.049650550297346,29.123440012795307,0.012543774473611269,8.018741768383313,0.5149570988256075,0.6618303028919774,0.47183740436436655,0.5149570988256075,0.0,0.4531428149566568,0.44289989059256085,0.26278445698787667,2.0974167871614613,0.975,1.2131985872764603,0.3890391466015714,2.0432746605677634,0.6197586796773082,0.029557138043072244,9.828258542980564,3.049650550297346,29.123440012795307,0.012543774473611269,0.6,0.5083333333333333,2.6437,13.571132872986071,7.314627117556356,Wh,7.314627117556356,Wh
378,feb861d3a54ccf0993bc861d5f6c026a,FBProphet,"{""holiday"": false, ""regression_type"": null, ""growth"": ""linear"", ""seasonality_mode"": ""multiplicative"", ""changepoint_prior_scale"": 0.05, ""n_changepoints"": 25, ""changepoint_range"": 0.8, ""changepoint_spacing"": null, ""changepoint_distance_end"": null, ""seasonality_prior_scale"": 10.0, ""yearly_seasonality_prior_scale"": null, ""yearly_seasonality_order"": null, ""weekly_seasonality_prior_scale"": null, ""holidays_prior_scale"": 10.0, ""trend_phi"": null}","{""fillna"": ""rolling_mean"", ""transformations"": {""0"": ""StandardScaler"", ""1"": ""bkfilter"", ""2"": ""HPFilter""}, ""transformation_params"": {""0"": {}, ""1"": {}, ""2"": {""part"": ""trend"", ""lamb"": 6.25}}}",0,1,8.430131684692746,0.5481568877883907,0.7020346349433954,0.5226749473203699,0.5481568877883907,0.0,-21.231078815291966,0.44078465361923286,44.54774771931491,0.5092498303619427,0.22277915404709037,0.6833333333333333,0.5083333333333333,2.1221221173838316,0.9833333333333333,1.2217056143369576,0.4072027244749577,2.0733383609959812,0.9715855625713363,0.24232331266495907,23.316668904022944,8.205709478155763,22.71436674847093,0.029758988830917557,8.430131684692746,0.5481568877883907,0.7020346349433954,0.5226749473203699,0.5481568877883907,0.0,0.44078465361923286,0.5092498303619427,0.22277915404709037,2.1221221173838316,0.9833333333333333,1.2217056143369576,0.4072027244749577,2.0733383609959812,0.9715855625713363,0.24232331266495907,23.316668904022944,8.205709478155763,22.71436674847093,0.029758988830917557,0.6833333333333333,0.5083333333333333,0.784,13.568777841207943,7.786208298198674,Wh,7.786208298198674,Wh
379,eccdcc55143d5980bd71c1de42c373fd,FBProphet,"{""holiday"": false, ""regression_type"": null, ""growth"": ""linear"", ""seasonality_mode"": ""multiplicative"", ""changepoint_prior_scale"": 0.01, ""n_changepoints"": 25, ""changepoint_range"": 0.85, ""changepoint_spacing"": 60, ""changepoint_distance_end"": null, ""seasonality_prior_scale"": 15, ""yearly_seasonality_prior_scale"": null, ""yearly_seasonality_order"": null, ""weekly_seasonality_prior_scale"": 0.0001, ""holidays_prior_scale"": 0.1, ""trend_phi"": null}","{""fillna"": ""mean"", ""transformations"": {""0"": ""StandardScaler"", ""1"": ""bkfilter"", ""2"": ""HPFilter""}, ""transformation_params"": {""0"": {}, ""1"": {}, ""2"": {""part"": ""trend"", ""lamb"": 6.25}}}",0,1,8.490694824614183,0.5514062105431912,0.7010600056904561,0.4774510912262054,0.5514062105431912,0.0,-15.355115987176259,0.43119420278091336,50.81362927800667,0.5262024990974317,0.21725262067290835,0.7333333333333333,0.5083333333333333,2.2098649098015635,0.9833333333333333,1.2214126166587655,0.4041830651265954,2.0454169851975172,0.7830258563164484,0.005001185981136949,35.45851329083041,12.872425126035356,29.74537318090052,0.04525558540657166,8.490694824614183,0.5514062105431912,0.7010600056904561,0.4774510912262054,0.5514062105431912,0.0,0.43119420278091336,0.5262024990974317,0.21725262067290835,2.2098649098015635,0.9833333333333333,1.2214126166587655,0.4041830651265954,2.0454169851975172,0.7830258563164484,0.005001185981136949,35.45851329083041,12.872425126035356,29.74537318090052,0.04525558540657166,0.7333333333333333,0.5083333333333333,0.6323,13.552966248087978,7.832362792214117,Wh,7.832362792214117,Wh
380,f68c70d52cb410a9178d080b903fbfab,FBProphet,"{""holiday"": false, ""regression_type"": null, ""growth"": ""linear"", ""seasonality_mode"": ""multiplicative"", ""changepoint_prior_scale"": 0.05, ""n_changepoints"": 25, ""changepoint_range"": 0.8, ""changepoint_spacing"": null, ""changepoint_distance_end"": null, ""seasonality_prior_scale"": 10.0, ""yearly_seasonality_prior_scale"": null, ""yearly_seasonality_order"": null, ""weekly_seasonality_prior_scale"": null, ""holidays_prior_scale"": 10.0, ""trend_phi"": null}","{""fillna"": ""mean"", ""transformations"": {""0"": ""StandardScaler"", ""1"": ""bkfilter"", ""2"": ""HPFilter""}, ""transformation_params"": {""0"": {}, ""1"": {}, ""2"": {""part"": ""trend"", ""lamb"": 6.25}}}",0,1,8.430131684692746,0.5481568877883907,0.7020346349433954,0.5226749473203699,0.5481568877883907,0.0,-21.231078815291966,0.44078465361923286,44.54774771931491,0.5092498303619427,0.22040123275262366,0.6833333333333333,0.5083333333333333,2.1221221173838316,0.9833333333333333,1.2217056143369576,0.4072027244749577,2.0733383609959812,0.9715855625713363,0.24232331266495907,23.316668904022944,8.205709478155763,22.71436674847093,0.029758988830917557,8.430131684692746,0.5481568877883907,0.7020346349433954,0.5226749473203699,0.5481568877883907,0.0,0.44078465361923286,0.5092498303619427,0.22040123275262366,2.1221221173838316,0.9833333333333333,1.2217056143369576,0.4072027244749577,2.0733383609959812,0.9715855625713363,0.24232331266495907,23.316668904022944,8.205709478155763,22.71436674847093,0.029758988830917557,0.6833333333333333,0.5083333333333333,0.8578,13.534795682291028,7.786208298198674,Wh,7.786208298198674,Wh
381,af359ddeca284542a6136aa8d2e06b92,Ensemble,"{""model_name"": ""BestN"", ""model_count"": 3, ""model_metric"": ""bestn_horizontal"", ""models"": {""5bb9f16e5f9c93ddad63947a240ff284"": {""Model"": ""FBProphet"", ""ModelParameters"": ""{\""holiday\"": false, \""regression_type\"": null, \""growth\"": \""linear\"", \""seasonality_mode\"": \""additive\"", \""changepoint_prior_scale\"": 0.05, \""n_changepoints\"": 25, \""changepoint_range\"": 360, \""changepoint_spacing\"": null, \""changepoint_distance_end\"": null, \""seasonality_prior_scale\"": 10.0, \""yearly_seasonality_prior_scale\"": null, \""yearly_seasonality_order\"": null, \""weekly_seasonality_prior_scale\"": null, \""holidays_prior_scale\"": 10.0, \""trend_phi\"": null}"", ""TransformationParameters"": ""{\""fillna\"": \""rolling_mean\"", \""transformations\"": {\""0\"": \""StandardScaler\"", \""1\"": \""bkfilter\"", \""2\"": \""HPFilter\""}, \""transformation_params\"": {\""0\"": {}, \""1\"": {}, \""2\"": {\""part\"": \""trend\"", \""lamb\"": 6.25}}}""}, ""290072eada53189c757f67ac7b1cfea9"": {""Model"": ""ARIMA"", ""ModelParameters"": ""{\""p\"": 0, \""d\"": 0, \""q\"": 2, \""regression_type\"": \""Holiday\""}"", ""TransformationParameters"": ""{\""fillna\"": \""mean\"", \""transformations\"": {\""0\"": \""AnomalyRemoval\"", \""1\"": \""ChangepointDetrend\"", \""2\"": \""ClipOutliers\""}, \""transformation_params\"": {\""0\"": {\""method\"": \""zscore\"", \""method_params\"": {\""distribution\"": \""chi2\"", \""alpha\"": 0.05}, \""fillna\"": \""ffill\"", \""transform_dict\"": null, \""isolated_only\"": false, \""on_inverse\"": false}, \""1\"": {\""model\"": \""ElasticNet\"", \""changepoint_spacing\"": 90, \""changepoint_distance_end\"": 180, \""datepart_method\"": null}, \""2\"": {\""method\"": \""clip\"", \""std_threshold\"": 2, \""fillna\"": null}}}""}, ""391cc75f9a7d750778405fc3cfcecb92"": {""Model"": ""RollingRegression"", ""ModelParameters"": ""{\""regression_model\"": {\""model\"": \""DecisionTree\"", \""model_params\"": {\""max_depth\"": null, \""min_samples_split\"": 0.05}}, \""holiday\"": false, \""mean_rolling_periods\"": null, \""macd_periods\"": null, \""std_rolling_periods\"": null, \""max_rolling_periods\"": 420, \""min_rolling_periods\"": 168, \""ewm_var_alpha\"": null, \""quantile90_rolling_periods\"": null, \""quantile10_rolling_periods\"": null, \""ewm_alpha\"": null, \""additional_lag_periods\"": 6, \""abs_energy\"": false, \""rolling_autocorr_periods\"": null, \""nonzero_last_n\"": null, \""add_date_part\"": \""expanded\"", \""polynomial_degree\"": null, \""x_transform\"": null, \""regression_type\"": null}"", ""TransformationParameters"": ""{\""fillna\"": \""mean\"", \""transformations\"": {\""0\"": \""STLFilter\"", \""1\"": \""RobustScaler\"", \""2\"": \""MaxAbsScaler\"", \""3\"": \""SeasonalDifference\"", \""4\"": \""AlignLastValue\""}, \""transformation_params\"": {\""0\"": {\""decomp_type\"": \""seasonal_decompose\"", \""part\"": \""trend\""}, \""1\"": {}, \""2\"": {}, \""3\"": {\""lag_1\"": 7, \""method\"": \""LastValue\""}, \""4\"": {\""rows\"": 1, \""lag\"": 2, \""method\"": \""additive\"", \""strength\"": 0.7, \""first_value_only\"": false, \""threshold\"": null, \""threshold_method\"": \""mean\"", \""mean_type\"": \""arithmetic\""}}}""}}, ""model_weights"": {""5bb9f16e5f9c93ddad63947a240ff284"": 4.0, ""290072eada53189c757f67ac7b1cfea9"": 3.0, ""391cc75f9a7d750778405fc3cfcecb92"": 2.0}, ""point_method"": ""mean""}","{""fillna"": ""fake_date"", ""transformations"": {""0"": ""FIRFilter"", ""1"": ""AlignLastValue"", ""2"": ""AlignLastValue""}, ""transformation_params"": {""0"": {""numtaps"": 32, ""cutoff_hz"": 0.1, ""window"": ""triang"", ""sampling_frequency"": 12, ""on_transform"": false, ""on_inverse"": true, ""bounds_only"": true}, ""1"": {""rows"": 1, ""lag"": 1, ""method"": ""multiplicative"", ""strength"": 1.0, ""first_value_only"": false, ""threshold"": null, ""threshold_method"": ""mean""}, ""2"": {""rows"": 1, ""lag"": 1, ""method"": ""multiplicative"", ""strength"": 1.0, ""first_value_only"": true, ""threshold"": 10, ""threshold_method"": ""max""}}}",1,1,8.410329700422434,0.545235080246645,0.693104181063952,0.4752074187009154,0.545235080246645,0.0,-17.641312173018008,0.43414300894732705,47.786897456579396,0.5128066233916166,0.224031180314378,0.85,0.4666666666666667,2.1533717459947965,0.975,1.2232646129760363,0.4016725572554043,2.0388591043648807,0.41480821281216274,0.0679698510536796,30.145585283561388,8.728200925930594,28.12390728699188,0.03847471263788433,8.410329700422434,0.545235080246645,0.693104181063952,0.4752074187009154,0.545235080246645,0.0,0.43414300894732705,0.5128066233916166,0.224031180314378,2.1533717459947965,0.975,1.2232646129760363,0.4016725572554043,2.0388591043648807,0.41480821281216274,0.0679698510536796,30.145585283561388,8.728200925930594,28.12390728699188,0.03847471263788433,0.85,0.4666666666666667,3.4869,13.53033642121111,7.744705942515309,Wh,7.744705942515309,Wh
382,b39478c80ab681666713882c92b44510,Ensemble,"{""model_name"": ""BestN"", ""model_count"": 3, ""model_metric"": ""bestn_horizontal"", ""models"": {""5bb9f16e5f9c93ddad63947a240ff284"": {""Model"": ""FBProphet"", ""ModelParameters"": ""{\""holiday\"": false, \""regression_type\"": null, \""growth\"": \""linear\"", \""seasonality_mode\"": \""additive\"", \""changepoint_prior_scale\"": 0.05, \""n_changepoints\"": 25, \""changepoint_range\"": 360, \""changepoint_spacing\"": null, \""changepoint_distance_end\"": null, \""seasonality_prior_scale\"": 10.0, \""yearly_seasonality_prior_scale\"": null, \""yearly_seasonality_order\"": null, \""weekly_seasonality_prior_scale\"": null, \""holidays_prior_scale\"": 10.0, \""trend_phi\"": null}"", ""TransformationParameters"": ""{\""fillna\"": \""rolling_mean\"", \""transformations\"": {\""0\"": \""StandardScaler\"", \""1\"": \""bkfilter\"", \""2\"": \""HPFilter\""}, \""transformation_params\"": {\""0\"": {}, \""1\"": {}, \""2\"": {\""part\"": \""trend\"", \""lamb\"": 6.25}}}""}, ""290072eada53189c757f67ac7b1cfea9"": {""Model"": ""ARIMA"", ""ModelParameters"": ""{\""p\"": 0, \""d\"": 0, \""q\"": 2, \""regression_type\"": \""Holiday\""}"", ""TransformationParameters"": ""{\""fillna\"": \""mean\"", \""transformations\"": {\""0\"": \""AnomalyRemoval\"", \""1\"": \""ChangepointDetrend\"", \""2\"": \""ClipOutliers\""}, \""transformation_params\"": {\""0\"": {\""method\"": \""zscore\"", \""method_params\"": {\""distribution\"": \""chi2\"", \""alpha\"": 0.05}, \""fillna\"": \""ffill\"", \""transform_dict\"": null, \""isolated_only\"": false, \""on_inverse\"": false}, \""1\"": {\""model\"": \""ElasticNet\"", \""changepoint_spacing\"": 90, \""changepoint_distance_end\"": 180, \""datepart_method\"": null}, \""2\"": {\""method\"": \""clip\"", \""std_threshold\"": 2, \""fillna\"": null}}}""}, ""391cc75f9a7d750778405fc3cfcecb92"": {""Model"": ""RollingRegression"", ""ModelParameters"": ""{\""regression_model\"": {\""model\"": \""DecisionTree\"", \""model_params\"": {\""max_depth\"": null, \""min_samples_split\"": 0.05}}, \""holiday\"": false, \""mean_rolling_periods\"": null, \""macd_periods\"": null, \""std_rolling_periods\"": null, \""max_rolling_periods\"": 420, \""min_rolling_periods\"": 168, \""ewm_var_alpha\"": null, \""quantile90_rolling_periods\"": null, \""quantile10_rolling_periods\"": null, \""ewm_alpha\"": null, \""additional_lag_periods\"": 6, \""abs_energy\"": false, \""rolling_autocorr_periods\"": null, \""nonzero_last_n\"": null, \""add_date_part\"": \""expanded\"", \""polynomial_degree\"": null, \""x_transform\"": null, \""regression_type\"": null}"", ""TransformationParameters"": ""{\""fillna\"": \""mean\"", \""transformations\"": {\""0\"": \""STLFilter\"", \""1\"": \""RobustScaler\"", \""2\"": \""MaxAbsScaler\"", \""3\"": \""SeasonalDifference\"", \""4\"": \""AlignLastValue\""}, \""transformation_params\"": {\""0\"": {\""decomp_type\"": \""seasonal_decompose\"", \""part\"": \""trend\""}, \""1\"": {}, \""2\"": {}, \""3\"": {\""lag_1\"": 7, \""method\"": \""LastValue\""}, \""4\"": {\""rows\"": 1, \""lag\"": 2, \""method\"": \""additive\"", \""strength\"": 0.7, \""first_value_only\"": false, \""threshold\"": null, \""threshold_method\"": \""mean\"", \""mean_type\"": \""arithmetic\""}}}""}}, ""model_weights"": {""5bb9f16e5f9c93ddad63947a240ff284"": 4.0, ""290072eada53189c757f67ac7b1cfea9"": 3.0, ""391cc75f9a7d750778405fc3cfcecb92"": 2.0}, ""point_method"": ""mean""}","{""fillna"": ""fake_date"", ""transformations"": {""0"": ""AlignLastValue"", ""1"": ""AlignLastValue""}, ""transformation_params"": {""0"": {""rows"": 1, ""lag"": 1, ""method"": ""multiplicative"", ""strength"": 1.0, ""first_value_only"": false, ""threshold"": null, ""threshold_method"": ""mean""}, ""1"": {""rows"": 1, ""lag"": 1, ""method"": ""multiplicative"", ""strength"": 1.0, ""first_value_only"": true, ""threshold"": 10, ""threshold_method"": ""max""}}}",1,1,8.410329700422434,0.545235080246645,0.693104181063952,0.4752074187009154,0.545235080246645,0.0,-17.641312173018008,0.43414300894732705,47.786897456579396,0.5128066233916166,0.2220153660889802,0.8583333333333333,0.4666666666666667,2.1533717459947965,0.975,1.2232646129760363,0.4016725572554043,2.0388591043648807,0.41480821281216274,0.0679698510536796,30.145585283561388,8.728200925930594,28.12390728699188,0.03847471263788433,8.410329700422434,0.545235080246645,0.693104181063952,0.4752074187009154,0.545235080246645,0.0,0.43414300894732705,0.5128066233916166,0.2220153660889802,2.1533717459947965,0.975,1.2232646129760363,0.4016725572554043,2.0388591043648807,0.41480821281216274,0.0679698510536796,30.145585283561388,8.728200925930594,28.12390728699188,0.03847471263788433,0.8583333333333333,0.4666666666666667,3.3176,13.501529025645143,7.744705942515309,Wh,7.744705942515309,Wh
383,b88a3e722a18c6965fe6ef82ab020fb8,Ensemble,"{""model_name"": ""BestN"", ""model_count"": 5, ""model_metric"": ""bestn_horizontal"", ""models"": {""5bb9f16e5f9c93ddad63947a240ff284"": {""Model"": ""FBProphet"", ""ModelParameters"": ""{\""holiday\"": false, \""regression_type\"": null, \""growth\"": \""linear\"", \""seasonality_mode\"": \""additive\"", \""changepoint_prior_scale\"": 0.05, \""n_changepoints\"": 25, \""changepoint_range\"": 360, \""changepoint_spacing\"": null, \""changepoint_distance_end\"": null, \""seasonality_prior_scale\"": 10.0, \""yearly_seasonality_prior_scale\"": null, \""yearly_seasonality_order\"": null, \""weekly_seasonality_prior_scale\"": null, \""holidays_prior_scale\"": 10.0, \""trend_phi\"": null}"", ""TransformationParameters"": ""{\""fillna\"": \""rolling_mean\"", \""transformations\"": {\""0\"": \""StandardScaler\"", \""1\"": \""bkfilter\"", \""2\"": \""HPFilter\""}, \""transformation_params\"": {\""0\"": {}, \""1\"": {}, \""2\"": {\""part\"": \""trend\"", \""lamb\"": 6.25}}}""}, ""5c9aafe0ed22a0009a0c5786b4223a8f"": {""Model"": ""FBProphet"", ""ModelParameters"": ""{\""holiday\"": false, \""regression_type\"": null, \""growth\"": \""linear\"", \""seasonality_mode\"": \""additive\"", \""changepoint_prior_scale\"": 0.05, \""n_changepoints\"": 25, \""changepoint_range\"": 0.8, \""changepoint_spacing\"": null, \""changepoint_distance_end\"": null, \""seasonality_prior_scale\"": 10.0, \""yearly_seasonality_prior_scale\"": null, \""yearly_seasonality_order\"": null, \""weekly_seasonality_prior_scale\"": 0.0001, \""holidays_prior_scale\"": 10.0, \""trend_phi\"": null}"", ""TransformationParameters"": ""{\""fillna\"": \""mean\"", \""transformations\"": {\""0\"": \""StandardScaler\"", \""1\"": \""bkfilter\"", \""2\"": \""HPFilter\""}, \""transformation_params\"": {\""0\"": {}, \""1\"": {}, \""2\"": {\""part\"": \""trend\"", \""lamb\"": 6.25}}}""}, ""2f39eb773641165ab62d1d03bee46b54"": {""Model"": ""FBProphet"", ""ModelParameters"": ""{\""holiday\"": false, \""regression_type\"": null, \""growth\"": \""linear\"", \""seasonality_mode\"": \""additive\"", \""changepoint_prior_scale\"": 0.05, \""n_changepoints\"": 25, \""changepoint_range\"": 360, \""changepoint_spacing\"": null, \""changepoint_distance_end\"": null, \""seasonality_prior_scale\"": 10.0, \""yearly_seasonality_prior_scale\"": null, \""yearly_seasonality_order\"": null, \""weekly_seasonality_prior_scale\"": null, \""holidays_prior_scale\"": 20, \""trend_phi\"": null}"", ""TransformationParameters"": ""{\""fillna\"": \""rolling_mean\"", \""transformations\"": {\""0\"": \""StandardScaler\"", \""1\"": \""bkfilter\"", \""2\"": \""HPFilter\""}, \""transformation_params\"": {\""0\"": {}, \""1\"": {}, \""2\"": {\""part\"": \""trend\"", \""lamb\"": 6.25}}}""}, ""03692eafcc5a0b55c93fa7a44934e875"": {""Model"": ""FBProphet"", ""ModelParameters"": ""{\""holiday\"": false, \""regression_type\"": null, \""growth\"": \""linear\"", \""seasonality_mode\"": \""multiplicative\"", \""changepoint_prior_scale\"": 0.05, \""n_changepoints\"": 25, \""changepoint_range\"": 0.8, \""changepoint_spacing\"": null, \""changepoint_distance_end\"": null, \""seasonality_prior_scale\"": 10.0, \""yearly_seasonality_prior_scale\"": null, \""yearly_seasonality_order\"": null, \""weekly_seasonality_prior_scale\"": 0.0001, \""holidays_prior_scale\"": 0.1, \""trend_phi\"": null}"", ""TransformationParameters"": ""{\""fillna\"": \""rolling_mean\"", \""transformations\"": {\""0\"": \""StandardScaler\"", \""1\"": \""bkfilter\"", \""2\"": \""HPFilter\""}, \""transformation_params\"": {\""0\"": {}, \""1\"": {}, \""2\"": {\""part\"": \""trend\"", \""lamb\"": 6.25}}}""}, ""0c0137540bc924eddab1cf1337a173c4"": {""Model"": ""FBProphet"", ""ModelParameters"": ""{\""holiday\"": false, \""regression_type\"": null, \""growth\"": \""linear\"", \""seasonality_mode\"": \""additive\"", \""changepoint_prior_scale\"": 0.05, \""n_changepoints\"": 25, \""changepoint_range\"": 0.85, \""changepoint_spacing\"": null, \""changepoint_distance_end\"": null, \""seasonality_prior_scale\"": 10.0, \""yearly_seasonality_prior_scale\"": null, \""yearly_seasonality_order\"": null, \""weekly_seasonality_prior_scale\"": 0.0001, \""holidays_prior_scale\"": 0.1, \""trend_phi\"": null}"", ""TransformationParameters"": ""{\""fillna\"": \""rolling_mean\"", \""transformations\"": {\""0\"": \""StandardScaler\"", \""1\"": \""bkfilter\"", \""2\"": \""HPFilter\""}, \""transformation_params\"": {\""0\"": {}, \""1\"": {}, \""2\"": {\""part\"": \""trend\"", \""lamb\"": 6.25}}}""}}, ""point_method"": ""median"", ""model_weights"": {}}","{""fillna"": ""ffill"", ""transformations"": {""0"": ""FFTFilter"", ""1"": ""HistoricValues""}, ""transformation_params"": {""0"": {""cutoff"": 0.01, ""reverse"": false, ""on_transform"": false, ""on_inverse"": true}, ""1"": {""window"": null}}}",1,1,8.278080779189128,0.5373340156712859,0.6963520789492655,0.4824806218949641,0.5373340156712859,0.0,-17.35157863520819,0.4286676955458099,47.12850324534612,0.5037651230104898,0.2253694676153474,0.75,0.4666666666666667,2.054833390473446,0.9833333333333333,1.2162910327202925,0.38333111501333744,2.078597002202192,2.055248977136831,0.011482942266451048,29.776924610137925,7.243431994481903,29.026336565927522,0.03800419221715157,8.278080779189128,0.5373340156712859,0.6963520789492655,0.4824806218949641,0.5373340156712859,0.0,0.4286676955458099,0.5037651230104898,0.2253694676153474,2.054833390473446,0.9833333333333333,1.2162910327202925,0.38333111501333744,2.078597002202192,2.055248977136831,0.011482942266451048,29.776924610137925,7.243431994481903,29.026336565927522,0.03800419221715157,0.75,0.4666666666666667,3.2007,13.43231108189578,7.632476513438038,Wh,7.632476513438038,Wh
384,0793764fbf35699a5ac03575a35721f0,FBProphet,"{""holiday"": false, ""regression_type"": null, ""growth"": ""linear"", ""seasonality_mode"": ""multiplicative"", ""changepoint_prior_scale"": 0.05, ""n_changepoints"": 25, ""changepoint_range"": 0.8, ""changepoint_spacing"": null, ""changepoint_distance_end"": null, ""seasonality_prior_scale"": 10.0, ""yearly_seasonality_prior_scale"": null, ""yearly_seasonality_order"": null, ""weekly_seasonality_prior_scale"": 0.0001, ""holidays_prior_scale"": 0.1, ""trend_phi"": null}","{""fillna"": ""mean"", ""transformations"": {""0"": ""StandardScaler"", ""1"": ""bkfilter"", ""2"": ""HPFilter""}, ""transformation_params"": {""0"": {}, ""1"": {}, ""2"": {""part"": ""trend"", ""lamb"": 6.25}}}",0,1,8.40940165178198,0.5459749067849281,0.6935467535931342,0.4775103140229105,0.5459749067849281,0.0,-16.03702777925374,0.4296405779917353,49.47996103493763,0.5195184359249798,0.21587207240672576,0.7416666666666667,0.5083333333333333,2.191390710385223,0.9833333333333333,1.219604980389294,0.40025173641135353,2.020621785581445,0.7859021396395907,0.005067836715153586,33.4429332556839,12.150595013776107,29.73116026794828,0.042683107150752,8.40940165178198,0.5459749067849281,0.6935467535931342,0.4775103140229105,0.5459749067849281,0.0,0.4296405779917353,0.5195184359249798,0.21587207240672576,2.191390710385223,0.9833333333333333,1.219604980389294,0.40025173641135353,2.020621785581445,0.7859021396395907,0.005067836715153586,33.4429332556839,12.150595013776107,29.73116026794828,0.042683107150752,0.7416666666666667,0.5083333333333333,0.6628,13.428934478711495,7.755214692218061,Wh,7.755214692218061,Wh
385,0c0137540bc924eddab1cf1337a173c4,FBProphet,"{""holiday"": false, ""regression_type"": null, ""growth"": ""linear"", ""seasonality_mode"": ""additive"", ""changepoint_prior_scale"": 0.05, ""n_changepoints"": 25, ""changepoint_range"": 0.85, ""changepoint_spacing"": null, ""changepoint_distance_end"": null, ""seasonality_prior_scale"": 10.0, ""yearly_seasonality_prior_scale"": null, ""yearly_seasonality_order"": null, ""weekly_seasonality_prior_scale"": 0.0001, ""holidays_prior_scale"": 0.1, ""trend_phi"": null}","{""fillna"": ""rolling_mean"", ""transformations"": {""0"": ""StandardScaler"", ""1"": ""bkfilter"", ""2"": ""HPFilter""}, ""transformation_params"": {""0"": {}, ""1"": {}, ""2"": {""part"": ""trend"", ""lamb"": 6.25}}}",0,1,8.38744712858691,0.5445108839665912,0.6915770019816643,0.47752770877963613,0.5445108839665912,0.0,-16.223443967855815,0.42921442845567687,49.11786210813513,0.5176980613070655,0.21686242958405977,0.75,0.5083333333333333,2.1863980196846127,0.9833333333333333,1.2191185386175805,0.39919519595532604,2.013947885055814,0.7870763905173874,0.005087758354835068,32.89441814027931,11.951051684767318,29.727297547928227,0.04198303908956775,8.38744712858691,0.5445108839665912,0.6915770019816643,0.47752770877963613,0.5445108839665912,0.0,0.42921442845567687,0.5176980613070655,0.21686242958405977,2.1863980196846127,0.9833333333333333,1.2191185386175805,0.39919519595532604,2.013947885055814,0.7870763905173874,0.005087758354835068,32.89441814027931,11.951051684767318,29.727297547928227,0.04198303908956775,0.75,0.5083333333333333,0.6534,13.415102224721865,7.734419210357241,Wh,7.734419210357241,Wh
386,03692eafcc5a0b55c93fa7a44934e875,FBProphet,"{""holiday"": false, ""regression_type"": null, ""growth"": ""linear"", ""seasonality_mode"": ""multiplicative"", ""changepoint_prior_scale"": 0.05, ""n_changepoints"": 25, ""changepoint_range"": 0.8, ""changepoint_spacing"": null, ""changepoint_distance_end"": null, ""seasonality_prior_scale"": 10.0, ""yearly_seasonality_prior_scale"": null, ""yearly_seasonality_order"": null, ""weekly_seasonality_prior_scale"": 0.0001, ""holidays_prior_scale"": 0.1, ""trend_phi"": null}","{""fillna"": ""rolling_mean"", ""transformations"": {""0"": ""StandardScaler"", ""1"": ""bkfilter"", ""2"": ""HPFilter""}, ""transformation_params"": {""0"": {}, ""1"": {}, ""2"": {""part"": ""trend"", ""lamb"": 6.25}}}",0,1,8.40940165178198,0.5459749067849281,0.6935467535931342,0.4775103140229105,0.5459749067849281,0.0,-16.03702777925374,0.4296405779917353,49.47996103493763,0.5195184359249798,0.21439920748343433,0.7583333333333333,0.5083333333333333,2.191390710385223,0.9833333333333333,1.219604980389294,0.40025173641135353,2.020621785581445,0.7859021396395907,0.005067836715153586,33.4429332556839,12.150595013776107,29.73116026794828,0.042683107150752,8.40940165178198,0.5459749067849281,0.6935467535931342,0.4775103140229105,0.5459749067849281,0.0,0.4296405779917353,0.5195184359249798,0.21439920748343433,2.191390710385223,0.9833333333333333,1.219604980389294,0.40025173641135353,2.020621785581445,0.7859021396395907,0.005067836715153586,33.4429332556839,12.150595013776107,29.73116026794828,0.042683107150752,0.7583333333333333,0.5083333333333333,0.6556,13.407886208525722,7.755214692218061,Wh,7.755214692218061,Wh
387,59973d6e3f11a5180f9d28f430ff091e,Ensemble,"{""model_name"": ""BestN"", ""model_count"": 5, ""model_metric"": ""mixed_metric"", ""models"": {""ca2e0fcc7b23d74ee347d493f6ff4379"": {""Model"": ""ARIMA"", ""ModelParameters"": ""{\""p\"": 0, \""d\"": 2, \""q\"": 2, \""regression_type\"": null}"", ""TransformationParameters"": ""{\""fillna\"": \""cubic\"", \""transformations\"": {\""0\"": \""AlignLastValue\"", \""1\"": \""AlignLastValue\""}, \""transformation_params\"": {\""0\"": {\""rows\"": 84, \""lag\"": 1, \""method\"": \""additive\"", \""strength\"": 0.5, \""first_value_only\"": false, \""threshold\"": 10, \""threshold_method\"": \""max\"", \""mean_type\"": \""arithmetic\""}, \""1\"": {\""rows\"": 1, \""lag\"": 7, \""method\"": \""additive\"", \""strength\"": 1.0, \""first_value_only\"": false, \""threshold\"": 10, \""threshold_method\"": \""mean\"", \""mean_type\"": \""arithmetic\""}}}""}, ""216178f098ef6698659d5bd14449f8af"": {""Model"": ""ARIMA"", ""ModelParameters"": ""{\""p\"": 4, \""d\"": 2, \""q\"": 4, \""regression_type\"": null}"", ""TransformationParameters"": ""{\""fillna\"": \""cubic\"", \""transformations\"": {\""0\"": \""bkfilter\"", \""1\"": \""AlignLastValue\""}, \""transformation_params\"": {\""0\"": {}, \""1\"": {\""rows\"": 1, \""lag\"": 7, \""method\"": \""additive\"", \""strength\"": 1.0, \""first_value_only\"": false, \""threshold\"": 10, \""threshold_method\"": \""mean\"", \""mean_type\"": \""arithmetic\""}}}""}, ""5c9aafe0ed22a0009a0c5786b4223a8f"": {""Model"": ""FBProphet"", ""ModelParameters"": ""{\""holiday\"": false, \""regression_type\"": null, \""growth\"": \""linear\"", \""seasonality_mode\"": \""additive\"", \""changepoint_prior_scale\"": 0.05, \""n_changepoints\"": 25, \""changepoint_range\"": 0.8, \""changepoint_spacing\"": null, \""changepoint_distance_end\"": null, \""seasonality_prior_scale\"": 10.0, \""yearly_seasonality_prior_scale\"": null, \""yearly_seasonality_order\"": null, \""weekly_seasonality_prior_scale\"": 0.0001, \""holidays_prior_scale\"": 10.0, \""trend_phi\"": null}"", ""TransformationParameters"": ""{\""fillna\"": \""mean\"", \""transformations\"": {\""0\"": \""StandardScaler\"", \""1\"": \""bkfilter\"", \""2\"": \""HPFilter\""}, \""transformation_params\"": {\""0\"": {}, \""1\"": {}, \""2\"": {\""part\"": \""trend\"", \""lamb\"": 6.25}}}""}, ""5bb9f16e5f9c93ddad63947a240ff284"": {""Model"": ""FBProphet"", ""ModelParameters"": ""{\""holiday\"": false, \""regression_type\"": null, \""growth\"": \""linear\"", \""seasonality_mode\"": \""additive\"", \""changepoint_prior_scale\"": 0.05, \""n_changepoints\"": 25, \""changepoint_range\"": 360, \""changepoint_spacing\"": null, \""changepoint_distance_end\"": null, \""seasonality_prior_scale\"": 10.0, \""yearly_seasonality_prior_scale\"": null, \""yearly_seasonality_order\"": null, \""weekly_seasonality_prior_scale\"": null, \""holidays_prior_scale\"": 10.0, \""trend_phi\"": null}"", ""TransformationParameters"": ""{\""fillna\"": \""rolling_mean\"", \""transformations\"": {\""0\"": \""StandardScaler\"", \""1\"": \""bkfilter\"", \""2\"": \""HPFilter\""}, \""transformation_params\"": {\""0\"": {}, \""1\"": {}, \""2\"": {\""part\"": \""trend\"", \""lamb\"": 6.25}}}""}, ""90456766456292561f52d10770c88398"": {""Model"": ""FBProphet"", ""ModelParameters"": ""{\""holiday\"": false, \""regression_type\"": null, \""growth\"": \""linear\"", \""seasonality_mode\"": \""multiplicative\"", \""changepoint_prior_scale\"": 0.05, \""n_changepoints\"": 25, \""changepoint_range\"": 0.8, \""changepoint_spacing\"": null, \""changepoint_distance_end\"": null, \""seasonality_prior_scale\"": 10.0, \""yearly_seasonality_prior_scale\"": null, \""yearly_seasonality_order\"": null, \""weekly_seasonality_prior_scale\"": null, \""holidays_prior_scale\"": 0.1, \""trend_phi\"": null}"", ""TransformationParameters"": ""{\""fillna\"": \""linear\"", \""transformations\"": {\""0\"": \""UpscaleDownscaleTransformer\"", \""1\"": \""AlignLastValue\"", \""2\"": \""HPFilter\"", \""3\"": \""Discretize\"", \""4\"": \""ClipOutliers\"", \""5\"": \""Slice\""}, \""transformation_params\"": {\""0\"": {\""mode\"": \""downscale\"", \""factor\"": 1, \""down_method\"": \""decimate\"", \""fill_method\"": \""pchip\""}, \""1\"": {\""rows\"": 1, \""lag\"": 1, \""method\"": \""additive\"", \""strength\"": 1.0, \""first_value_only\"": false, \""threshold\"": null, \""threshold_method\"": \""max\"", \""mean_type\"": \""arithmetic\""}, \""2\"": {\""part\"": \""trend\"", \""lamb\"": 6.25}, \""3\"": {\""discretization\"": \""center\"", \""n_bins\"": 5}, \""4\"": {\""method\"": \""clip\"", \""std_threshold\"": 5, \""fillna\"": null}, \""5\"": {\""method\"": 0.5}}}""}}, ""point_method"": ""kalman"", ""model_weights"": {}}","{""fillna"": ""zero"", ""transformations"": {""0"": ""AnomalyRemoval"", ""1"": ""EWMAFilter"", ""2"": ""AlignLastValue""}, ""transformation_params"": {""0"": {""method"": ""med_diff"", ""method_params"": {""distribution"": ""norm"", ""alpha"": 0.05}, ""fillna"": ""rolling_mean_24"", ""transform_dict"": {""fillna"": null, ""transformations"": {""0"": ""EWMAFilter""}, ""transformation_params"": {""0"": {""span"": 7}}}, ""isolated_only"": false, ""on_inverse"": false}, ""1"": {""span"": 7}, ""2"": {""rows"": 1, ""lag"": 1, ""method"": ""multiplicative"", ""strength"": 1.0, ""first_value_only"": false, ""threshold"": 1, ""threshold_method"": ""max""}}}",1,1,7.818040438766152,0.5039692894928576,0.6602192483320318,0.4761409034403268,0.5039692894928576,0.0,-29.730431292621823,0.4297811827543132,30.74588344652108,0.446503249188806,0.26120954122177786,0.625,0.5083333333333333,2.202532553945346,0.9833333333333333,1.2054056131372215,0.37152128127011547,1.9577481317139878,0.6893123340196817,0.023647133941145294,1.0154521538992602,6.318109331126399,29.20072551490725,0.0012960182876296474,7.818040438766152,0.5039692894928576,0.6602192483320318,0.4761409034403268,0.5039692894928576,0.0,0.4297811827543132,0.446503249188806,0.26120954122177786,2.202532553945346,0.9833333333333333,1.2054056131372215,0.37152128127011547,1.9577481317139878,0.6893123340196817,0.023647133941145294,1.0154521538992602,6.318109331126399,29.20072551490725,0.0012960182876296474,0.625,0.5083333333333333,2.6003,13.372899595773237,7.1585525080574985,Wh,7.1585525080574985,Wh
388,5a12bdcea0f1be5cf2f090e259390a7b,Ensemble,"{""model_name"": ""BestN"", ""model_count"": 3, ""model_metric"": ""best_score"", ""models"": {""5bb9f16e5f9c93ddad63947a240ff284"": {""Model"": ""FBProphet"", ""ModelParameters"": ""{\""holiday\"": false, \""regression_type\"": null, \""growth\"": \""linear\"", \""seasonality_mode\"": \""additive\"", \""changepoint_prior_scale\"": 0.05, \""n_changepoints\"": 25, \""changepoint_range\"": 360, \""changepoint_spacing\"": null, \""changepoint_distance_end\"": null, \""seasonality_prior_scale\"": 10.0, \""yearly_seasonality_prior_scale\"": null, \""yearly_seasonality_order\"": null, \""weekly_seasonality_prior_scale\"": null, \""holidays_prior_scale\"": 10.0, \""trend_phi\"": null}"", ""TransformationParameters"": ""{\""fillna\"": \""rolling_mean\"", \""transformations\"": {\""0\"": \""StandardScaler\"", \""1\"": \""bkfilter\"", \""2\"": \""HPFilter\""}, \""transformation_params\"": {\""0\"": {}, \""1\"": {}, \""2\"": {\""part\"": \""trend\"", \""lamb\"": 6.25}}}""}, ""5c9aafe0ed22a0009a0c5786b4223a8f"": {""Model"": ""FBProphet"", ""ModelParameters"": ""{\""holiday\"": false, \""regression_type\"": null, \""growth\"": \""linear\"", \""seasonality_mode\"": \""additive\"", \""changepoint_prior_scale\"": 0.05, \""n_changepoints\"": 25, \""changepoint_range\"": 0.8, \""changepoint_spacing\"": null, \""changepoint_distance_end\"": null, \""seasonality_prior_scale\"": 10.0, \""yearly_seasonality_prior_scale\"": null, \""yearly_seasonality_order\"": null, \""weekly_seasonality_prior_scale\"": 0.0001, \""holidays_prior_scale\"": 10.0, \""trend_phi\"": null}"", ""TransformationParameters"": ""{\""fillna\"": \""mean\"", \""transformations\"": {\""0\"": \""StandardScaler\"", \""1\"": \""bkfilter\"", \""2\"": \""HPFilter\""}, \""transformation_params\"": {\""0\"": {}, \""1\"": {}, \""2\"": {\""part\"": \""trend\"", \""lamb\"": 6.25}}}""}, ""2f39eb773641165ab62d1d03bee46b54"": {""Model"": ""FBProphet"", ""ModelParameters"": ""{\""holiday\"": false, \""regression_type\"": null, \""growth\"": \""linear\"", \""seasonality_mode\"": \""additive\"", \""changepoint_prior_scale\"": 0.05, \""n_changepoints\"": 25, \""changepoint_range\"": 360, \""changepoint_spacing\"": null, \""changepoint_distance_end\"": null, \""seasonality_prior_scale\"": 10.0, \""yearly_seasonality_prior_scale\"": null, \""yearly_seasonality_order\"": null, \""weekly_seasonality_prior_scale\"": null, \""holidays_prior_scale\"": 20, \""trend_phi\"": null}"", ""TransformationParameters"": ""{\""fillna\"": \""rolling_mean\"", \""transformations\"": {\""0\"": \""StandardScaler\"", \""1\"": \""bkfilter\"", \""2\"": \""HPFilter\""}, \""transformation_params\"": {\""0\"": {}, \""1\"": {}, \""2\"": {\""part\"": \""trend\"", \""lamb\"": 6.25}}}""}}, ""model_weights"": {}, ""point_method"": ""mean""}","{""fillna"": ""ffill"", ""transformations"": {""0"": ""FFTFilter"", ""1"": ""HistoricValues""}, ""transformation_params"": {""0"": {""cutoff"": 0.01, ""reverse"": false, ""on_transform"": false, ""on_inverse"": true}, ""1"": {""window"": null}}}",1,1,8.15090061810799,0.5289474171404436,0.6892325862857671,0.4826059905090153,0.5289474171404436,0.0,-18.095323097732035,0.4247054930991737,45.378366959121195,0.493560880593213,0.22402507698451285,0.75,0.4666666666666667,2.031839466146007,0.9833333333333333,1.2134929494447946,0.3754144585202805,2.0332608112325663,2.08951288921134,0.0116316969962631,27.28304386138916,6.411833363348603,29.01274345752701,0.03482126031323582,8.15090061810799,0.5289474171404436,0.6892325862857671,0.4826059905090153,0.5289474171404436,0.0,0.4247054930991737,0.493560880593213,0.22402507698451285,2.031839466146007,0.9833333333333333,1.2134929494447946,0.3754144585202805,2.0332608112325663,2.08951288921134,0.0116316969962631,27.28304386138916,6.411833363348603,29.01274345752701,0.03482126031323582,0.75,0.4666666666666667,1.9104,13.266090532073529,7.513350393655132,Wh,7.513350393655132,Wh
389,8f6c949f38bea18c04af722486c11bd4,Ensemble,"{""model_name"": ""BestN"", ""model_count"": 5, ""model_metric"": ""bestn_horizontal"", ""models"": {""5bb9f16e5f9c93ddad63947a240ff284"": {""Model"": ""FBProphet"", ""ModelParameters"": ""{\""holiday\"": false, \""regression_type\"": null, \""growth\"": \""linear\"", \""seasonality_mode\"": \""additive\"", \""changepoint_prior_scale\"": 0.05, \""n_changepoints\"": 25, \""changepoint_range\"": 360, \""changepoint_spacing\"": null, \""changepoint_distance_end\"": null, \""seasonality_prior_scale\"": 10.0, \""yearly_seasonality_prior_scale\"": null, \""yearly_seasonality_order\"": null, \""weekly_seasonality_prior_scale\"": null, \""holidays_prior_scale\"": 10.0, \""trend_phi\"": null}"", ""TransformationParameters"": ""{\""fillna\"": \""rolling_mean\"", \""transformations\"": {\""0\"": \""StandardScaler\"", \""1\"": \""bkfilter\"", \""2\"": \""HPFilter\""}, \""transformation_params\"": {\""0\"": {}, \""1\"": {}, \""2\"": {\""part\"": \""trend\"", \""lamb\"": 6.25}}}""}, ""5c9aafe0ed22a0009a0c5786b4223a8f"": {""Model"": ""FBProphet"", ""ModelParameters"": ""{\""holiday\"": false, \""regression_type\"": null, \""growth\"": \""linear\"", \""seasonality_mode\"": \""additive\"", \""changepoint_prior_scale\"": 0.05, \""n_changepoints\"": 25, \""changepoint_range\"": 0.8, \""changepoint_spacing\"": null, \""changepoint_distance_end\"": null, \""seasonality_prior_scale\"": 10.0, \""yearly_seasonality_prior_scale\"": null, \""yearly_seasonality_order\"": null, \""weekly_seasonality_prior_scale\"": 0.0001, \""holidays_prior_scale\"": 10.0, \""trend_phi\"": null}"", ""TransformationParameters"": ""{\""fillna\"": \""mean\"", \""transformations\"": {\""0\"": \""StandardScaler\"", \""1\"": \""bkfilter\"", \""2\"": \""HPFilter\""}, \""transformation_params\"": {\""0\"": {}, \""1\"": {}, \""2\"": {\""part\"": \""trend\"", \""lamb\"": 6.25}}}""}, ""2f39eb773641165ab62d1d03bee46b54"": {""Model"": ""FBProphet"", ""ModelParameters"": ""{\""holiday\"": false, \""regression_type\"": null, \""growth\"": \""linear\"", \""seasonality_mode\"": \""additive\"", \""changepoint_prior_scale\"": 0.05, \""n_changepoints\"": 25, \""changepoint_range\"": 360, \""changepoint_spacing\"": null, \""changepoint_distance_end\"": null, \""seasonality_prior_scale\"": 10.0, \""yearly_seasonality_prior_scale\"": null, \""yearly_seasonality_order\"": null, \""weekly_seasonality_prior_scale\"": null, \""holidays_prior_scale\"": 20, \""trend_phi\"": null}"", ""TransformationParameters"": ""{\""fillna\"": \""rolling_mean\"", \""transformations\"": {\""0\"": \""StandardScaler\"", \""1\"": \""bkfilter\"", \""2\"": \""HPFilter\""}, \""transformation_params\"": {\""0\"": {}, \""1\"": {}, \""2\"": {\""part\"": \""trend\"", \""lamb\"": 6.25}}}""}, ""03692eafcc5a0b55c93fa7a44934e875"": {""Model"": ""FBProphet"", ""ModelParameters"": ""{\""holiday\"": false, \""regression_type\"": null, \""growth\"": \""linear\"", \""seasonality_mode\"": \""multiplicative\"", \""changepoint_prior_scale\"": 0.05, \""n_changepoints\"": 25, \""changepoint_range\"": 0.8, \""changepoint_spacing\"": null, \""changepoint_distance_end\"": null, \""seasonality_prior_scale\"": 10.0, \""yearly_seasonality_prior_scale\"": null, \""yearly_seasonality_order\"": null, \""weekly_seasonality_prior_scale\"": 0.0001, \""holidays_prior_scale\"": 0.1, \""trend_phi\"": null}"", ""TransformationParameters"": ""{\""fillna\"": \""rolling_mean\"", \""transformations\"": {\""0\"": \""StandardScaler\"", \""1\"": \""bkfilter\"", \""2\"": \""HPFilter\""}, \""transformation_params\"": {\""0\"": {}, \""1\"": {}, \""2\"": {\""part\"": \""trend\"", \""lamb\"": 6.25}}}""}, ""0c0137540bc924eddab1cf1337a173c4"": {""Model"": ""FBProphet"", ""ModelParameters"": ""{\""holiday\"": false, \""regression_type\"": null, \""growth\"": \""linear\"", \""seasonality_mode\"": \""additive\"", \""changepoint_prior_scale\"": 0.05, \""n_changepoints\"": 25, \""changepoint_range\"": 0.85, \""changepoint_spacing\"": null, \""changepoint_distance_end\"": null, \""seasonality_prior_scale\"": 10.0, \""yearly_seasonality_prior_scale\"": null, \""yearly_seasonality_order\"": null, \""weekly_seasonality_prior_scale\"": 0.0001, \""holidays_prior_scale\"": 0.1, \""trend_phi\"": null}"", ""TransformationParameters"": ""{\""fillna\"": \""rolling_mean\"", \""transformations\"": {\""0\"": \""StandardScaler\"", \""1\"": \""bkfilter\"", \""2\"": \""HPFilter\""}, \""transformation_params\"": {\""0\"": {}, \""1\"": {}, \""2\"": {\""part\"": \""trend\"", \""lamb\"": 6.25}}}""}}, ""point_method"": ""median"", ""model_weights"": {}}",{},1,1,8.290574183396226,0.5381271390259396,0.6838831931517838,0.4781643370593807,0.5381271390259396,0.0,-17.104537215262905,0.4272525473794623,47.47071946784983,0.5095735997498948,0.21258507348036765,0.75,0.5,2.146968537052498,0.9833333333333333,1.217104559238193,0.39418192870225743,1.981728059650504,0.7780155524590718,0.02293193185449919,30.366182252586924,11.086841325295781,29.39660137479366,0.03875625983334296,8.290574183396226,0.5381271390259396,0.6838831931517838,0.4781643370593807,0.5381271390259396,0.0,0.4272525473794623,0.5095735997498948,0.21258507348036765,2.146968537052498,0.9833333333333333,1.217104559238193,0.39418192870225743,1.981728059650504,0.7780155524590718,0.02293193185449919,30.366182252586924,11.086841325295781,29.39660137479366,0.03875625983334296,0.75,0.5,3.1306,13.234252648551735,7.643742309386376,Wh,7.643742309386376,Wh
390,b73d988a8e70d2f7b147598b8341cd47,Ensemble,"{""model_name"": ""BestN"", ""model_count"": 5, ""model_metric"": ""bestn_horizontal"", ""models"": {""5bb9f16e5f9c93ddad63947a240ff284"": {""Model"": ""FBProphet"", ""ModelParameters"": ""{\""holiday\"": false, \""regression_type\"": null, \""growth\"": \""linear\"", \""seasonality_mode\"": \""additive\"", \""changepoint_prior_scale\"": 0.05, \""n_changepoints\"": 25, \""changepoint_range\"": 360, \""changepoint_spacing\"": null, \""changepoint_distance_end\"": null, \""seasonality_prior_scale\"": 10.0, \""yearly_seasonality_prior_scale\"": null, \""yearly_seasonality_order\"": null, \""weekly_seasonality_prior_scale\"": null, \""holidays_prior_scale\"": 10.0, \""trend_phi\"": null}"", ""TransformationParameters"": ""{\""fillna\"": \""rolling_mean\"", \""transformations\"": {\""0\"": \""StandardScaler\"", \""1\"": \""bkfilter\"", \""2\"": \""HPFilter\""}, \""transformation_params\"": {\""0\"": {}, \""1\"": {}, \""2\"": {\""part\"": \""trend\"", \""lamb\"": 6.25}}}""}, ""5c9aafe0ed22a0009a0c5786b4223a8f"": {""Model"": ""FBProphet"", ""ModelParameters"": ""{\""holiday\"": false, \""regression_type\"": null, \""growth\"": \""linear\"", \""seasonality_mode\"": \""additive\"", \""changepoint_prior_scale\"": 0.05, \""n_changepoints\"": 25, \""changepoint_range\"": 0.8, \""changepoint_spacing\"": null, \""changepoint_distance_end\"": null, \""seasonality_prior_scale\"": 10.0, \""yearly_seasonality_prior_scale\"": null, \""yearly_seasonality_order\"": null, \""weekly_seasonality_prior_scale\"": 0.0001, \""holidays_prior_scale\"": 10.0, \""trend_phi\"": null}"", ""TransformationParameters"": ""{\""fillna\"": \""mean\"", \""transformations\"": {\""0\"": \""StandardScaler\"", \""1\"": \""bkfilter\"", \""2\"": \""HPFilter\""}, \""transformation_params\"": {\""0\"": {}, \""1\"": {}, \""2\"": {\""part\"": \""trend\"", \""lamb\"": 6.25}}}""}, ""2f39eb773641165ab62d1d03bee46b54"": {""Model"": ""FBProphet"", ""ModelParameters"": ""{\""holiday\"": false, \""regression_type\"": null, \""growth\"": \""linear\"", \""seasonality_mode\"": \""additive\"", \""changepoint_prior_scale\"": 0.05, \""n_changepoints\"": 25, \""changepoint_range\"": 360, \""changepoint_spacing\"": null, \""changepoint_distance_end\"": null, \""seasonality_prior_scale\"": 10.0, \""yearly_seasonality_prior_scale\"": null, \""yearly_seasonality_order\"": null, \""weekly_seasonality_prior_scale\"": null, \""holidays_prior_scale\"": 20, \""trend_phi\"": null}"", ""TransformationParameters"": ""{\""fillna\"": \""rolling_mean\"", \""transformations\"": {\""0\"": \""StandardScaler\"", \""1\"": \""bkfilter\"", \""2\"": \""HPFilter\""}, \""transformation_params\"": {\""0\"": {}, \""1\"": {}, \""2\"": {\""part\"": \""trend\"", \""lamb\"": 6.25}}}""}, ""03692eafcc5a0b55c93fa7a44934e875"": {""Model"": ""FBProphet"", ""ModelParameters"": ""{\""holiday\"": false, \""regression_type\"": null, \""growth\"": \""linear\"", \""seasonality_mode\"": \""multiplicative\"", \""changepoint_prior_scale\"": 0.05, \""n_changepoints\"": 25, \""changepoint_range\"": 0.8, \""changepoint_spacing\"": null, \""changepoint_distance_end\"": null, \""seasonality_prior_scale\"": 10.0, \""yearly_seasonality_prior_scale\"": null, \""yearly_seasonality_order\"": null, \""weekly_seasonality_prior_scale\"": 0.0001, \""holidays_prior_scale\"": 0.1, \""trend_phi\"": null}"", ""TransformationParameters"": ""{\""fillna\"": \""rolling_mean\"", \""transformations\"": {\""0\"": \""StandardScaler\"", \""1\"": \""bkfilter\"", \""2\"": \""HPFilter\""}, \""transformation_params\"": {\""0\"": {}, \""1\"": {}, \""2\"": {\""part\"": \""trend\"", \""lamb\"": 6.25}}}""}, ""0c0137540bc924eddab1cf1337a173c4"": {""Model"": ""FBProphet"", ""ModelParameters"": ""{\""holiday\"": false, \""regression_type\"": null, \""growth\"": \""linear\"", \""seasonality_mode\"": \""additive\"", \""changepoint_prior_scale\"": 0.05, \""n_changepoints\"": 25, \""changepoint_range\"": 0.85, \""changepoint_spacing\"": null, \""changepoint_distance_end\"": null, \""seasonality_prior_scale\"": 10.0, \""yearly_seasonality_prior_scale\"": null, \""yearly_seasonality_order\"": null, \""weekly_seasonality_prior_scale\"": 0.0001, \""holidays_prior_scale\"": 0.1, \""trend_phi\"": null}"", ""TransformationParameters"": ""{\""fillna\"": \""rolling_mean\"", \""transformations\"": {\""0\"": \""StandardScaler\"", \""1\"": \""bkfilter\"", \""2\"": \""HPFilter\""}, \""transformation_params\"": {\""0\"": {}, \""1\"": {}, \""2\"": {\""part\"": \""trend\"", \""lamb\"": 6.25}}}""}}, ""point_method"": ""median"", ""model_weights"": {}}","{""fillna"": ""fake_date"", ""transformations"": {""0"": ""FIRFilter"", ""1"": ""AlignLastValue"", ""2"": ""AlignLastValue""}, ""transformation_params"": {""0"": {""numtaps"": 32, ""cutoff_hz"": 0.1, ""window"": ""triang"", ""sampling_frequency"": 12, ""on_transform"": false, ""on_inverse"": true, ""bounds_only"": true}, ""1"": {""rows"": 1, ""lag"": 1, ""method"": ""multiplicative"", ""strength"": 1.0, ""first_value_only"": false, ""threshold"": null, ""threshold_method"": ""mean""}, ""2"": {""rows"": 1, ""lag"": 1, ""method"": ""multiplicative"", ""strength"": 1.0, ""first_value_only"": true, ""threshold"": 10, ""threshold_method"": ""max""}}}",1,1,8.228193524373753,0.5333105303441688,0.6817136936935055,0.47215258356060846,0.5333105303441688,0.0,-16.507994254322,0.4224345224373105,47.48926938697825,0.5058295103904388,0.2127896099269291,0.7333333333333333,0.5,2.146968537052498,0.975,1.2182930525364777,0.3885153302531155,1.9769114509687333,0.4110503568555271,0.028487590974325332,30.981275132656247,11.585597101763913,29.392458310393984,0.039541300879442035,8.228193524373753,0.5333105303441688,0.6817136936935055,0.47215258356060846,0.5333105303441688,0.0,0.4224345224373105,0.5058295103904388,0.2127896099269291,2.146968537052498,0.975,1.2182930525364777,0.3885153302531155,1.9769114509687333,0.4110503568555271,0.028487590974325332,30.981275132656247,11.585597101763913,29.392458310393984,0.039541300879442035,0.7333333333333333,0.5,3.2944,13.168841543760893,7.575325548924804,Wh,7.575325548924804,Wh
391,60cf056626778ecb8cc71f6ba8dc3afa,Ensemble,"{""model_name"": ""BestN"", ""model_count"": 5, ""model_metric"": ""bestn_horizontal"", ""models"": {""5bb9f16e5f9c93ddad63947a240ff284"": {""Model"": ""FBProphet"", ""ModelParameters"": ""{\""holiday\"": false, \""regression_type\"": null, \""growth\"": \""linear\"", \""seasonality_mode\"": \""additive\"", \""changepoint_prior_scale\"": 0.05, \""n_changepoints\"": 25, \""changepoint_range\"": 360, \""changepoint_spacing\"": null, \""changepoint_distance_end\"": null, \""seasonality_prior_scale\"": 10.0, \""yearly_seasonality_prior_scale\"": null, \""yearly_seasonality_order\"": null, \""weekly_seasonality_prior_scale\"": null, \""holidays_prior_scale\"": 10.0, \""trend_phi\"": null}"", ""TransformationParameters"": ""{\""fillna\"": \""rolling_mean\"", \""transformations\"": {\""0\"": \""StandardScaler\"", \""1\"": \""bkfilter\"", \""2\"": \""HPFilter\""}, \""transformation_params\"": {\""0\"": {}, \""1\"": {}, \""2\"": {\""part\"": \""trend\"", \""lamb\"": 6.25}}}""}, ""5c9aafe0ed22a0009a0c5786b4223a8f"": {""Model"": ""FBProphet"", ""ModelParameters"": ""{\""holiday\"": false, \""regression_type\"": null, \""growth\"": \""linear\"", \""seasonality_mode\"": \""additive\"", \""changepoint_prior_scale\"": 0.05, \""n_changepoints\"": 25, \""changepoint_range\"": 0.8, \""changepoint_spacing\"": null, \""changepoint_distance_end\"": null, \""seasonality_prior_scale\"": 10.0, \""yearly_seasonality_prior_scale\"": null, \""yearly_seasonality_order\"": null, \""weekly_seasonality_prior_scale\"": 0.0001, \""holidays_prior_scale\"": 10.0, \""trend_phi\"": null}"", ""TransformationParameters"": ""{\""fillna\"": \""mean\"", \""transformations\"": {\""0\"": \""StandardScaler\"", \""1\"": \""bkfilter\"", \""2\"": \""HPFilter\""}, \""transformation_params\"": {\""0\"": {}, \""1\"": {}, \""2\"": {\""part\"": \""trend\"", \""lamb\"": 6.25}}}""}, ""2f39eb773641165ab62d1d03bee46b54"": {""Model"": ""FBProphet"", ""ModelParameters"": ""{\""holiday\"": false, \""regression_type\"": null, \""growth\"": \""linear\"", \""seasonality_mode\"": \""additive\"", \""changepoint_prior_scale\"": 0.05, \""n_changepoints\"": 25, \""changepoint_range\"": 360, \""changepoint_spacing\"": null, \""changepoint_distance_end\"": null, \""seasonality_prior_scale\"": 10.0, \""yearly_seasonality_prior_scale\"": null, \""yearly_seasonality_order\"": null, \""weekly_seasonality_prior_scale\"": null, \""holidays_prior_scale\"": 20, \""trend_phi\"": null}"", ""TransformationParameters"": ""{\""fillna\"": \""rolling_mean\"", \""transformations\"": {\""0\"": \""StandardScaler\"", \""1\"": \""bkfilter\"", \""2\"": \""HPFilter\""}, \""transformation_params\"": {\""0\"": {}, \""1\"": {}, \""2\"": {\""part\"": \""trend\"", \""lamb\"": 6.25}}}""}, ""03692eafcc5a0b55c93fa7a44934e875"": {""Model"": ""FBProphet"", ""ModelParameters"": ""{\""holiday\"": false, \""regression_type\"": null, \""growth\"": \""linear\"", \""seasonality_mode\"": \""multiplicative\"", \""changepoint_prior_scale\"": 0.05, \""n_changepoints\"": 25, \""changepoint_range\"": 0.8, \""changepoint_spacing\"": null, \""changepoint_distance_end\"": null, \""seasonality_prior_scale\"": 10.0, \""yearly_seasonality_prior_scale\"": null, \""yearly_seasonality_order\"": null, \""weekly_seasonality_prior_scale\"": 0.0001, \""holidays_prior_scale\"": 0.1, \""trend_phi\"": null}"", ""TransformationParameters"": ""{\""fillna\"": \""rolling_mean\"", \""transformations\"": {\""0\"": \""StandardScaler\"", \""1\"": \""bkfilter\"", \""2\"": \""HPFilter\""}, \""transformation_params\"": {\""0\"": {}, \""1\"": {}, \""2\"": {\""part\"": \""trend\"", \""lamb\"": 6.25}}}""}, ""0c0137540bc924eddab1cf1337a173c4"": {""Model"": ""FBProphet"", ""ModelParameters"": ""{\""holiday\"": false, \""regression_type\"": null, \""growth\"": \""linear\"", \""seasonality_mode\"": \""additive\"", \""changepoint_prior_scale\"": 0.05, \""n_changepoints\"": 25, \""changepoint_range\"": 0.85, \""changepoint_spacing\"": null, \""changepoint_distance_end\"": null, \""seasonality_prior_scale\"": 10.0, \""yearly_seasonality_prior_scale\"": null, \""yearly_seasonality_order\"": null, \""weekly_seasonality_prior_scale\"": 0.0001, \""holidays_prior_scale\"": 0.1, \""trend_phi\"": null}"", ""TransformationParameters"": ""{\""fillna\"": \""rolling_mean\"", \""transformations\"": {\""0\"": \""StandardScaler\"", \""1\"": \""bkfilter\"", \""2\"": \""HPFilter\""}, \""transformation_params\"": {\""0\"": {}, \""1\"": {}, \""2\"": {\""part\"": \""trend\"", \""lamb\"": 6.25}}}""}}, ""point_method"": ""median"", ""model_weights"": {}}","{""fillna"": ""fake_date"", ""transformations"": {""0"": ""AlignLastValue"", ""1"": ""AlignLastValue""}, ""transformation_params"": {""0"": {""rows"": 1, ""lag"": 1, ""method"": ""multiplicative"", ""strength"": 1.0, ""first_value_only"": false, ""threshold"": null, ""threshold_method"": ""mean""}, ""1"": {""rows"": 1, ""lag"": 1, ""method"": ""multiplicative"", ""strength"": 1.0, ""first_value_only"": true, ""threshold"": 10, ""threshold_method"": ""max""}}}",1,1,8.228193524373753,0.5333105303441688,0.6817136936935055,0.47215258356060846,0.5333105303441688,0.0,-16.507994254322,0.4224345224373105,47.48926938697825,0.5058295103904388,0.21266812556293596,0.75,0.5,2.146968537052498,0.975,1.2182930525364777,0.3885153302531155,1.9769114509687333,0.4110503568555271,0.028487590974325332,30.981275132656247,11.585597101763913,29.392458310393984,0.039541300879442035,8.228193524373753,0.5333105303441688,0.6817136936935055,0.47215258356060846,0.5333105303441688,0.0,0.4224345224373105,0.5058295103904388,0.21266812556293596,2.146968537052498,0.975,1.2182930525364777,0.3885153302531155,1.9769114509687333,0.4110503568555271,0.028487590974325332,30.981275132656247,11.585597101763913,29.392458310393984,0.039541300879442035,0.75,0.5,3.1399,13.16710544720768,7.575325548924804,Wh,7.575325548924804,Wh
392,2f39eb773641165ab62d1d03bee46b54,FBProphet,"{""holiday"": false, ""regression_type"": null, ""growth"": ""linear"", ""seasonality_mode"": ""additive"", ""changepoint_prior_scale"": 0.05, ""n_changepoints"": 25, ""changepoint_range"": 360, ""changepoint_spacing"": null, ""changepoint_distance_end"": null, ""seasonality_prior_scale"": 10.0, ""yearly_seasonality_prior_scale"": null, ""yearly_seasonality_order"": null, ""weekly_seasonality_prior_scale"": null, ""holidays_prior_scale"": 20, ""trend_phi"": null}","{""fillna"": ""rolling_mean"", ""transformations"": {""0"": ""StandardScaler"", ""1"": ""bkfilter"", ""2"": ""HPFilter""}, ""transformation_params"": {""0"": {}, ""1"": {}, ""2"": {""part"": ""trend"", ""lamb"": 6.25}}}",0,1,8.189427692609101,0.5315849351074822,0.6773368611487057,0.4814372319980762,0.5315849351074822,0.0,-18.892112931437968,0.4265278410526144,44.89807928145989,0.49913538889686115,0.21421394576072736,0.75,0.48333333333333334,2.0975938962354475,0.9833333333333333,1.215350502931259,0.3910530108185354,1.9478609031969745,0.7383322944302364,0.05976914838830479,26.00596635002193,9.41702035207524,26.59069016705997,0.03319133043116607,8.189427692609101,0.5315849351074822,0.6773368611487057,0.4814372319980762,0.5315849351074822,0.0,0.4265278410526144,0.49913538889686115,0.21421394576072736,2.0975938962354475,0.9833333333333333,1.215350502931259,0.3910530108185354,1.9478609031969745,0.7383322944302364,0.05976914838830479,26.00596635002193,9.41702035207524,26.59069016705997,0.03319133043116607,0.75,0.48333333333333334,0.5353,13.135506967620149,7.550814602787777,Wh,7.550814602787777,Wh
393,1180a3f1ba12df76a833383cf2f1db57,Ensemble,"{""model_name"": ""BestN"", ""model_count"": 3, ""model_metric"": ""best_score"", ""models"": {""5bb9f16e5f9c93ddad63947a240ff284"": {""Model"": ""FBProphet"", ""ModelParameters"": ""{\""holiday\"": false, \""regression_type\"": null, \""growth\"": \""linear\"", \""seasonality_mode\"": \""additive\"", \""changepoint_prior_scale\"": 0.05, \""n_changepoints\"": 25, \""changepoint_range\"": 360, \""changepoint_spacing\"": null, \""changepoint_distance_end\"": null, \""seasonality_prior_scale\"": 10.0, \""yearly_seasonality_prior_scale\"": null, \""yearly_seasonality_order\"": null, \""weekly_seasonality_prior_scale\"": null, \""holidays_prior_scale\"": 10.0, \""trend_phi\"": null}"", ""TransformationParameters"": ""{\""fillna\"": \""rolling_mean\"", \""transformations\"": {\""0\"": \""StandardScaler\"", \""1\"": \""bkfilter\"", \""2\"": \""HPFilter\""}, \""transformation_params\"": {\""0\"": {}, \""1\"": {}, \""2\"": {\""part\"": \""trend\"", \""lamb\"": 6.25}}}""}, ""5c9aafe0ed22a0009a0c5786b4223a8f"": {""Model"": ""FBProphet"", ""ModelParameters"": ""{\""holiday\"": false, \""regression_type\"": null, \""growth\"": \""linear\"", \""seasonality_mode\"": \""additive\"", \""changepoint_prior_scale\"": 0.05, \""n_changepoints\"": 25, \""changepoint_range\"": 0.8, \""changepoint_spacing\"": null, \""changepoint_distance_end\"": null, \""seasonality_prior_scale\"": 10.0, \""yearly_seasonality_prior_scale\"": null, \""yearly_seasonality_order\"": null, \""weekly_seasonality_prior_scale\"": 0.0001, \""holidays_prior_scale\"": 10.0, \""trend_phi\"": null}"", ""TransformationParameters"": ""{\""fillna\"": \""mean\"", \""transformations\"": {\""0\"": \""StandardScaler\"", \""1\"": \""bkfilter\"", \""2\"": \""HPFilter\""}, \""transformation_params\"": {\""0\"": {}, \""1\"": {}, \""2\"": {\""part\"": \""trend\"", \""lamb\"": 6.25}}}""}, ""2f39eb773641165ab62d1d03bee46b54"": {""Model"": ""FBProphet"", ""ModelParameters"": ""{\""holiday\"": false, \""regression_type\"": null, \""growth\"": \""linear\"", \""seasonality_mode\"": \""additive\"", \""changepoint_prior_scale\"": 0.05, \""n_changepoints\"": 25, \""changepoint_range\"": 360, \""changepoint_spacing\"": null, \""changepoint_distance_end\"": null, \""seasonality_prior_scale\"": 10.0, \""yearly_seasonality_prior_scale\"": null, \""yearly_seasonality_order\"": null, \""weekly_seasonality_prior_scale\"": null, \""holidays_prior_scale\"": 20, \""trend_phi\"": null}"", ""TransformationParameters"": ""{\""fillna\"": \""rolling_mean\"", \""transformations\"": {\""0\"": \""StandardScaler\"", \""1\"": \""bkfilter\"", \""2\"": \""HPFilter\""}, \""transformation_params\"": {\""0\"": {}, \""1\"": {}, \""2\"": {\""part\"": \""trend\"", \""lamb\"": 6.25}}}""}}, ""model_weights"": {}, ""point_method"": ""mean""}",{},1,1,8.197477765482027,0.5320092226018687,0.6761270005327227,0.47965359468145324,0.5320092226018687,0.0,-18.48951587180766,0.426400485252507,45.351590840416584,0.5006161505588419,0.21299807074692748,0.75,0.48333333333333334,2.1140593734693534,0.9833333333333333,1.2153086173535366,0.3909813962719105,1.9525192913121845,0.7565268334054682,0.041916389827830976,26.862074968608923,9.740273995812158,27.78194275853654,0.034283979081942556,8.197477765482027,0.5320092226018687,0.6761270005327227,0.47965359468145324,0.5320092226018687,0.0,0.426400485252507,0.5006161505588419,0.21299807074692748,2.1140593734693534,0.9833333333333333,1.2153086173535366,0.3909813962719105,1.9525192913121845,0.7565268334054682,0.041916389827830976,26.862074968608923,9.740273995812158,27.78194275853654,0.034283979081942556,0.75,0.48333333333333334,1.836,13.122490905301893,7.556841327769639,Wh,7.556841327769639,Wh
394,5c9aafe0ed22a0009a0c5786b4223a8f,FBProphet,"{""holiday"": false, ""regression_type"": null, ""growth"": ""linear"", ""seasonality_mode"": ""additive"", ""changepoint_prior_scale"": 0.05, ""n_changepoints"": 25, ""changepoint_range"": 0.8, ""changepoint_spacing"": null, ""changepoint_distance_end"": null, ""seasonality_prior_scale"": 10.0, ""yearly_seasonality_prior_scale"": null, ""yearly_seasonality_order"": null, ""weekly_seasonality_prior_scale"": 0.0001, ""holidays_prior_scale"": 10.0, ""trend_phi"": null}","{""fillna"": ""mean"", ""transformations"": {""0"": ""StandardScaler"", ""1"": ""bkfilter"", ""2"": ""HPFilter""}, ""transformation_params"": {""0"": {}, ""1"": {}, ""2"": {""part"": ""trend"", ""lamb"": 6.25}}}",0,1,8.22172952501025,0.5335107999134249,0.6769912969825761,0.4776617737487905,0.5335107999134249,0.0,-17.724889515994526,0.42615280749683715,46.29640647361646,0.5037349208403084,0.2109235108546909,0.75,0.5083333333333333,2.146968537052498,0.9833333333333333,1.2154722160619997,0.39150903824569605,1.9633128438481293,0.7983751424447582,0.005239300210192918,28.57151695762193,10.38578835440334,29.696842883897695,0.036465734343276754,8.22172952501025,0.5335107999134249,0.6769912969825761,0.4776617737487905,0.5335107999134249,0.0,0.42615280749683715,0.5037349208403084,0.2109235108546909,2.146968537052498,0.9833333333333333,1.2154722160619997,0.39150903824569605,1.9633128438481293,0.7983751424447582,0.005239300210192918,28.57151695762193,10.38578835440334,29.696842883897695,0.036465734343276754,0.75,0.5083333333333333,0.7701,13.119893025251836,7.578170246522803,Wh,7.578170246522803,Wh
395,5bb9f16e5f9c93ddad63947a240ff284,FBProphet,"{""holiday"": false, ""regression_type"": null, ""growth"": ""linear"", ""seasonality_mode"": ""additive"", ""changepoint_prior_scale"": 0.05, ""n_changepoints"": 25, ""changepoint_range"": 360, ""changepoint_spacing"": null, ""changepoint_distance_end"": null, ""seasonality_prior_scale"": 10.0, ""yearly_seasonality_prior_scale"": null, ""yearly_seasonality_order"": null, ""weekly_seasonality_prior_scale"": null, ""holidays_prior_scale"": 10.0, ""trend_phi"": null}","{""fillna"": ""rolling_mean"", ""transformations"": {""0"": ""StandardScaler"", ""1"": ""bkfilter"", ""2"": ""HPFilter""}, ""transformation_params"": {""0"": {}, ""1"": {}, ""2"": {""part"": ""trend"", ""lamb"": 6.25}}}",0,1,8.189511331492916,0.5315904628893785,0.6773434695157488,0.48143608642719704,0.5315904628893785,0.0,-18.891056974271255,0.4265290363642026,44.89979857245417,0.4991431463741995,0.21268985601458218,0.7333333333333333,0.48333333333333334,2.0976156871201166,0.9833333333333333,1.215352324982162,0.39105660076234366,1.9478862617446395,0.7383396522157819,0.059755989155589335,26.008741598182915,9.418013280957815,26.591184698478063,0.03319487247138484,8.189511331492916,0.5315904628893785,0.6773434695157488,0.48143608642719704,0.5315904628893785,0.0,0.4265290363642026,0.4991431463741995,0.21268985601458218,2.0976156871201166,0.9833333333333333,1.215352324982162,0.39105660076234366,1.9478862617446395,0.7383396522157819,0.059755989155589335,26.008741598182915,9.418013280957815,26.591184698478063,0.03319487247138484,0.7333333333333333,0.48333333333333334,0.5391,13.113830927328495,7.550893121296311,Wh,7.550893121296311,Wh
396,8099240d4ef3295812d26905441ec484,Ensemble,"{""model_name"": ""BestN"", ""model_count"": 3, ""model_metric"": ""best_score"", ""models"": {""5bb9f16e5f9c93ddad63947a240ff284"": {""Model"": ""FBProphet"", ""ModelParameters"": ""{\""holiday\"": false, \""regression_type\"": null, \""growth\"": \""linear\"", \""seasonality_mode\"": \""additive\"", \""changepoint_prior_scale\"": 0.05, \""n_changepoints\"": 25, \""changepoint_range\"": 360, \""changepoint_spacing\"": null, \""changepoint_distance_end\"": null, \""seasonality_prior_scale\"": 10.0, \""yearly_seasonality_prior_scale\"": null, \""yearly_seasonality_order\"": null, \""weekly_seasonality_prior_scale\"": null, \""holidays_prior_scale\"": 10.0, \""trend_phi\"": null}"", ""TransformationParameters"": ""{\""fillna\"": \""rolling_mean\"", \""transformations\"": {\""0\"": \""StandardScaler\"", \""1\"": \""bkfilter\"", \""2\"": \""HPFilter\""}, \""transformation_params\"": {\""0\"": {}, \""1\"": {}, \""2\"": {\""part\"": \""trend\"", \""lamb\"": 6.25}}}""}, ""5c9aafe0ed22a0009a0c5786b4223a8f"": {""Model"": ""FBProphet"", ""ModelParameters"": ""{\""holiday\"": false, \""regression_type\"": null, \""growth\"": \""linear\"", \""seasonality_mode\"": \""additive\"", \""changepoint_prior_scale\"": 0.05, \""n_changepoints\"": 25, \""changepoint_range\"": 0.8, \""changepoint_spacing\"": null, \""changepoint_distance_end\"": null, \""seasonality_prior_scale\"": 10.0, \""yearly_seasonality_prior_scale\"": null, \""yearly_seasonality_order\"": null, \""weekly_seasonality_prior_scale\"": 0.0001, \""holidays_prior_scale\"": 10.0, \""trend_phi\"": null}"", ""TransformationParameters"": ""{\""fillna\"": \""mean\"", \""transformations\"": {\""0\"": \""StandardScaler\"", \""1\"": \""bkfilter\"", \""2\"": \""HPFilter\""}, \""transformation_params\"": {\""0\"": {}, \""1\"": {}, \""2\"": {\""part\"": \""trend\"", \""lamb\"": 6.25}}}""}, ""2f39eb773641165ab62d1d03bee46b54"": {""Model"": ""FBProphet"", ""ModelParameters"": ""{\""holiday\"": false, \""regression_type\"": null, \""growth\"": \""linear\"", \""seasonality_mode\"": \""additive\"", \""changepoint_prior_scale\"": 0.05, \""n_changepoints\"": 25, \""changepoint_range\"": 360, \""changepoint_spacing\"": null, \""changepoint_distance_end\"": null, \""seasonality_prior_scale\"": 10.0, \""yearly_seasonality_prior_scale\"": null, \""yearly_seasonality_order\"": null, \""weekly_seasonality_prior_scale\"": null, \""holidays_prior_scale\"": 20, \""trend_phi\"": null}"", ""TransformationParameters"": ""{\""fillna\"": \""rolling_mean\"", \""transformations\"": {\""0\"": \""StandardScaler\"", \""1\"": \""bkfilter\"", \""2\"": \""HPFilter\""}, \""transformation_params\"": {\""0\"": {}, \""1\"": {}, \""2\"": {\""part\"": \""trend\"", \""lamb\"": 6.25}}}""}}, ""model_weights"": {}, ""point_method"": ""mean""}","{""fillna"": ""fake_date"", ""transformations"": {""0"": ""AlignLastValue"", ""1"": ""AlignLastValue""}, ""transformation_params"": {""0"": {""rows"": 1, ""lag"": 1, ""method"": ""multiplicative"", ""strength"": 1.0, ""first_value_only"": false, ""threshold"": null, ""threshold_method"": ""mean""}, ""1"": {""rows"": 1, ""lag"": 1, ""method"": ""multiplicative"", ""strength"": 1.0, ""first_value_only"": true, ""threshold"": 10, ""threshold_method"": ""max""}}}",1,1,8.136319232245096,0.5272836484391992,0.6740123713050405,0.47413241351634605,0.5272836484391992,0.0,-17.903897053158897,0.42167349482945643,45.370140759545,0.496929276943288,0.21308028174000218,0.75,0.48333333333333334,2.1140593734693534,0.975,1.2165310491722703,0.3854218972570051,1.947793717149515,0.4028915051759588,0.04782870921399391,27.466243706386102,10.227531815921386,27.777877998583023,0.03505507768069645,8.136319232245096,0.5272836484391992,0.6740123713050405,0.47413241351634605,0.5272836484391992,0.0,0.42167349482945643,0.496929276943288,0.21308028174000218,2.1140593734693534,0.975,1.2165310491722703,0.3854218972570051,1.947793717149515,0.4028915051759588,0.04782870921399391,27.466243706386102,10.227531815921386,27.777877998583023,0.03505507768069645,0.75,0.48333333333333334,1.8444,13.056729599240628,7.489717652816685,Wh,7.489717652816685,Wh
397,b2b559537ee8a45741e62ac692dd8f4f,Ensemble,"{""model_name"": ""BestN"", ""model_count"": 5, ""model_metric"": ""mixed_metric"", ""models"": {""ca2e0fcc7b23d74ee347d493f6ff4379"": {""Model"": ""ARIMA"", ""ModelParameters"": ""{\""p\"": 0, \""d\"": 2, \""q\"": 2, \""regression_type\"": null}"", ""TransformationParameters"": ""{\""fillna\"": \""cubic\"", \""transformations\"": {\""0\"": \""AlignLastValue\"", \""1\"": \""AlignLastValue\""}, \""transformation_params\"": {\""0\"": {\""rows\"": 84, \""lag\"": 1, \""method\"": \""additive\"", \""strength\"": 0.5, \""first_value_only\"": false, \""threshold\"": 10, \""threshold_method\"": \""max\"", \""mean_type\"": \""arithmetic\""}, \""1\"": {\""rows\"": 1, \""lag\"": 7, \""method\"": \""additive\"", \""strength\"": 1.0, \""first_value_only\"": false, \""threshold\"": 10, \""threshold_method\"": \""mean\"", \""mean_type\"": \""arithmetic\""}}}""}, ""216178f098ef6698659d5bd14449f8af"": {""Model"": ""ARIMA"", ""ModelParameters"": ""{\""p\"": 4, \""d\"": 2, \""q\"": 4, \""regression_type\"": null}"", ""TransformationParameters"": ""{\""fillna\"": \""cubic\"", \""transformations\"": {\""0\"": \""bkfilter\"", \""1\"": \""AlignLastValue\""}, \""transformation_params\"": {\""0\"": {}, \""1\"": {\""rows\"": 1, \""lag\"": 7, \""method\"": \""additive\"", \""strength\"": 1.0, \""first_value_only\"": false, \""threshold\"": 10, \""threshold_method\"": \""mean\"", \""mean_type\"": \""arithmetic\""}}}""}, ""5c9aafe0ed22a0009a0c5786b4223a8f"": {""Model"": ""FBProphet"", ""ModelParameters"": ""{\""holiday\"": false, \""regression_type\"": null, \""growth\"": \""linear\"", \""seasonality_mode\"": \""additive\"", \""changepoint_prior_scale\"": 0.05, \""n_changepoints\"": 25, \""changepoint_range\"": 0.8, \""changepoint_spacing\"": null, \""changepoint_distance_end\"": null, \""seasonality_prior_scale\"": 10.0, \""yearly_seasonality_prior_scale\"": null, \""yearly_seasonality_order\"": null, \""weekly_seasonality_prior_scale\"": 0.0001, \""holidays_prior_scale\"": 10.0, \""trend_phi\"": null}"", ""TransformationParameters"": ""{\""fillna\"": \""mean\"", \""transformations\"": {\""0\"": \""StandardScaler\"", \""1\"": \""bkfilter\"", \""2\"": \""HPFilter\""}, \""transformation_params\"": {\""0\"": {}, \""1\"": {}, \""2\"": {\""part\"": \""trend\"", \""lamb\"": 6.25}}}""}, ""5bb9f16e5f9c93ddad63947a240ff284"": {""Model"": ""FBProphet"", ""ModelParameters"": ""{\""holiday\"": false, \""regression_type\"": null, \""growth\"": \""linear\"", \""seasonality_mode\"": \""additive\"", \""changepoint_prior_scale\"": 0.05, \""n_changepoints\"": 25, \""changepoint_range\"": 360, \""changepoint_spacing\"": null, \""changepoint_distance_end\"": null, \""seasonality_prior_scale\"": 10.0, \""yearly_seasonality_prior_scale\"": null, \""yearly_seasonality_order\"": null, \""weekly_seasonality_prior_scale\"": null, \""holidays_prior_scale\"": 10.0, \""trend_phi\"": null}"", ""TransformationParameters"": ""{\""fillna\"": \""rolling_mean\"", \""transformations\"": {\""0\"": \""StandardScaler\"", \""1\"": \""bkfilter\"", \""2\"": \""HPFilter\""}, \""transformation_params\"": {\""0\"": {}, \""1\"": {}, \""2\"": {\""part\"": \""trend\"", \""lamb\"": 6.25}}}""}, ""90456766456292561f52d10770c88398"": {""Model"": ""FBProphet"", ""ModelParameters"": ""{\""holiday\"": false, \""regression_type\"": null, \""growth\"": \""linear\"", \""seasonality_mode\"": \""multiplicative\"", \""changepoint_prior_scale\"": 0.05, \""n_changepoints\"": 25, \""changepoint_range\"": 0.8, \""changepoint_spacing\"": null, \""changepoint_distance_end\"": null, \""seasonality_prior_scale\"": 10.0, \""yearly_seasonality_prior_scale\"": null, \""yearly_seasonality_order\"": null, \""weekly_seasonality_prior_scale\"": null, \""holidays_prior_scale\"": 0.1, \""trend_phi\"": null}"", ""TransformationParameters"": ""{\""fillna\"": \""linear\"", \""transformations\"": {\""0\"": \""UpscaleDownscaleTransformer\"", \""1\"": \""AlignLastValue\"", \""2\"": \""HPFilter\"", \""3\"": \""Discretize\"", \""4\"": \""ClipOutliers\"", \""5\"": \""Slice\""}, \""transformation_params\"": {\""0\"": {\""mode\"": \""downscale\"", \""factor\"": 1, \""down_method\"": \""decimate\"", \""fill_method\"": \""pchip\""}, \""1\"": {\""rows\"": 1, \""lag\"": 1, \""method\"": \""additive\"", \""strength\"": 1.0, \""first_value_only\"": false, \""threshold\"": null, \""threshold_method\"": \""max\"", \""mean_type\"": \""arithmetic\""}, \""2\"": {\""part\"": \""trend\"", \""lamb\"": 6.25}, \""3\"": {\""discretization\"": \""center\"", \""n_bins\"": 5}, \""4\"": {\""method\"": \""clip\"", \""std_threshold\"": 5, \""fillna\"": null}, \""5\"": {\""method\"": 0.5}}}""}}, ""point_method"": ""median"", ""model_weights"": {}}","{""fillna"": ""ffill"", ""transformations"": {""0"": ""FFTFilter"", ""1"": ""HistoricValues""}, ""transformation_params"": {""0"": {""cutoff"": 0.01, ""reverse"": false, ""on_transform"": false, ""on_inverse"": true}, ""1"": {""window"": null}}}",1,1,7.460486634599416,0.4841309224454086,0.6506016262285784,0.4836150388732549,0.4841309224454086,0.0,-21.423000782057777,0.4001117603230539,36.672709911391266,0.4422252400660817,0.26185821972014484,0.8833333333333333,0.48333333333333334,1.9531416847444127,0.9833333333333333,1.1975653819142111,0.33350042053429846,1.7709331926868532,2.3613320701870224,0.012895479972390857,15.249709129333489,3.887047813101773,28.71692831403921,0.019463154257694057,7.460486634599416,0.4841309224454086,0.6506016262285784,0.4836150388732549,0.4841309224454086,0.0,0.4001117603230539,0.4422252400660817,0.26185821972014484,1.9531416847444127,0.9833333333333333,1.1975653819142111,0.33350042053429846,1.7709331926868532,2.3613320701870224,0.012895479972390857,15.249709129333489,3.887047813101773,28.71692831403921,0.019463154257694057,0.8833333333333333,0.48333333333333334,2.5561,13.01837654010696,6.876761543520376,Wh,6.876761543520376,Wh
398,cc96ab10a04ba382edf8ebea90b5cbb8,Ensemble,"{""model_name"": ""BestN"", ""model_count"": 3, ""model_metric"": ""best_score"", ""models"": {""5bb9f16e5f9c93ddad63947a240ff284"": {""Model"": ""FBProphet"", ""ModelParameters"": ""{\""holiday\"": false, \""regression_type\"": null, \""growth\"": \""linear\"", \""seasonality_mode\"": \""additive\"", \""changepoint_prior_scale\"": 0.05, \""n_changepoints\"": 25, \""changepoint_range\"": 360, \""changepoint_spacing\"": null, \""changepoint_distance_end\"": null, \""seasonality_prior_scale\"": 10.0, \""yearly_seasonality_prior_scale\"": null, \""yearly_seasonality_order\"": null, \""weekly_seasonality_prior_scale\"": null, \""holidays_prior_scale\"": 10.0, \""trend_phi\"": null}"", ""TransformationParameters"": ""{\""fillna\"": \""rolling_mean\"", \""transformations\"": {\""0\"": \""StandardScaler\"", \""1\"": \""bkfilter\"", \""2\"": \""HPFilter\""}, \""transformation_params\"": {\""0\"": {}, \""1\"": {}, \""2\"": {\""part\"": \""trend\"", \""lamb\"": 6.25}}}""}, ""5c9aafe0ed22a0009a0c5786b4223a8f"": {""Model"": ""FBProphet"", ""ModelParameters"": ""{\""holiday\"": false, \""regression_type\"": null, \""growth\"": \""linear\"", \""seasonality_mode\"": \""additive\"", \""changepoint_prior_scale\"": 0.05, \""n_changepoints\"": 25, \""changepoint_range\"": 0.8, \""changepoint_spacing\"": null, \""changepoint_distance_end\"": null, \""seasonality_prior_scale\"": 10.0, \""yearly_seasonality_prior_scale\"": null, \""yearly_seasonality_order\"": null, \""weekly_seasonality_prior_scale\"": 0.0001, \""holidays_prior_scale\"": 10.0, \""trend_phi\"": null}"", ""TransformationParameters"": ""{\""fillna\"": \""mean\"", \""transformations\"": {\""0\"": \""StandardScaler\"", \""1\"": \""bkfilter\"", \""2\"": \""HPFilter\""}, \""transformation_params\"": {\""0\"": {}, \""1\"": {}, \""2\"": {\""part\"": \""trend\"", \""lamb\"": 6.25}}}""}, ""2f39eb773641165ab62d1d03bee46b54"": {""Model"": ""FBProphet"", ""ModelParameters"": ""{\""holiday\"": false, \""regression_type\"": null, \""growth\"": \""linear\"", \""seasonality_mode\"": \""additive\"", \""changepoint_prior_scale\"": 0.05, \""n_changepoints\"": 25, \""changepoint_range\"": 360, \""changepoint_spacing\"": null, \""changepoint_distance_end\"": null, \""seasonality_prior_scale\"": 10.0, \""yearly_seasonality_prior_scale\"": null, \""yearly_seasonality_order\"": null, \""weekly_seasonality_prior_scale\"": null, \""holidays_prior_scale\"": 20, \""trend_phi\"": null}"", ""TransformationParameters"": ""{\""fillna\"": \""rolling_mean\"", \""transformations\"": {\""0\"": \""StandardScaler\"", \""1\"": \""bkfilter\"", \""2\"": \""HPFilter\""}, \""transformation_params\"": {\""0\"": {}, \""1\"": {}, \""2\"": {\""part\"": \""trend\"", \""lamb\"": 6.25}}}""}}, ""model_weights"": {}, ""point_method"": ""mean""}","{""fillna"": ""fake_date"", ""transformations"": {""0"": ""FIRFilter"", ""1"": ""AlignLastValue"", ""2"": ""AlignLastValue""}, ""transformation_params"": {""0"": {""numtaps"": 32, ""cutoff_hz"": 0.1, ""window"": ""triang"", ""sampling_frequency"": 12, ""on_transform"": false, ""on_inverse"": true, ""bounds_only"": true}, ""1"": {""rows"": 1, ""lag"": 1, ""method"": ""multiplicative"", ""strength"": 1.0, ""first_value_only"": false, ""threshold"": null, ""threshold_method"": ""mean""}, ""2"": {""rows"": 1, ""lag"": 1, ""method"": ""multiplicative"", ""strength"": 1.0, ""first_value_only"": true, ""threshold"": 10, ""threshold_method"": ""max""}}}",1,1,8.136319232245096,0.5272836484391992,0.6740123713050405,0.47413241351634605,0.5272836484391992,0.0,-17.903897053158897,0.42167349482945643,45.370140759545,0.496929276943288,0.20992674128921657,0.75,0.48333333333333334,2.1140593734693534,0.975,1.2165310491722703,0.3854218972570051,1.947793717149515,0.4028915051759588,0.04782870921399391,27.466243706386102,10.227531815921386,27.777877998583023,0.03505507768069645,8.136319232245096,0.5272836484391992,0.6740123713050405,0.47413241351634605,0.5272836484391992,0.0,0.42167349482945643,0.496929276943288,0.20992674128921657,2.1140593734693534,0.975,1.2165310491722703,0.3854218972570051,1.947793717149515,0.4028915051759588,0.04782870921399391,27.466243706386102,10.227531815921386,27.777877998583023,0.03505507768069645,0.75,0.48333333333333334,1.9964,13.011663299948518,7.489717652816685,Wh,7.489717652816685,Wh
399,1ff437458ebc3af2b6651df67c53a80f,Ensemble,"{""model_name"": ""BestN"", ""model_count"": 5, ""model_metric"": ""mixed_metric"", ""models"": {""ca2e0fcc7b23d74ee347d493f6ff4379"": {""Model"": ""ARIMA"", ""ModelParameters"": ""{\""p\"": 0, \""d\"": 2, \""q\"": 2, \""regression_type\"": null}"", ""TransformationParameters"": ""{\""fillna\"": \""cubic\"", \""transformations\"": {\""0\"": \""AlignLastValue\"", \""1\"": \""AlignLastValue\""}, \""transformation_params\"": {\""0\"": {\""rows\"": 84, \""lag\"": 1, \""method\"": \""additive\"", \""strength\"": 0.5, \""first_value_only\"": false, \""threshold\"": 10, \""threshold_method\"": \""max\"", \""mean_type\"": \""arithmetic\""}, \""1\"": {\""rows\"": 1, \""lag\"": 7, \""method\"": \""additive\"", \""strength\"": 1.0, \""first_value_only\"": false, \""threshold\"": 10, \""threshold_method\"": \""mean\"", \""mean_type\"": \""arithmetic\""}}}""}, ""216178f098ef6698659d5bd14449f8af"": {""Model"": ""ARIMA"", ""ModelParameters"": ""{\""p\"": 4, \""d\"": 2, \""q\"": 4, \""regression_type\"": null}"", ""TransformationParameters"": ""{\""fillna\"": \""cubic\"", \""transformations\"": {\""0\"": \""bkfilter\"", \""1\"": \""AlignLastValue\""}, \""transformation_params\"": {\""0\"": {}, \""1\"": {\""rows\"": 1, \""lag\"": 7, \""method\"": \""additive\"", \""strength\"": 1.0, \""first_value_only\"": false, \""threshold\"": 10, \""threshold_method\"": \""mean\"", \""mean_type\"": \""arithmetic\""}}}""}, ""5c9aafe0ed22a0009a0c5786b4223a8f"": {""Model"": ""FBProphet"", ""ModelParameters"": ""{\""holiday\"": false, \""regression_type\"": null, \""growth\"": \""linear\"", \""seasonality_mode\"": \""additive\"", \""changepoint_prior_scale\"": 0.05, \""n_changepoints\"": 25, \""changepoint_range\"": 0.8, \""changepoint_spacing\"": null, \""changepoint_distance_end\"": null, \""seasonality_prior_scale\"": 10.0, \""yearly_seasonality_prior_scale\"": null, \""yearly_seasonality_order\"": null, \""weekly_seasonality_prior_scale\"": 0.0001, \""holidays_prior_scale\"": 10.0, \""trend_phi\"": null}"", ""TransformationParameters"": ""{\""fillna\"": \""mean\"", \""transformations\"": {\""0\"": \""StandardScaler\"", \""1\"": \""bkfilter\"", \""2\"": \""HPFilter\""}, \""transformation_params\"": {\""0\"": {}, \""1\"": {}, \""2\"": {\""part\"": \""trend\"", \""lamb\"": 6.25}}}""}, ""5bb9f16e5f9c93ddad63947a240ff284"": {""Model"": ""FBProphet"", ""ModelParameters"": ""{\""holiday\"": false, \""regression_type\"": null, \""growth\"": \""linear\"", \""seasonality_mode\"": \""additive\"", \""changepoint_prior_scale\"": 0.05, \""n_changepoints\"": 25, \""changepoint_range\"": 360, \""changepoint_spacing\"": null, \""changepoint_distance_end\"": null, \""seasonality_prior_scale\"": 10.0, \""yearly_seasonality_prior_scale\"": null, \""yearly_seasonality_order\"": null, \""weekly_seasonality_prior_scale\"": null, \""holidays_prior_scale\"": 10.0, \""trend_phi\"": null}"", ""TransformationParameters"": ""{\""fillna\"": \""rolling_mean\"", \""transformations\"": {\""0\"": \""StandardScaler\"", \""1\"": \""bkfilter\"", \""2\"": \""HPFilter\""}, \""transformation_params\"": {\""0\"": {}, \""1\"": {}, \""2\"": {\""part\"": \""trend\"", \""lamb\"": 6.25}}}""}, ""90456766456292561f52d10770c88398"": {""Model"": ""FBProphet"", ""ModelParameters"": ""{\""holiday\"": false, \""regression_type\"": null, \""growth\"": \""linear\"", \""seasonality_mode\"": \""multiplicative\"", \""changepoint_prior_scale\"": 0.05, \""n_changepoints\"": 25, \""changepoint_range\"": 0.8, \""changepoint_spacing\"": null, \""changepoint_distance_end\"": null, \""seasonality_prior_scale\"": 10.0, \""yearly_seasonality_prior_scale\"": null, \""yearly_seasonality_order\"": null, \""weekly_seasonality_prior_scale\"": null, \""holidays_prior_scale\"": 0.1, \""trend_phi\"": null}"", ""TransformationParameters"": ""{\""fillna\"": \""linear\"", \""transformations\"": {\""0\"": \""UpscaleDownscaleTransformer\"", \""1\"": \""AlignLastValue\"", \""2\"": \""HPFilter\"", \""3\"": \""Discretize\"", \""4\"": \""ClipOutliers\"", \""5\"": \""Slice\""}, \""transformation_params\"": {\""0\"": {\""mode\"": \""downscale\"", \""factor\"": 1, \""down_method\"": \""decimate\"", \""fill_method\"": \""pchip\""}, \""1\"": {\""rows\"": 1, \""lag\"": 1, \""method\"": \""additive\"", \""strength\"": 1.0, \""first_value_only\"": false, \""threshold\"": null, \""threshold_method\"": \""max\"", \""mean_type\"": \""arithmetic\""}, \""2\"": {\""part\"": \""trend\"", \""lamb\"": 6.25}, \""3\"": {\""discretization\"": \""center\"", \""n_bins\"": 5}, \""4\"": {\""method\"": \""clip\"", \""std_threshold\"": 5, \""fillna\"": null}, \""5\"": {\""method\"": 0.5}}}""}}, ""point_method"": ""kalman"", ""model_weights"": {}}","{""fillna"": ""ffill"", ""transformations"": {""0"": ""FFTFilter"", ""1"": ""HistoricValues""}, ""transformation_params"": {""0"": {""cutoff"": 0.01, ""reverse"": false, ""on_transform"": false, ""on_inverse"": true}, ""1"": {""window"": null}}}",1,1,7.55459552983855,0.48860294432197027,0.637093349005795,0.48427919723526214,0.48860294432197027,0.0,-32.11496878311277,0.4258602755337266,26.517384535523654,0.4276669584624404,0.24999350563634626,0.5833333333333334,0.4666666666666667,1.9472569689607635,0.9833333333333333,1.1997211159713643,0.3482599023761297,1.7879878292211813,2.59593242284853,0.013949548909557607,5.597584247589126,4.6864839100906845,28.41525362818736,0.0071441786041480495,7.55459552983855,0.48860294432197027,0.637093349005795,0.48427919723526214,0.48860294432197027,0.0,0.4258602755337266,0.4276669584624404,0.24999350563634626,1.9472569689607635,0.9833333333333333,1.1997211159713643,0.3482599023761297,1.7879878292211813,2.59593242284853,0.013949548909557607,5.597584247589126,4.6864839100906845,28.41525362818736,0.0071441786041480495,0.5833333333333334,0.4666666666666667,2.5544,12.89198500120904,6.940283674904142,Wh,6.940283674904142,Wh
