rank,ID,Model,ModelParameters,TransformationParameters,Ensemble,Runs,smape,mae,rmse,made,mage,custom,underestimate,mle,overestimate,imle,spl,containment,contour,maxe,oda,dwae,mqae,ewmae,uwmse,smoothness,mate,wasserstein,dwd,matse,smape_weighted,mae_weighted,rmse_weighted,made_weighted,mage_weighted,custom_weighted,mle_weighted,imle_weighted,spl_weighted,maxe_weighted,oda_weighted,dwae_weighted,mqae_weighted,ewmae_weighted,uwmse_weighted,smoothness_weighted,mate_weighted,wasserstein_weighted,dwd_weighted,matse_weighted,containment_weighted,contour_weighted,TotalRuntimeSeconds,Score,lowest_series_mape,lowest_series_mape_name,highest_series_mape,highest_series_mape_name
0,8a5dc043af2424cb1a480dcaa9910bd3,WindowRegression,"{""window_size"": 10, ""input_dim"": ""univariate"", ""output_dim"": ""forecast_length"", ""normalize_window"": false, ""max_windows"": 5000000, ""fourier_encoding_components"": null, ""scale"": true, ""datepart_method"": null, ""regression_type"": null, ""regression_model"": {""model"": ""BayesianRidge"", ""model_params"": {}}}","{""fillna"": ""ffill"", ""transformations"": {""0"": ""Scaler"", ""1"": ""Detrend"", ""2"": ""DatepartRegression"", ""3"": ""Scaler""}, ""transformation_params"": {""0"": {}, ""1"": {""model"": ""Linear"", ""phi"": 1, ""window"": 30, ""transform_dict"": null}, ""2"": {""regression_model"": {""model"": ""ElasticNet"", ""model_params"": {""l1_ratio"": 0.5, ""fit_intercept"": true, ""selection"": ""cyclic"", ""max_iter"": 1000}}, ""datepart_method"": ""common_fourier"", ""polynomial_degree"": null, ""transform_dict"": null, ""holiday_countries_used"": false, ""lags"": null, ""forward_lags"": null}, ""3"": {}}}",0,1,170.15309718682906,7.663552658117557e+41,1.93871424470563e+42,1.355994810417485e+42,7.663552658117557e+41,0.0,-220.7159912615677,42.80180476527156,6.897197392305802e+43,7.663552658117557e+41,9.14838191872111e+41,0.12222222222222222,0.4666666666666667,1.3229867203608883e+43,0.5222222222222223,2.1182190611023977e+42,2.179579245384906e+41,3.089908764278709e+42,4.486851990817523e+84,97.49003836975284,6.897197392305802e+43,3.736759057536124e+43,5.800654496970831e+43,1.2497180660144509e+41,170.15309718682906,7.663552658117557e+41,1.93871424470563e+42,1.355994810417485e+42,7.663552658117557e+41,0.0,42.80180476527156,7.663552658117557e+41,9.14838191872111e+41,1.3229867203608883e+43,0.5222222222222223,2.1182190611023977e+42,2.179579245384906e+41,3.089908764278709e+42,4.486851990817523e+84,97.49003836975284,6.897197392305802e+43,3.736759057536124e+43,5.800654496970831e+43,1.2497180660144509e+41,0.12222222222222222,0.4666666666666667,0.3157,2.2345191014174047e+43,1.1023570318229366e+43,Wh,1.1023570318229366e+43,Wh
1,f3dcd7537a508f25f1697f3057c64735,WindowRegression,"{""window_size"": 20, ""input_dim"": ""univariate"", ""output_dim"": ""forecast_length"", ""normalize_window"": false, ""max_windows"": 5000000, ""fourier_encoding_components"": null, ""scale"": true, ""datepart_method"": null, ""regression_type"": null, ""regression_model"": {""model"": ""BayesianRidge"", ""model_params"": {}}}","{""fillna"": ""ffill"", ""transformations"": {""0"": ""DatepartRegression"", ""1"": ""Detrend"", ""2"": ""Scaler"", ""3"": ""Scaler"", ""4"": ""DifferencedTransformer"", ""5"": ""Detrend""}, ""transformation_params"": {""0"": {""regression_model"": {""model"": ""DecisionTree"", ""model_params"": {""max_depth"": 9, ""min_samples_split"": 0.05}}, ""datepart_method"": [""simple_binarized_poly""], ""polynomial_degree"": null, ""transform_dict"": null, ""holiday_countries_used"": true, ""lags"": null, ""forward_lags"": null}, ""1"": {""model"": ""Linear"", ""phi"": 0.999, ""window"": null, ""transform_dict"": null}, ""2"": {}, ""3"": {}, ""4"": {""lag"": 2, ""fill"": ""zero""}, ""5"": {""model"": ""GLS"", ""phi"": 1, ""window"": null, ""transform_dict"": null}}}",0,1,197.84049710354205,283548675003474.7,1620375647247010.2,546691439435880.94,283548675003474.7,0.0,-512.9128503799438,7.583454425461023,2.551938075031221e+16,283548675003470.8,338486820304082.5,0.011111111111111112,0.5333333333333333,1.1758210081891314e+16,0.9444444444444444,1770405613605087.8,5.946701463227981,609021520925439.9,3.134336036943307e+30,34.33525101431398,2.55193807503117e+16,2.0604010275186544e+16,3.242920365282968e+16,46239116184703.13,197.84049710354205,283548675003474.7,1620375647247010.2,546691439435880.94,283548675003474.7,0.0,7.583454425461023,283548675003470.8,338486820304082.5,1.1758210081891314e+16,0.9444444444444444,1770405613605087.8,5.946701463227981,609021520925439.9,3.134336036943307e+30,34.33525101431398,2.55193807503117e+16,2.0604010275186544e+16,3.242920365282968e+16,46239116184703.13,0.011111111111111112,0.5333333333333333,0.5744,1.166954752619625e+16,4078681124779218.0,Wh,4078681124779218.0,Wh
2,1fe11da068cb1383d3fd3fee27d45954,DatepartRegression,"{""regression_model"": {""model"": ""ElasticNet"", ""model_params"": {""l1_ratio"": 0.5, ""fit_intercept"": true, ""selection"": ""cyclic"", ""max_iter"": 1000}}, ""datepart_method"": ""common_fourier_rw_lag"", ""polynomial_degree"": null, ""holiday_countries_used"": false, ""lags"": 3, ""forward_lags"": null, ""regression_type"": null}","{""fillna"": ""ffill_mean_biased"", ""transformations"": {""0"": ""DifferencedTransformer"", ""1"": ""DifferencedTransformer"", ""2"": ""DifferencedTransformer"", ""3"": ""Detrend"", ""4"": ""Detrend"", ""5"": ""DifferencedTransformer""}, ""transformation_params"": {""0"": {""lag"": 7, ""fill"": ""bfill""}, ""1"": {""lag"": 2, ""fill"": ""zero""}, ""2"": {""lag"": 1, ""fill"": ""bfill""}, ""3"": {""model"": ""GLS"", ""phi"": 1, ""window"": null, ""transform_dict"": null}, ""4"": {""model"": ""Linear"", ""phi"": 0.999, ""window"": null, ""transform_dict"": null}, ""5"": {""lag"": 1, ""fill"": ""zero""}}}",0,1,194.46823813044037,4839.44012178391,7019.8383788748115,234.32224747507715,4839.44012178391,0.0,0.0,7.538427429760236,435549.61096055195,4839.44012178391,480674.5380844072,0.9777777777777777,0.4777777777777778,17666.14914640848,0.03333333333333333,7669.796624634531,3081.784714425329,31820.7276701725,138514787.57429183,2.032662214754486,435549.61096055195,116190.9107605412,5752.079975900825,789.1817306405925,194.46823813044037,4839.44012178391,7019.8383788748115,234.32224747507715,4839.44012178391,0.0,7.538427429760236,4839.44012178391,480674.5380844072,17666.14914640848,0.03333333333333333,7669.796624634531,3081.784714425329,31820.7276701725,138514787.57429183,2.032662214754486,435549.61096055195,116190.9107605412,5752.079975900825,789.1817306405925,0.9777777777777777,0.4777777777777778,0.1783,5824958.159930773,69612.50331703151,Wh,69612.50331703151,Wh
3,9d0b63d8b214862d875a43958862f858,WindowRegression,"{""window_size"": 20, ""input_dim"": ""univariate"", ""output_dim"": ""forecast_length"", ""normalize_window"": false, ""max_windows"": 5000000, ""fourier_encoding_components"": null, ""scale"": false, ""datepart_method"": null, ""regression_type"": null, ""regression_model"": {""model"": ""BayesianRidge"", ""model_params"": {}}}","{""fillna"": ""ffill"", ""transformations"": {""0"": ""DatepartRegression"", ""1"": ""DatepartRegression"", ""2"": ""DatepartRegression"", ""3"": ""Scaler""}, ""transformation_params"": {""0"": {""regression_model"": {""model"": ""ElasticNet"", ""model_params"": {""l1_ratio"": 0.1, ""fit_intercept"": true, ""selection"": ""random"", ""max_iter"": 1000}}, ""datepart_method"": ""common_fourier_rw_lag"", ""polynomial_degree"": null, ""transform_dict"": {""fillna"": null, ""transformations"": {""0"": ""ClipOutliers""}, ""transformation_params"": {""0"": {""method"": ""clip"", ""std_threshold"": 4}}}, ""holiday_countries_used"": false, ""lags"": null, ""forward_lags"": null}, ""1"": {""regression_model"": {""model"": ""ElasticNet"", ""model_params"": {""l1_ratio"": 0.9, ""fit_intercept"": true, ""selection"": ""cyclic"", ""max_iter"": 200}}, ""datepart_method"": ""common_fourier"", ""polynomial_degree"": null, ""transform_dict"": null, ""holiday_countries_used"": false, ""lags"": null, ""forward_lags"": 2}, ""2"": {""regression_model"": {""model"": ""DecisionTree"", ""model_params"": {""max_depth"": 9, ""min_samples_split"": 2}}, ""datepart_method"": [7, 365.25], ""polynomial_degree"": null, ""transform_dict"": null, ""holiday_countries_used"": false, ""lags"": null, ""forward_lags"": 2}, ""3"": {}}}",0,1,199.67744602739933,98147.41095237354,187114.84511519808,125648.68024598103,98147.41095237354,0.0,-248.5263991355896,9.164537641793897,8833018.459314482,98145.52687706603,117163.43163111478,0.0,0.5222222222222223,885871.3774395125,0.4777777777777778,176502.9964288777,45711.1485848597,358272.8440567125,874523204397.5933,12.028471599843549,8832769.932915347,5740577.614258816,6417568.955257085,16004.286277825793,199.67744602739933,98147.41095237354,187114.84511519808,125648.68024598103,98147.41095237354,0.0,9.164537641793897,98145.52687706603,117163.43163111478,885871.3774395125,0.4777777777777778,176502.9964288777,45711.1485848597,358272.8440567125,874523204397.5933,12.028471599843549,8832769.932915347,5740577.614258816,6417568.955257085,16004.286277825793,0.0,0.5222222222222223,0.2934,2634096.0012977673,1411792.8517651847,Wh,1411792.8517651847,Wh
4,d0ff199777ff9c7341b4e5001890b556,ARIMA,"{""p"": 2, ""d"": 2, ""q"": 4, ""regression_type"": null}","{""fillna"": ""akima"", ""transformations"": {""0"": ""Scaler"", ""1"": ""DifferencedTransformer"", ""2"": ""Scaler"", ""3"": ""Scaler"", ""4"": ""DifferencedTransformer"", ""5"": ""MinMaxScaler""}, ""transformation_params"": {""0"": {}, ""1"": {""lag"": 1, ""fill"": ""bfill""}, ""2"": {}, ""3"": {}, ""4"": {""lag"": 2, ""fill"": ""bfill""}, ""5"": {}}}",0,1,183.27782655691502,5.604886617020255,5.823806105737867,0.5866959494902904,5.604886617020255,0.0,-504.3242851474258,5.604817746571768,0.1155103843971359,1.82425170474006,3937.9831409903163,1.0,0.5333333333333333,7.003119945526123,0.9888888888888889,2.775404854346303,5.42121401635693,23.263649969595694,49.25152850585258,0.03943982086954777,504.20877476302866,282.4392527064349,16.18050676339717,0.9135867498403044,183.27782655691502,5.604886617020255,5.823806105737867,0.5866959494902904,5.604886617020255,0.0,5.604817746571768,1.82425170474006,3937.9831409903163,7.003119945526123,0.9888888888888889,2.775404854346303,5.42121401635693,23.263649969595694,49.25152850585258,0.03943982086954777,504.20877476302866,282.4392527064349,16.18050676339717,0.9135867498403044,1.0,0.5333333333333333,1.3984,47491.263710172694,80.62300150437316,Wh,80.62300150437316,Wh
5,8f112dfba7001e5c61ced9f6d99d10c2,ARIMA,"{""p"": 5, ""d"": 1, ""q"": 2, ""regression_type"": null}","{""fillna"": ""ffill"", ""transformations"": {""0"": ""Scaler"", ""1"": ""DatepartRegression"", ""2"": ""Detrend"", ""3"": ""DifferencedTransformer"", ""4"": ""DifferencedTransformer""}, ""transformation_params"": {""0"": {}, ""1"": {""regression_model"": {""model"": ""ElasticNet"", ""model_params"": {""l1_ratio"": 0.1, ""fit_intercept"": true, ""selection"": ""cyclic"", ""max_iter"": 1000}}, ""datepart_method"": [""db2_365.25_12_0.5"", ""morlet_7_7_1""], ""polynomial_degree"": null, ""transform_dict"": {""fillna"": null, ""transformations"": {""0"": ""EWMAFilter""}, ""transformation_params"": {""0"": {""span"": 2}}}, ""holiday_countries_used"": true, ""lags"": null, ""forward_lags"": null}, ""2"": {""model"": ""Linear"", ""phi"": 1, ""window"": null, ""transform_dict"": {""fillna"": null, ""transformations"": {""0"": ""EWMAFilter""}, ""transformation_params"": {""0"": {""span"": 7}}}}, ""3"": {""lag"": 1, ""fill"": ""bfill""}, ""4"": {""lag"": 7, ""fill"": ""bfill""}}}",0,1,152.1420454979273,95.01219019021195,122.15357008302631,3.4547590805754247,95.01219019021195,0.0,0.0,4.033028356336253,8551.097117119076,95.01219019021195,904.543860572867,1.0,0.4666666666666667,258.60197639422427,0.03333333333333333,133.47178718276643,70.93981572378415,566.614574447479,34889.246941944795,0.12360103951989926,8551.097117119076,2832.1065213168895,89.30677994368185,15.493917229959411,152.1420454979273,95.01219019021195,122.15357008302631,3.4547590805754247,95.01219019021195,0.0,4.033028356336253,95.01219019021195,904.543860572867,258.60197639422427,0.03333333333333333,133.47178718276643,70.93981572378415,566.614574447479,34889.246941944795,0.12360103951989926,8551.097117119076,2832.1065213168895,89.30677994368185,15.493917229959411,1.0,0.4666666666666667,1.7787,11922.653351854753,1366.6945428258548,Wh,1366.6945428258548,Wh
6,d146fc6732f91efbe5b4a24c3448959e,WindowRegression,"{""window_size"": 20, ""input_dim"": ""univariate"", ""output_dim"": ""1step"", ""normalize_window"": false, ""max_windows"": 5000000, ""fourier_encoding_components"": null, ""scale"": false, ""datepart_method"": ""expanded_binarized"", ""regression_type"": null, ""regression_model"": {""model"": ""xgboost"", ""model_params"": {""booster"": ""gbtree"", ""objective"": ""reg:pseudohubererror"", ""max_depth"": 3, ""eta"": 1.0, ""min_child_weight"": 1, ""subsample"": 0.7, ""colsample_bylevel"": 0.7, ""reg_alpha"": 0, ""reg_lambda"": 1}}}","{""fillna"": ""ffill"", ""transformations"": {""0"": ""Scaler""}, ""transformation_params"": {""0"": {}}}",0,1,193.94918211153055,393.0656812614865,393.0660881756037,5.745913256669029,393.0656812614865,0.0,0.0,5.9765165699726674,35375.91131353378,393.0656812614865,468.07169591349395,0.0,0.5333333333333333,394.70200634002686,0.03333333333333333,422.3047077324142,392.8729773948067,1543.6344496599709,387001.2147727258,1.6872515994521715,35375.91131353378,21345.269525228974,444.2112431855748,64.0983764210761,193.94918211153055,393.0656812614865,393.0660881756037,5.745913256669029,393.0656812614865,0.0,5.9765165699726674,393.0656812614865,468.07169591349395,394.70200634002686,0.03333333333333333,422.3047077324142,392.8729773948067,1543.6344496599709,387001.2147727258,1.6872515994521715,35375.91131353378,21345.269525228974,444.2112431855748,64.0983764210761,0.0,0.5333333333333333,0.5028,9298.11806405464,5654.018926168719,Wh,5654.018926168719,Wh
7,3e8188e7d2e388a315e05e96c7c3e9f0,DatepartRegression,"{""regression_model"": {""model"": ""ElasticNet"", ""model_params"": {""l1_ratio"": 0.5, ""fit_intercept"": true, ""selection"": ""cyclic"", ""max_iter"": 2000}}, ""datepart_method"": ""expanded"", ""polynomial_degree"": null, ""holiday_countries_used"": true, ""lags"": null, ""forward_lags"": null, ""regression_type"": null}","{""fillna"": ""ffill"", ""transformations"": {""0"": ""Detrend"", ""1"": ""Detrend"", ""2"": ""MinMaxScaler"", ""3"": ""Detrend"", ""4"": ""DifferencedTransformer"", ""5"": ""DifferencedTransformer""}, ""transformation_params"": {""0"": {""model"": ""GLS"", ""phi"": 1, ""window"": 365, ""transform_dict"": {""fillna"": null, ""transformations"": {""0"": ""Discretize""}, ""transformation_params"": {""0"": {""discretization"": ""center"", ""n_bins"": 20}}}}, ""1"": {""model"": ""Linear"", ""phi"": 1, ""window"": 30, ""transform_dict"": {""fillna"": null, ""transformations"": {""0"": ""ClipOutliers""}, ""transformation_params"": {""0"": {""method"": ""clip"", ""std_threshold"": 4}}}}, ""2"": {}, ""3"": {""model"": ""GLS"", ""phi"": 1, ""window"": null, ""transform_dict"": {""fillna"": null, ""transformations"": {""0"": ""EWMAFilter""}, ""transformation_params"": {""0"": {""span"": 2}}}}, ""4"": {""lag"": 1, ""fill"": ""zero""}, ""5"": {""lag"": 1, ""fill"": ""bfill""}}}",0,1,135.26341494648977,73.58036006968521,99.81785449948858,3.0352149590055038,73.58036006968521,0.0,-0.9803376541399098,3.566960845063242,6621.252068617531,73.57873108291818,675.8245407339481,1.0,0.4666666666666667,223.73718666719319,0.03333333333333333,109.0698454931401,51.792768588684204,459.37159326330004,24675.510250770345,0.05748473118948396,6620.271730963391,1976.3109306188348,64.0960728265147,11.995413083782724,135.26341494648977,73.58036006968521,99.81785449948858,3.0352149590055038,73.58036006968521,0.0,3.566960845063242,73.57873108291818,675.8245407339481,223.73718666719319,0.03333333333333333,109.0698454931401,51.792768588684204,459.37159326330004,24675.510250770345,0.05748473118948396,6620.271730963391,1976.3109306188348,64.0960728265147,11.995413083782724,1.0,0.4666666666666667,0.4462,8968.245820717575,1058.410256253202,Wh,1058.410256253202,Wh
8,6de8846f29dfd68e46c1e604412a81f7,RollingRegression,"{""regression_model"": {""model"": ""ExtraTrees"", ""model_params"": {""n_estimators"": 100, ""min_samples_leaf"": 1, ""max_depth"": 10}}, ""holiday"": false, ""mean_rolling_periods"": null, ""macd_periods"": null, ""std_rolling_periods"": null, ""max_rolling_periods"": 420, ""min_rolling_periods"": 7, ""ewm_var_alpha"": null, ""quantile90_rolling_periods"": null, ""quantile10_rolling_periods"": null, ""ewm_alpha"": 0.5, ""additional_lag_periods"": 90, ""abs_energy"": false, ""rolling_autocorr_periods"": null, ""nonzero_last_n"": null, ""add_date_part"": ""expanded"", ""polynomial_degree"": null, ""x_transform"": null, ""regression_type"": null}","{""fillna"": ""rolling_mean"", ""transformations"": {""0"": ""DifferencedTransformer"", ""1"": ""DifferencedTransformer"", ""2"": ""DatepartRegression""}, ""transformation_params"": {""0"": {""lag"": 1, ""fill"": ""bfill""}, ""1"": {""lag"": 7, ""fill"": ""bfill""}, ""2"": {""regression_model"": {""model"": ""ElasticNet"", ""model_params"": {""l1_ratio"": 0.5, ""fit_intercept"": true, ""selection"": ""cyclic"", ""max_iter"": 1000}}, ""datepart_method"": ""anchored_warped_fourier:us_school"", ""polynomial_degree"": null, ""transform_dict"": null, ""holiday_countries_used"": false, ""lags"": null, ""forward_lags"": null}}}",0,1,179.42047764616447,5.563533305160796,5.75980007835522,0.6725293803684856,5.563533305160796,0.0,-484.8052083396708,5.480030391451612,15.912789124800835,1.9188668843086192,609.7479560380766,1.0,0.5222222222222223,7.003119945526123,0.9444444444444444,2.83240982305287,5.373339438555188,23.196285225488424,48.72947759814197,0.08360096111784276,468.89241921486996,245.8453932409897,12.625705889512492,0.8495962837945462,179.42047764616447,5.563533305160796,5.75980007835522,0.6725293803684856,5.563533305160796,0.0,5.480030391451612,1.9188668843086192,609.7479560380766,7.003119945526123,0.9444444444444444,2.83240982305287,5.373339438555188,23.196285225488424,48.72947759814197,0.08360096111784276,468.89241921486996,245.8453932409897,12.625705889512492,0.8495962837945462,1.0,0.5222222222222223,4.5948,7508.727062212888,80.02815840547235,Wh,80.02815840547235,Wh
9,adbf228b16e88d84e912a9d0b1355ec8,ARIMA,"{""p"": 5, ""d"": 0, ""q"": 2, ""regression_type"": null}","{""fillna"": ""ffill_mean_biased"", ""transformations"": {""0"": ""DifferencedTransformer"", ""1"": ""DifferencedTransformer""}, ""transformation_params"": {""0"": {""lag"": 1, ""fill"": ""bfill""}, ""1"": {""lag"": 1, ""fill"": ""bfill""}}}",0,1,38.239544761952,2.94485871844643,3.2244411015536727,0.5555021764158056,2.94485871844643,0.0,-0.18667418841914873,1.3050331598900609,264.8506104717595,2.9446862785165635,608.9134334598921,1.0,0.4666666666666667,5.695867806023067,0.03333333333333333,3.817140356325308,2.5874419774126345,14.37516918365044,18.944030634651845,0.016082491772637385,264.6639362833404,122.39267468148996,21.013143267055106,0.4795502923618853,38.239544761952,2.94485871844643,3.2244411015536727,0.5555021764158056,2.94485871844643,0.0,1.3050331598900609,2.9446862785165635,608.9134334598921,5.695867806023067,0.03333333333333333,3.817140356325308,2.5874419774126345,14.37516918365044,18.944030634651845,0.016082491772637385,264.6639362833404,122.39267468148996,21.013143267055106,0.4795502923618853,1.0,0.4666666666666667,0.3066,7370.258314346772,42.360062764961896,Wh,42.360062764961896,Wh
10,e8a7464ef492e5e31ae6a34b5084b6ec,WindowRegression,"{""window_size"": 10, ""input_dim"": ""univariate"", ""output_dim"": ""1step"", ""normalize_window"": false, ""max_windows"": 5000000, ""fourier_encoding_components"": null, ""scale"": true, ""datepart_method"": null, ""regression_type"": null, ""regression_model"": {""model"": ""SVM"", ""model_params"": {""C"": 0.1, ""tol"": 0.001, ""epsilon"": 0.0, ""loss"": ""squared_epsilon_insensitive"", ""max_iter"": 50}}}","{""fillna"": ""ffill"", ""transformations"": {""0"": ""DatepartRegression"", ""1"": ""Detrend"", ""2"": ""DatepartRegression"", ""3"": ""DifferencedTransformer"", ""4"": ""DifferencedTransformer""}, ""transformation_params"": {""0"": {""regression_model"": {""model"": ""ElasticNet"", ""model_params"": {""l1_ratio"": 0.5, ""fit_intercept"": true, ""selection"": ""cyclic"", ""max_iter"": 1000}}, ""datepart_method"": ""common_fourier"", ""polynomial_degree"": null, ""transform_dict"": {""fillna"": null, ""transformations"": {""0"": ""AnomalyRemoval""}, ""transformation_params"": {""0"": {""method"": ""zscore"", ""transform_dict"": {""transformations"": {""0"": ""DatepartRegression""}, ""transformation_params"": {""0"": {""datepart_method"": ""simple_3"", ""regression_model"": {""model"": ""ElasticNet"", ""model_params"": {}}}}}, ""method_params"": {""distribution"": ""uniform"", ""alpha"": 0.05}}}}, ""holiday_countries_used"": false, ""lags"": null, ""forward_lags"": null}, ""1"": {""model"": ""Linear"", ""phi"": 1, ""window"": 30, ""transform_dict"": null}, ""2"": {""regression_model"": {""model"": ""ElasticNet"", ""model_params"": {""l1_ratio"": 0.5, ""fit_intercept"": true, ""selection"": ""cyclic"", ""max_iter"": 1000}}, ""datepart_method"": ""common_fourier"", ""polynomial_degree"": null, ""transform_dict"": null, ""holiday_countries_used"": false, ""lags"": null, ""forward_lags"": null}, ""3"": {""lag"": 1, ""fill"": ""zero""}, ""4"": {""lag"": 1, ""fill"": ""zero""}}}",0,1,125.68747119356264,41.50803593152788,54.27704416036445,1.6627079504997868,41.50803593152788,0.0,-0.1704889387059012,3.213446951880419,3735.552744898803,41.5078907384072,529.4604044639364,1.0,0.4666666666666667,117.57680844272818,0.03333333333333333,59.32075366731705,30.403875422832865,251.26447035524194,7046.711917526285,0.05032668021811274,3735.3822559600967,1198.8485535948935,25.853397509198338,6.768219645200746,125.68747119356264,41.50803593152788,54.27704416036445,1.6627079504997868,41.50803593152788,0.0,3.213446951880419,41.5078907384072,529.4604044639364,117.57680844272818,0.03333333333333333,59.32075366731705,30.403875422832865,251.26447035524194,7046.711917526285,0.05032668021811274,3735.3822559600967,1198.8485535948935,25.853397509198338,6.768219645200746,1.0,0.4666666666666667,0.5588,6869.213698088712,597.0687137878732,Wh,597.0687137878732,Wh
11,6ca2ea8b3f973be1ed9ed29723aa5d18,WindowRegression,"{""window_size"": 10, ""input_dim"": ""univariate"", ""output_dim"": ""1step"", ""normalize_window"": false, ""max_windows"": 5000000, ""fourier_encoding_components"": null, ""scale"": true, ""datepart_method"": null, ""regression_type"": null, ""regression_model"": {""model"": ""SVM"", ""model_params"": {""C"": 0.1, ""tol"": 0.001, ""epsilon"": 0.0, ""loss"": ""squared_epsilon_insensitive"", ""max_iter"": 50}}}","{""fillna"": ""ffill"", ""transformations"": {""0"": ""DifferencedTransformer"", ""1"": ""DatepartRegression"", ""2"": ""DatepartRegression"", ""3"": ""DifferencedTransformer""}, ""transformation_params"": {""0"": {""lag"": 1, ""fill"": ""bfill""}, ""1"": {""regression_model"": {""model"": ""ElasticNet"", ""model_params"": {""l1_ratio"": 0.9, ""fit_intercept"": true, ""selection"": ""cyclic"", ""max_iter"": 1000}}, ""datepart_method"": ""expanded_binarized"", ""polynomial_degree"": null, ""transform_dict"": null, ""holiday_countries_used"": false, ""lags"": null, ""forward_lags"": null}, ""2"": {""regression_model"": {""model"": ""ElasticNet"", ""model_params"": {""l1_ratio"": 0.5, ""fit_intercept"": true, ""selection"": ""cyclic"", ""max_iter"": 1000}}, ""datepart_method"": ""common_fourier"", ""polynomial_degree"": null, ""transform_dict"": null, ""holiday_countries_used"": false, ""lags"": null, ""forward_lags"": null}, ""3"": {""lag"": 1, ""fill"": ""bfill""}}}",0,1,128.2407859864264,45.84993771691176,60.18304001276054,1.825344794998415,45.84993771691176,0.0,-0.15689457027467757,3.2892821923847673,4126.337499951784,45.84981376969427,520.6985931372657,1.0,0.4666666666666667,130.84314003319622,0.03333333333333333,65.7717934561331,33.44850849918932,278.45830705762245,8695.11408181682,0.049742645692948076,4126.180605381509,1314.6219865782552,30.754162567559323,7.476315600211966,128.2407859864264,45.84993771691176,60.18304001276054,1.825344794998415,45.84993771691176,0.0,3.2892821923847673,45.84981376969427,520.6985931372657,130.84314003319622,0.03333333333333333,65.7717934561331,33.44850849918932,278.45830705762245,8695.11408181682,0.049742645692948076,4126.180605381509,1314.6219865782552,30.754162567559323,7.476315600211966,1.0,0.4666666666666667,0.3384,6810.13556029837,659.5244204049943,Wh,659.5244204049943,Wh
12,c5ee23217473a40928bda80c78eb869e,DatepartRegression,"{""regression_model"": {""model"": ""ElasticNet"", ""model_params"": {""l1_ratio"": 0.5, ""fit_intercept"": true, ""selection"": ""cyclic"", ""max_iter"": 200}}, ""datepart_method"": ""common_fourier"", ""polynomial_degree"": null, ""holiday_countries_used"": false, ""lags"": null, ""forward_lags"": null, ""regression_type"": null}","{""fillna"": ""time"", ""transformations"": {""0"": ""Detrend"", ""1"": ""DifferencedTransformer"", ""2"": ""DifferencedTransformer"", ""3"": ""Detrend"", ""4"": ""Detrend""}, ""transformation_params"": {""0"": {""model"": ""Linear"", ""phi"": 0.998, ""window"": null, ""transform_dict"": null}, ""1"": {""lag"": 2, ""fill"": ""zero""}, ""2"": {""lag"": 1, ""fill"": ""bfill""}, ""3"": {""model"": ""GLS"", ""phi"": 1, ""window"": null, ""transform_dict"": null}, ""4"": {""model"": ""Linear"", ""phi"": 0.999, ""window"": null, ""transform_dict"": null}}}",0,1,114.24469084035393,23.039298395315534,27.835004563492948,0.9084849735631484,23.039298395315534,0.0,0.0,2.886333454119846,2073.536855578398,23.039298395315534,518.6147434023229,1.0,0.4777777777777778,55.02477531445318,0.03333333333333333,30.447633196864423,18.314111199028364,129.57662608834192,1698.552920946766,0.013099794852946513,2073.536855578398,772.4260458305755,3.445941362015396,3.7570861345129805,114.24469084035393,23.039298395315534,27.835004563492948,0.9084849735631484,23.039298395315534,0.0,2.886333454119846,23.039298395315534,518.6147434023229,55.02477531445318,0.03333333333333333,30.447633196864423,18.314111199028364,129.57662608834192,1698.552920946766,0.013099794852946513,2073.536855578398,772.4260458305755,3.445941362015396,3.7570861345129805,1.0,0.4777777777777778,0.1849,6537.504367721591,331.40677342956394,Wh,331.40677342956394,Wh
13,836e160e42ee2a1ed8b59bcd4cbe186e,WindowRegression,"{""window_size"": 10, ""input_dim"": ""univariate"", ""output_dim"": ""1step"", ""normalize_window"": false, ""max_windows"": 5000000, ""fourier_encoding_components"": null, ""scale"": true, ""datepart_method"": null, ""regression_type"": null, ""regression_model"": {""model"": ""SVM"", ""model_params"": {""C"": 0.1, ""tol"": 0.001, ""epsilon"": 0.0, ""loss"": ""squared_epsilon_insensitive"", ""max_iter"": 50}}}","{""fillna"": ""rolling_mean_24"", ""transformations"": {""0"": ""MinMaxScaler"", ""1"": ""DifferencedTransformer"", ""2"": ""DatepartRegression""}, ""transformation_params"": {""0"": {}, ""1"": {""lag"": 1, ""fill"": ""bfill""}, ""2"": {""regression_model"": {""model"": ""DecisionTree"", ""model_params"": {""max_depth"": null, ""min_samples_split"": 1.0}}, ""datepart_method"": [""weekdayofmonth"", ""common_fourier""], ""polynomial_degree"": null, ""transform_dict"": null, ""holiday_countries_used"": true, ""lags"": null, ""forward_lags"": null}}}",0,1,168.33885088745384,298.560589932315,362.0064093320037,8.73559217107641,298.560589932315,0.0,-1.064812639452267,5.019512597949463,26869.388281268897,298.55837806231546,290.38451903049554,0.12222222222222222,0.4666666666666667,654.6030589979079,0.06666666666666667,395.5271244442683,242.67861763228274,1672.085755653434,265849.94394927693,0.13043532092590504,26868.323468629445,9873.389133440094,333.4274362301324,48.683294579511625,168.33885088745384,298.560589932315,362.0064093320037,8.73559217107641,298.560589932315,0.0,5.019512597949463,298.55837806231546,290.38451903049554,654.6030589979079,0.06666666666666667,395.5271244442683,242.67861763228274,1672.085755653434,265849.94394927693,0.13043532092590504,26868.323468629445,9873.389133440094,333.4274362301324,48.683294579511625,0.12222222222222222,0.4666666666666667,0.577,6502.107359708189,4294.618702573584,Wh,4294.618702573584,Wh
14,ce3b6caa1fe85398d06815723daa029d,ARIMA,"{""p"": 4, ""d"": 1, ""q"": 5, ""regression_type"": null}","{""fillna"": ""zero"", ""transformations"": {""0"": ""Scaler"", ""1"": ""DifferencedTransformer"", ""2"": ""DatepartRegression"", ""3"": ""DifferencedTransformer""}, ""transformation_params"": {""0"": {}, ""1"": {""lag"": 1, ""fill"": ""bfill""}, ""2"": {""regression_model"": {""model"": ""ElasticNet"", ""model_params"": {""l1_ratio"": 0.5, ""fit_intercept"": true, ""selection"": ""cyclic"", ""max_iter"": 200}}, ""datepart_method"": [""dayofmonthofyear"", ""is_quarter_start"", ""is_quarter_end""], ""polynomial_degree"": null, ""transform_dict"": {""fillna"": null, ""transformations"": {""0"": ""EWMAFilter""}, ""transformation_params"": {""0"": {""span"": 7}}}, ""holiday_countries_used"": false, ""lags"": null, ""forward_lags"": null}, ""3"": {""lag"": 7, ""fill"": ""zero""}}}",0,1,178.06858640831516,5.550676554921323,5.724386560261166,0.6371027177725136,5.550676554921323,0.0,-499.54759275229424,5.5506755812362405,0.013297190624866673,1.83893490204867,523.0577445350281,1.0,0.4777777777777778,7.003119945526123,0.9666666666666667,2.783364413440386,5.359379212891257,20.951927178640208,39.21938204708379,0.08365450913696446,499.53429556166935,303.7227238480518,16.278691926509104,0.9051169601926072,178.06858640831516,5.550676554921323,5.724386560261166,0.6371027177725136,5.550676554921323,0.0,5.5506755812362405,1.83893490204867,523.0577445350281,7.003119945526123,0.9666666666666667,2.783364413440386,5.359379212891257,20.951927178640208,39.21938204708379,0.08365450913696446,499.53429556166935,303.7227238480518,16.278691926509104,0.9051169601926072,1.0,0.4777777777777778,1.8345,6466.466841664919,79.84322160572503,Wh,79.84322160572503,Wh
15,84b6337b9e20c1ccd2476e1fab4fbdfe,WindowRegression,"{""window_size"": 10, ""input_dim"": ""univariate"", ""output_dim"": ""1step"", ""normalize_window"": false, ""max_windows"": 5000000, ""fourier_encoding_components"": null, ""scale"": true, ""datepart_method"": null, ""regression_type"": null, ""regression_model"": {""model"": ""SVM"", ""model_params"": {""C"": 0.1, ""tol"": 0.001, ""epsilon"": 0.0, ""loss"": ""squared_epsilon_insensitive"", ""max_iter"": 50}}}","{""fillna"": ""ffill"", ""transformations"": {""0"": ""DifferencedTransformer"", ""1"": ""DifferencedTransformer"", ""2"": ""MinMaxScaler""}, ""transformation_params"": {""0"": {""lag"": 1, ""fill"": ""bfill""}, ""1"": {""lag"": 1, ""fill"": ""bfill""}, ""2"": {}}}",0,1,182.1930098253085,5.604876376568419,5.795184421878984,0.5875175102903644,5.604876376568419,0.0,-504.43887389115775,5.604876376568419,0.0,1.8410912387035119,498.4742765407641,1.0,0.5222222222222223,7.003119945526123,0.9666666666666667,2.7800831343189314,5.422298338906321,23.25719911939249,48.84265058269467,0.03451806450425324,504.43887389115775,282.9680055491462,16.34374582181808,0.914003671411547,182.1930098253085,5.604876376568419,5.795184421878984,0.5875175102903644,5.604876376568419,0.0,5.604876376568419,1.8410912387035119,498.4742765407641,7.003119945526123,0.9666666666666667,2.7800831343189314,5.422298338906321,23.25719911939249,48.84265058269467,0.03451806450425324,504.43887389115775,282.9680055491462,16.34374582181808,0.914003671411547,1.0,0.5222222222222223,0.2679,6174.674090237315,80.62285420148908,Wh,80.62285420148908,Wh
16,3bf9257cfd86006c8ee3729b7ecbc4b0,ARIMA,"{""p"": 2, ""d"": 1, ""q"": 7, ""regression_type"": null}","{""fillna"": ""linear"", ""transformations"": {""0"": ""MinMaxScaler"", ""1"": ""DifferencedTransformer"", ""2"": ""DifferencedTransformer""}, ""transformation_params"": {""0"": {}, ""1"": {""lag"": 1, ""fill"": ""zero""}, ""2"": {""lag"": 2, ""fill"": ""bfill""}}}",0,1,190.7884441836138,5.842666863884401,5.952228991667601,0.6039784514611092,5.842666863884401,0.0,-525.8400177495961,5.842666863884401,0.0,1.8961507632959373,481.3541007009583,1.0,0.5222222222222223,7.003119945526123,0.9666666666666667,2.8335929145592056,5.701579833680711,23.533381516703287,51.04409674083898,0.04952728164872225,525.8400177495961,306.8855800472068,16.627608710435556,0.9527808653818118,190.7884441836138,5.842666863884401,5.952228991667601,0.6039784514611092,5.842666863884401,0.0,5.842666863884401,1.8961507632959373,481.3541007009583,7.003119945526123,0.9666666666666667,2.8335929145592056,5.701579833680711,23.533381516703287,51.04409674083898,0.04952728164872225,525.8400177495961,306.8855800472068,16.627608710435556,0.9527808653818118,1.0,0.5222222222222223,1.3997,5977.326310002593,84.04333067613972,Wh,84.04333067613972,Wh
17,b1f4b338b9e12d1bf6da0ec1e2f15458,RollingRegression,"{""regression_model"": {""model"": ""DecisionTree"", ""model_params"": {""max_depth"": null, ""min_samples_split"": 1.0}}, ""holiday"": true, ""mean_rolling_periods"": 12, ""macd_periods"": 96, ""std_rolling_periods"": 30, ""max_rolling_periods"": 12, ""min_rolling_periods"": null, ""ewm_var_alpha"": null, ""quantile90_rolling_periods"": null, ""quantile10_rolling_periods"": null, ""ewm_alpha"": null, ""additional_lag_periods"": 6, ""abs_energy"": false, ""rolling_autocorr_periods"": 7, ""nonzero_last_n"": null, ""add_date_part"": null, ""polynomial_degree"": null, ""x_transform"": null, ""regression_type"": null}","{""fillna"": ""ffill"", ""transformations"": {""0"": ""DifferencedTransformer"", ""1"": ""DifferencedTransformer"", ""2"": ""Scaler"", ""3"": ""Scaler""}, ""transformation_params"": {""0"": {""lag"": 7, ""fill"": ""bfill""}, ""1"": {""lag"": 1, ""fill"": ""bfill""}, ""2"": {}, ""3"": {}}}",0,1,186.19301445743275,10.005622471956906,14.377241954891417,1.6732625034664035,10.005622471956906,0.0,-446.3060328724374,5.514873875352034,454.19998960368406,6.647693970321831,468.84661422318896,0.9555555555555556,0.5333333333333333,43.01124308950606,0.8666666666666667,12.147408946446738,5.940898363008699,28.231267185241673,2218.5278366067337,0.4802006378638924,7.893956731246703,288.1792797384641,80.1004380553131,0.014303230396712403,186.19301445743275,10.005622471956906,14.377241954891417,1.6732625034664035,10.005622471956906,0.0,5.514873875352034,6.647693970321831,468.84661422318896,43.01124308950606,0.8666666666666667,12.147408946446738,5.940898363008699,28.231267185241673,2218.5278366067337,0.4802006378638924,7.893956731246703,288.1792797384641,80.1004380553131,0.014303230396712403,0.9555555555555556,0.5333333333333333,9.0598,5875.854987935069,143.92500165108274,Wh,143.92500165108274,Wh
18,fee400d155ef0d9692bbe8f5ae03f471,RollingRegression,"{""regression_model"": {""model"": ""ElasticNet"", ""model_params"": {""l1_ratio"": 0.5, ""fit_intercept"": true, ""selection"": ""cyclic"", ""max_iter"": 1000}}, ""holiday"": true, ""mean_rolling_periods"": null, ""macd_periods"": null, ""std_rolling_periods"": null, ""max_rolling_periods"": null, ""min_rolling_periods"": 24, ""ewm_var_alpha"": null, ""quantile90_rolling_periods"": null, ""quantile10_rolling_periods"": null, ""ewm_alpha"": 0.5, ""additional_lag_periods"": 59, ""abs_energy"": false, ""rolling_autocorr_periods"": null, ""nonzero_last_n"": null, ""add_date_part"": null, ""polynomial_degree"": null, ""x_transform"": null, ""regression_type"": null}","{""fillna"": ""quadratic"", ""transformations"": {""0"": ""DatepartRegression"", ""1"": ""MinMaxScaler"", ""2"": ""DifferencedTransformer"", ""3"": ""DatepartRegression""}, ""transformation_params"": {""0"": {""regression_model"": {""model"": ""ElasticNet"", ""model_params"": {""l1_ratio"": 0.1, ""fit_intercept"": true, ""selection"": ""cyclic"", ""max_iter"": 1000}}, ""datepart_method"": [""weekend"", ""isoweek"", ""weekdaymonthofyear""], ""polynomial_degree"": null, ""transform_dict"": {""fillna"": null, ""transformations"": {""0"": ""ScipyFilter""}, ""transformation_params"": {""0"": {""method"": ""savgol_filter"", ""method_args"": {""window_length"": 31, ""polyorder"": 3, ""deriv"": 0, ""mode"": ""interp""}}}}, ""holiday_countries_used"": true, ""lags"": null, ""forward_lags"": null}, ""1"": {}, ""2"": {""lag"": 1, ""fill"": ""bfill""}, ""3"": {""regression_model"": {""model"": ""DecisionTree"", ""model_params"": {""max_depth"": 3, ""min_samples_split"": 1.0}}, ""datepart_method"": ""common_fourier"", ""polynomial_degree"": null, ""transform_dict"": null, ""holiday_countries_used"": true, ""lags"": null, ""forward_lags"": null}}}",0,1,167.57855016404105,231.96271185388642,266.3773122606295,4.913947045120728,231.96271185388642,0.0,-0.24570553635081094,4.867107636905138,20876.39836131343,231.9624775335293,191.70058544670198,0.12222222222222222,0.5222222222222223,348.96807600903634,0.06666666666666667,291.0447139539702,210.5500013833805,1175.2944705344137,115540.19455797397,0.18006977173870917,20876.152655777078,8814.621049434183,252.5465337021529,37.82595109124209,167.57855016404105,231.96271185388642,266.3773122606295,4.913947045120728,231.96271185388642,0.0,4.867107636905138,231.9624775335293,191.70058544670198,348.96807600903634,0.06666666666666667,291.0447139539702,210.5500013833805,1175.2944705344137,115540.19455797397,0.18006977173870917,20876.152655777078,8814.621049434183,252.5465337021529,37.82595109124209,0.12222222222222222,0.5222222222222223,6.1246,4621.722307749645,3336.647348041578,Wh,3336.647348041578,Wh
19,068fbfb369c970b27bd7aad3caf2d4d1,WindowRegression,"{""window_size"": 5, ""input_dim"": ""univariate"", ""output_dim"": ""1step"", ""normalize_window"": false, ""max_windows"": 5000000, ""fourier_encoding_components"": null, ""scale"": true, ""datepart_method"": null, ""regression_type"": null, ""regression_model"": {""model"": ""RANSAC"", ""model_params"": {}}}","{""fillna"": ""rolling_mean"", ""transformations"": {""0"": ""DifferencedTransformer"", ""1"": ""Detrend"", ""2"": ""Scaler"", ""3"": ""DatepartRegression"", ""4"": ""DatepartRegression""}, ""transformation_params"": {""0"": {""lag"": 1, ""fill"": ""bfill""}, ""1"": {""model"": ""Linear"", ""phi"": 1, ""window"": 30, ""transform_dict"": null}, ""2"": {}, ""3"": {""regression_model"": {""model"": ""ElasticNet"", ""model_params"": {""l1_ratio"": 0.5, ""fit_intercept"": true, ""selection"": ""cyclic"", ""max_iter"": 1000}}, ""datepart_method"": ""simple"", ""polynomial_degree"": 2, ""transform_dict"": {""fillna"": null, ""transformations"": {""0"": ""AnomalyRemoval""}, ""transformation_params"": {""0"": {""method"": ""zscore"", ""transform_dict"": {""transformations"": {""0"": ""DatepartRegression""}, ""transformation_params"": {""0"": {""datepart_method"": ""simple_3"", ""regression_model"": {""model"": ""ElasticNet"", ""model_params"": {}}}}}, ""method_params"": {""distribution"": ""uniform"", ""alpha"": 0.05}}}}, ""holiday_countries_used"": false, ""lags"": null, ""forward_lags"": null}, ""4"": {""regression_model"": {""model"": ""DecisionTree"", ""model_params"": {""max_depth"": null, ""min_samples_split"": 1.0}}, ""datepart_method"": [168, ""hour""], ""polynomial_degree"": null, ""transform_dict"": null, ""holiday_countries_used"": false, ""lags"": null, ""forward_lags"": null}}}",0,1,145.24309239123397,96.85095875133305,113.42673377732137,2.318635532173203,96.85095875133305,0.0,-0.3520679408032379,3.9289159196898265,8716.23421967917,96.85039838786226,54.883682492708424,0.26666666666666666,0.5444444444444444,143.27738066411095,0.022222222222222223,123.93762891038256,88.59579194791878,486.5638201706022,20261.20412801813,0.24598906483003716,8715.882151738368,3684.0998782437496,97.19980403123732,15.79249478698609,145.24309239123397,96.85095875133305,113.42673377732137,2.318635532173203,96.85095875133305,0.0,3.9289159196898265,96.85039838786226,54.883682492708424,143.27738066411095,0.022222222222222223,123.93762891038256,88.59579194791878,486.5638201706022,20261.20412801813,0.24598906483003716,8715.882151738368,3684.0998782437496,97.19980403123732,15.79249478698609,0.26666666666666666,0.5444444444444444,0.4713,1691.960350591085,1393.1441484288086,Wh,1393.1441484288086,Wh
20,7bbffa79f5d8c699d25b48623d90628d,DatepartRegression,"{""regression_model"": {""model"": ""RadiusNeighbors"", ""model_params"": {""radius"": 1.0, ""weights"": ""uniform"", ""algorithm"": ""auto"", ""leaf_size"": 10, ""p"": 2, ""metric"": ""euclidean""}}, ""datepart_method"": [168, ""hour""], ""polynomial_degree"": null, ""holiday_countries_used"": false, ""lags"": null, ""forward_lags"": null, ""regression_type"": null}","{""fillna"": ""ffill"", ""transformations"": {""0"": ""Scaler"", ""1"": ""DifferencedTransformer"", ""2"": ""DatepartRegression""}, ""transformation_params"": {""0"": {}, ""1"": {""lag"": 1, ""fill"": ""bfill""}, ""2"": {""regression_model"": {""model"": ""ElasticNet"", ""model_params"": {""l1_ratio"": 0.5, ""fit_intercept"": true, ""selection"": ""cyclic"", ""max_iter"": 1000}}, ""datepart_method"": ""common_fourier"", ""polynomial_degree"": null, ""transform_dict"": null, ""holiday_countries_used"": false, ""lags"": null, ""forward_lags"": null}}}",0,1,155.18878012653929,109.30616892447732,124.9084434965729,2.4872020016830954,109.30616892447732,0.0,-0.8260578272262045,4.173116478751918,9836.729145375733,109.3050753265669,29.737116062421993,0.7666666666666667,0.4111111111111111,154.38002480121142,0.044444444444444446,136.48153799975165,101.13909310539475,536.1267872638996,24563.93665807686,0.31376500679338204,9835.903087548506,4326.72421735515,110.99242585680734,17.821884868467293,155.18878012653929,109.30616892447732,124.9084434965729,2.4872020016830954,109.30616892447732,0.0,4.173116478751918,109.3050753265669,29.737116062421993,154.38002480121142,0.044444444444444446,136.48153799975165,101.13909310539475,536.1267872638996,24563.93665807686,0.31376500679338204,9835.903087548506,4326.72421735515,110.99242585680734,17.821884868467293,0.7666666666666667,0.4111111111111111,0.2196,1505.4121894968816,1572.305030198893,Wh,1572.305030198893,Wh
21,7427838ae529b8afb2d50d7291093e05,RollingRegression,"{""regression_model"": {""model"": ""SVM"", ""model_params"": {""C"": 0.25, ""tol"": 0.001, ""epsilon"": 0.05, ""loss"": ""squared_epsilon_insensitive"", ""max_iter"": 100}}, ""holiday"": false, ""mean_rolling_periods"": 5, ""macd_periods"": 12, ""std_rolling_periods"": null, ""max_rolling_periods"": 12, ""min_rolling_periods"": null, ""ewm_var_alpha"": null, ""quantile90_rolling_periods"": null, ""quantile10_rolling_periods"": null, ""ewm_alpha"": 0.2, ""additional_lag_periods"": 90, ""abs_energy"": false, ""rolling_autocorr_periods"": null, ""nonzero_last_n"": null, ""add_date_part"": null, ""polynomial_degree"": null, ""x_transform"": ""Nystroem"", ""regression_type"": null}","{""fillna"": ""ffill"", ""transformations"": {""0"": ""MinMaxScaler"", ""1"": ""DifferencedTransformer""}, ""transformation_params"": {""0"": {}, ""1"": {""lag"": 7, ""fill"": ""bfill""}}}",0,1,160.36698329405922,49.921771515944805,50.099456042480334,1.1423844895140656,49.921771515944805,0.0,0.0,3.926815848064833,4492.959436435032,49.921771515944805,32.301303734663584,0.8888888888888888,0.4777777777777778,57.01167707664439,0.03333333333333333,54.13067672802395,48.83206101803389,205.99388569880267,5672.638045789725,0.4176948770665773,4492.959436435032,2582.0849027543636,34.582487505244636,8.140890072026542,160.36698329405922,49.921771515944805,50.099456042480334,1.1423844895140656,49.921771515944805,0.0,3.926815848064833,49.921771515944805,32.301303734663584,57.01167707664439,0.03333333333333333,54.13067672802395,48.83206101803389,205.99388569880267,5672.638045789725,0.4176948770665773,4492.959436435032,2582.0849027543636,34.582487505244636,8.140890072026542,0.8888888888888888,0.4777777777777778,0.7865,956.2084597468108,718.0953576846364,Wh,718.0953576846364,Wh
22,bc44eee87f15d798a0f6469270fa6d9a,WindowRegression,"{""window_size"": 28, ""input_dim"": ""univariate"", ""output_dim"": ""1step"", ""normalize_window"": false, ""max_windows"": 5000000, ""fourier_encoding_components"": null, ""scale"": true, ""datepart_method"": null, ""regression_type"": null, ""regression_model"": {""model"": ""MLP"", ""model_params"": {""hidden_layer_sizes"": [100], ""max_iter"": 250, ""activation"": ""identity"", ""solver"": ""adam"", ""early_stopping"": true, ""learning_rate_init"": 0.001, ""alpha"": 0.0001}}}","{""fillna"": ""ffill"", ""transformations"": {""0"": ""Scaler"", ""1"": ""Detrend"", ""2"": ""DatepartRegression""}, ""transformation_params"": {""0"": {}, ""1"": {""model"": ""Linear"", ""phi"": 1, ""window"": 30, ""transform_dict"": null}, ""2"": {""regression_model"": {""model"": ""ElasticNet"", ""model_params"": {""l1_ratio"": 0.5, ""fit_intercept"": true, ""selection"": ""cyclic"", ""max_iter"": 1000}}, ""datepart_method"": ""common_fourier"", ""polynomial_degree"": null, ""transform_dict"": null, ""holiday_countries_used"": false, ""lags"": null, ""forward_lags"": null}}}",0,1,94.89178726401467,25.90552175051088,73.75320031512821,61.620420673497314,25.90552175051088,0.0,-157.60807660632773,2.8892375008654763,2173.888880939651,24.7743646593585,30.267761961996335,0.3333333333333333,0.5111111111111111,408.00667377263807,0.6444444444444445,80.53108457511262,3.6831381035202235,202.6551715201117,6502.223214628038,4.6108922714620055,2016.2808043333234,256.1508599009375,668.1385511762207,3.653342660809529,94.89178726401467,25.90552175051088,73.75320031512821,61.620420673497314,25.90552175051088,0.0,2.8892375008654763,24.7743646593585,30.267761961996335,408.00667377263807,0.6444444444444445,80.53108457511262,3.6831381035202235,202.6551715201117,6502.223214628038,4.6108922714620055,2016.2808043333234,256.1508599009375,668.1385511762207,3.653342660809529,0.3333333333333333,0.5111111111111111,0.319,845.5314310841493,372.6357126869714,Wh,372.6357126869714,Wh
23,7c590ee874739535c97c7776b2a61320,ARIMA,"{""p"": 5, ""d"": 1, ""q"": 2, ""regression_type"": null}","{""fillna"": ""time"", ""transformations"": {""0"": ""DifferencedTransformer"", ""1"": ""Detrend"", ""2"": ""DatepartRegression"", ""3"": ""DatepartRegression"", ""4"": ""Detrend""}, ""transformation_params"": {""0"": {""lag"": 7, ""fill"": ""bfill""}, ""1"": {""model"": ""Linear"", ""phi"": 1, ""window"": 30, ""transform_dict"": null}, ""2"": {""regression_model"": {""model"": ""ElasticNet"", ""model_params"": {""l1_ratio"": 0.5, ""fit_intercept"": true, ""selection"": ""cyclic"", ""max_iter"": 1000}}, ""datepart_method"": ""common_fourier"", ""polynomial_degree"": null, ""transform_dict"": null, ""holiday_countries_used"": false, ""lags"": null, ""forward_lags"": null}, ""3"": {""regression_model"": {""model"": ""DecisionTree"", ""model_params"": {""max_depth"": null, ""min_samples_split"": 1.0}}, ""datepart_method"": [""weekdaymonthofyear"", ""quarter"", ""dayofweek""], ""polynomial_degree"": null, ""transform_dict"": null, ""holiday_countries_used"": false, ""lags"": null, ""forward_lags"": null}, ""4"": {""model"": ""GLS"", ""phi"": 1, ""window"": null, ""transform_dict"": {""fillna"": ""nearest"", ""transformations"": {""0"": ""AlignLastValue"", ""1"": ""STLFilter""}, ""transformation_params"": {""0"": {""rows"": 1, ""lag"": 2, ""method"": ""additive"", ""strength"": 1.0, ""first_value_only"": false, ""threshold"": null, ""threshold_method"": ""max"", ""mean_type"": ""arithmetic""}, ""1"": {""decomp_type"": ""seasonal_decompose"", ""part"": ""trend""}}}}}}",0,1,154.41921643981533,19.751209480091536,25.29660128078387,1.5331794844623603,19.751209480091536,0.0,-213.92353337050235,4.267433813542113,1563.6853198377357,18.154886407034116,31.67161691309949,0.8777777777777778,0.5333333333333333,45.25389169272591,0.45555555555555555,26.048121910078027,15.325193393994779,45.86785541363394,2754.5454413595444,0.4254747889130385,1349.7617864672334,1419.3944705866052,64.01604793422759,2.4456624820478274,154.41921643981533,19.751209480091536,25.29660128078387,1.5331794844623603,19.751209480091536,0.0,4.267433813542113,18.154886407034116,31.67161691309949,45.25389169272591,0.45555555555555555,26.048121910078027,15.325193393994779,45.86785541363394,2754.5454413595444,0.4254747889130385,1349.7617864672334,1419.3944705866052,64.01604793422759,2.4456624820478274,0.8777777777777778,0.5333333333333333,0.603,695.5481854911194,284.1095459078499,Wh,284.1095459078499,Wh
24,98d0079ea7fdf917efe2b5886c64301f,WindowRegression,"{""window_size"": 10, ""input_dim"": ""univariate"", ""output_dim"": ""1step"", ""normalize_window"": false, ""max_windows"": 5000000, ""fourier_encoding_components"": null, ""scale"": true, ""datepart_method"": null, ""regression_type"": null, ""regression_model"": {""model"": ""SVM"", ""model_params"": {""C"": 0.1, ""tol"": 0.001, ""epsilon"": 0.0, ""loss"": ""squared_epsilon_insensitive"", ""max_iter"": 50}}}","{""fillna"": ""ffill"", ""transformations"": {""0"": ""Scaler"", ""1"": ""DifferencedTransformer"", ""2"": ""MinMaxScaler"", ""3"": ""Scaler""}, ""transformation_params"": {""0"": {}, ""1"": {""lag"": 7, ""fill"": ""bfill""}, ""2"": {}, ""3"": {}}}",0,1,143.99263897730728,32.321085934631256,32.92521796870461,1.1817135699692143,32.321085934631256,0.0,0.0,3.4877122487376164,2908.897734116813,32.321085934631256,20.200065749748006,0.7666666666666667,0.5444444444444444,43.12381736285549,0.03333333333333333,35.02782835080039,30.66377358361629,111.64681360630503,3387.4290575004934,0.43309208459799464,2908.897734116813,1949.5582756688666,41.89521589408761,5.270694520892875,143.99263897730728,32.321085934631256,32.92521796870461,1.1817135699692143,32.321085934631256,0.0,3.4877122487376164,32.321085934631256,20.200065749748006,43.12381736285549,0.03333333333333333,35.02782835080039,30.66377358361629,111.64681360630503,3387.4290575004934,0.43309208459799464,2908.897734116813,1949.5582756688666,41.89521589408761,5.270694520892875,0.7666666666666667,0.5444444444444444,0.2854,643.6933823481914,464.91983477733453,Wh,464.91983477733453,Wh
25,7162202589f452c04a75e9f061deb3d9,ARIMA,"{""p"": 3, ""d"": 1, ""q"": 3, ""regression_type"": null}","{""fillna"": ""ffill"", ""transformations"": {""0"": ""Scaler"", ""1"": ""MinMaxScaler"", ""2"": ""DatepartRegression"", ""3"": ""DifferencedTransformer""}, ""transformation_params"": {""0"": {}, ""1"": {}, ""2"": {""regression_model"": {""model"": ""ElasticNet"", ""model_params"": {""l1_ratio"": 0.5, ""fit_intercept"": true, ""selection"": ""cyclic"", ""max_iter"": 1000}}, ""datepart_method"": ""common_fourier"", ""polynomial_degree"": null, ""transform_dict"": null, ""holiday_countries_used"": false, ""lags"": null, ""forward_lags"": null}, ""3"": {""lag"": 1, ""fill"": ""bfill""}}}",0,1,129.652883680953,4.352551703472855,4.7677419278862985,0.5616331838974644,4.352551703472855,0.0,-391.72965331255693,4.352551703472855,0.0,1.5884386173285447,28.711282812875968,1.0,0.5222222222222223,6.759950160980225,0.9666666666666667,2.4976479188465475,3.9497225658521633,20.94194601926136,36.13084708466828,0.005403275575188567,391.72965331255693,181.77062885461945,17.3771560388154,0.7097834046106921,129.652883680953,4.352551703472855,4.7677419278862985,0.5616331838974644,4.352551703472855,0.0,4.352551703472855,1.5884386173285447,28.711282812875968,6.759950160980225,0.9666666666666667,2.4976479188465475,3.9497225658521633,20.94194601926136,36.13084708466828,0.005403275575188567,391.72965331255693,181.77062885461945,17.3771560388154,0.7097834046106921,1.0,0.5222222222222223,0.9688,482.07613513007044,62.608899432744025,Wh,62.608899432744025,Wh
26,493d5ef4ca73b960f767a3a07fd882d7,ARIMA,"{""p"": 4, ""d"": 1, ""q"": 3, ""regression_type"": null}","{""fillna"": ""zero"", ""transformations"": {""0"": ""Scaler"", ""1"": ""MinMaxScaler"", ""2"": ""MinMaxScaler"", ""3"": ""DifferencedTransformer""}, ""transformation_params"": {""0"": {}, ""1"": {}, ""2"": {}, ""3"": {""lag"": 2, ""fill"": ""bfill""}}}",0,1,89.55941142312273,9.980858467486364,10.081409337228262,0.6569104020462123,9.980858467486364,0.0,0.0,2.387494830603466,898.2772620737728,9.980858467486364,22.931275962724374,0.9777777777777777,0.5555555555555556,12.857016450979494,0.03333333333333333,11.04012465660584,9.599844732098306,42.26628341539133,213.91249475317997,0.20553932198178032,898.2772620737728,501.5612471323341,11.49121148934194,1.6276079381980646,89.55941142312273,9.980858467486364,10.081409337228262,0.6569104020462123,9.980858467486364,0.0,2.387494830603466,9.980858467486364,22.931275962724374,12.857016450979494,0.03333333333333333,11.04012465660584,9.599844732098306,42.26628341539133,213.91249475317997,0.20553932198178032,898.2772620737728,501.5612471323341,11.49121148934194,1.6276079381980646,0.9777777777777777,0.5555555555555556,0.5248,432.193930656082,143.568785993906,Wh,143.568785993906,Wh
27,b6b2d338e13814f70e4d4798add28301,ARIMA,"{""p"": 4, ""d"": 1, ""q"": 3, ""regression_type"": null}","{""fillna"": ""zero"", ""transformations"": {""0"": ""Scaler"", ""1"": ""Detrend"", ""2"": ""DatepartRegression"", ""3"": ""Scaler"", ""4"": ""DifferencedTransformer""}, ""transformation_params"": {""0"": {}, ""1"": {""model"": ""Linear"", ""phi"": 1, ""window"": 30, ""transform_dict"": null}, ""2"": {""regression_model"": {""model"": ""ElasticNet"", ""model_params"": {""l1_ratio"": 0.5, ""fit_intercept"": true, ""selection"": ""cyclic"", ""max_iter"": 1000}}, ""datepart_method"": ""common_fourier"", ""polynomial_degree"": null, ""transform_dict"": null, ""holiday_countries_used"": false, ""lags"": null, ""forward_lags"": null}, ""3"": {}, ""4"": {""lag"": 1, ""fill"": ""bfill""}}}",0,1,86.7003499081906,3.289438217847881,3.775718982060016,0.585727469394581,3.289438217847881,0.0,-295.8819156316266,3.289297787522631,0.16752397468266444,1.3473176082059939,27.953719502434357,1.0,0.5,6.583730220794678,0.9666666666666667,2.228272271067364,2.765280702582126,17.279993283442987,25.83965685001793,0.3330011579245165,295.714391656944,123.18567764695125,11.797780330530562,0.5358112819076626,86.7003499081906,3.289438217847881,3.775718982060016,0.585727469394581,3.289438217847881,0.0,3.289297787522631,1.3473176082059939,27.953719502434357,6.583730220794678,0.9666666666666667,2.228272271067364,2.765280702582126,17.279993283442987,25.83965685001793,0.3330011579245165,295.714391656944,123.18567764695125,11.797780330530562,0.5358112819076626,1.0,0.5,0.5942,431.65003337006084,47.31663644733706,Wh,47.31663644733706,Wh
28,5402f27ad2ca2b1c219b103703694774,RollingRegression,"{""regression_model"": {""model"": ""ElasticNet"", ""model_params"": {""l1_ratio"": 0.5, ""fit_intercept"": false, ""selection"": ""cyclic"", ""max_iter"": 2000}}, ""holiday"": false, ""mean_rolling_periods"": 5, ""macd_periods"": 12, ""std_rolling_periods"": null, ""max_rolling_periods"": 2, ""min_rolling_periods"": null, ""ewm_var_alpha"": null, ""quantile90_rolling_periods"": null, ""quantile10_rolling_periods"": null, ""ewm_alpha"": null, ""additional_lag_periods"": 23, ""abs_energy"": false, ""rolling_autocorr_periods"": null, ""nonzero_last_n"": null, ""add_date_part"": ""recurring"", ""polynomial_degree"": null, ""x_transform"": null, ""regression_type"": null}","{""fillna"": ""ffill"", ""transformations"": {""0"": ""Scaler"", ""1"": ""DifferencedTransformer"", ""2"": ""DatepartRegression""}, ""transformation_params"": {""0"": {}, ""1"": {""lag"": 2, ""fill"": ""bfill""}, ""2"": {""regression_model"": {""model"": ""ElasticNet"", ""model_params"": {""l1_ratio"": 0.5, ""fit_intercept"": true, ""selection"": ""cyclic"", ""max_iter"": 1000}}, ""datepart_method"": ""common_fourier"", ""polynomial_degree"": null, ""transform_dict"": null, ""holiday_countries_used"": false, ""lags"": null, ""forward_lags"": null}}}",0,1,99.53513282082537,12.323626191206483,12.54352560083908,0.6589837592759189,12.323626191206483,0.0,0.0,2.573197873270651,1109.1263572085834,12.323626191206483,16.68803066338341,0.9777777777777777,0.4777777777777778,16.571140307973753,0.03333333333333333,13.712624854192345,11.72303960837128,53.753587957188834,313.81694792381506,0.08010050036350674,1109.1263572085834,599.0141245506275,12.710235658696545,2.0096499596236415,99.53513282082537,12.323626191206483,12.54352560083908,0.6589837592759189,12.323626191206483,0.0,2.573197873270651,12.323626191206483,16.68803066338341,16.571140307973753,0.03333333333333333,13.712624854192345,11.72303960837128,53.753587957188834,313.81694792381506,0.08010050036350674,1109.1263572085834,599.0141245506275,12.710235658696545,2.0096499596236415,0.9777777777777777,0.4777777777777778,1.846,385.9865957081535,177.2681234863564,Wh,177.2681234863564,Wh
29,254f1fd436ada6d62fed0bf5ee571dcd,RollingRegression,"{""regression_model"": {""model"": ""Ridge"", ""model_params"": {""alpha"": 0.1}}, ""holiday"": false, ""mean_rolling_periods"": null, ""macd_periods"": null, ""std_rolling_periods"": null, ""max_rolling_periods"": 24, ""min_rolling_periods"": 288, ""ewm_var_alpha"": null, ""quantile90_rolling_periods"": null, ""quantile10_rolling_periods"": null, ""ewm_alpha"": 0.5, ""additional_lag_periods"": 46, ""abs_energy"": false, ""rolling_autocorr_periods"": null, ""nonzero_last_n"": null, ""add_date_part"": ""recurring"", ""polynomial_degree"": null, ""x_transform"": null, ""regression_type"": null}","{""fillna"": ""time"", ""transformations"": {""0"": ""DifferencedTransformer"", ""1"": ""MinMaxScaler"", ""2"": ""DatepartRegression"", ""3"": ""DatepartRegression""}, ""transformation_params"": {""0"": {""lag"": 1, ""fill"": ""zero""}, ""1"": {}, ""2"": {""regression_model"": {""model"": ""ElasticNet"", ""model_params"": {""l1_ratio"": 0.9, ""fit_intercept"": true, ""selection"": ""cyclic"", ""max_iter"": 1000}}, ""datepart_method"": [""dayofweek"", 365.25], ""polynomial_degree"": null, ""transform_dict"": {""fillna"": null, ""transformations"": {""0"": ""ScipyFilter""}, ""transformation_params"": {""0"": {""method"": ""savgol_filter"", ""method_args"": {""window_length"": 31, ""polyorder"": 3, ""deriv"": 0, ""mode"": ""interp""}}}}, ""holiday_countries_used"": true, ""lags"": null, ""forward_lags"": null}, ""3"": {""regression_model"": {""model"": ""DecisionTree"", ""model_params"": {""max_depth"": null, ""min_samples_split"": 0.05}}, ""datepart_method"": [""weekdayofmonth"", ""common_fourier""], ""polynomial_degree"": null, ""transform_dict"": {""fillna"": null, ""transformations"": {""0"": ""AnomalyRemoval""}, ""transformation_params"": {""0"": {""method"": ""zscore"", ""transform_dict"": {""transformations"": {""0"": ""DatepartRegression""}, ""transformation_params"": {""0"": {""datepart_method"": ""simple_3"", ""regression_model"": {""model"": ""ElasticNet"", ""model_params"": {}}}}}, ""method_params"": {""distribution"": ""uniform"", ""alpha"": 0.05}}}}, ""holiday_countries_used"": false, ""lags"": null, ""forward_lags"": null}}}",0,1,106.67465927280657,15.02313551511364,15.851337376117462,1.31080987574811,15.02313551511364,0.0,0.0,2.707568478126319,1352.0821963602277,15.02313551511364,10.727514899775173,0.9444444444444444,0.5333333333333333,22.877613360761394,0.03333333333333333,17.367563714875853,13.824076890837375,69.57856137718869,426.98155756261224,0.8304292112287348,1352.0821963602277,671.885027698753,33.93009321687824,2.449866882761469,106.67465927280657,15.02313551511364,15.851337376117462,1.31080987574811,15.02313551511364,0.0,2.707568478126319,15.02313551511364,10.727514899775173,22.877613360761394,0.03333333333333333,17.367563714875853,13.824076890837375,69.57856137718869,426.98155756261224,0.8304292112287348,1352.0821963602277,671.885027698753,33.93009321687824,2.449866882761469,0.9444444444444444,0.5333333333333333,1.125,345.93189583075724,216.0989793365934,Wh,216.0989793365934,Wh
30,51cb0fec6e7ccdab066868045f70c8a6,ARIMA,"{""p"": 0, ""d"": 0, ""q"": 7, ""regression_type"": null}","{""fillna"": ""piecewise_polynomial"", ""transformations"": {""0"": ""Detrend"", ""1"": ""DifferencedTransformer"", ""2"": ""Scaler"", ""3"": ""MinMaxScaler""}, ""transformation_params"": {""0"": {""model"": ""Linear"", ""phi"": 0.999, ""window"": null, ""transform_dict"": {""fillna"": null, ""transformations"": {""0"": ""EWMAFilter""}, ""transformation_params"": {""0"": {""span"": 2}}}}, ""1"": {""lag"": 7, ""fill"": ""bfill""}, ""2"": {}, ""3"": {}}}",0,1,195.2443924817295,5.984691623863841,6.048860138511224,0.6257848338924062,5.984691623863841,0.0,-538.5759635449051,5.984680078320633,0.04628260284050789,1.9277102971496827,12.108005616682489,1.0,0.5333333333333333,7.003119945526123,0.9777777777777777,2.92716192229165,5.859918386122533,23.685249323167085,52.429338746876965,0.06525929541580842,538.5296809420647,321.5983430425592,16.72554063026751,0.9757735397120516,195.2443924817295,5.984691623863841,6.048860138511224,0.6257848338924062,5.984691623863841,0.0,5.984680078320633,1.9277102971496827,12.108005616682489,7.003119945526123,0.9777777777777777,2.92716192229165,5.859918386122533,23.685249323167085,52.429338746876965,0.06525929541580842,538.5296809420647,321.5983430425592,16.72554063026751,0.9757735397120516,1.0,0.5333333333333333,1.8185,345.16772074466473,86.08627341876527,Wh,86.08627341876527,Wh
31,795f30f40b1850e9868abca99fdf616e,RollingRegression,"{""regression_model"": {""model"": ""ExtraTrees"", ""model_params"": {""n_estimators"": 100, ""min_samples_leaf"": 1, ""min_samples_split"": 2, ""max_depth"": null, ""criterion"": ""squared_error"", ""max_features"": 1}}, ""holiday"": true, ""mean_rolling_periods"": 12, ""macd_periods"": 24, ""std_rolling_periods"": 7, ""max_rolling_periods"": null, ""min_rolling_periods"": 28, ""ewm_var_alpha"": null, ""quantile90_rolling_periods"": null, ""quantile10_rolling_periods"": null, ""ewm_alpha"": 0.2, ""additional_lag_periods"": 6, ""abs_energy"": false, ""rolling_autocorr_periods"": null, ""nonzero_last_n"": null, ""add_date_part"": null, ""polynomial_degree"": null, ""x_transform"": null, ""regression_type"": null}","{""fillna"": ""pchip"", ""transformations"": {""0"": ""DifferencedTransformer""}, ""transformation_params"": {""0"": {""lag"": 1, ""fill"": ""zero""}}}",0,1,131.51558897024205,4.2629014099703895,4.831293960991246,0.562481657405974,4.2629014099703895,0.0,-383.04997411966326,4.261544969214663,0.6111527776718129,1.5162403271605487,12.67155543311516,1.0,0.5222222222222223,6.759950160980225,0.9666666666666667,2.4739412943860297,3.8416817234064404,20.99084834370673,36.66874335189892,0.04456965878645406,382.43882134199146,168.23806621245356,16.911609233545256,0.6929491458509343,131.51558897024205,4.2629014099703895,4.831293960991246,0.562481657405974,4.2629014099703895,0.0,4.261544969214663,1.5162403271605487,12.67155543311516,6.759950160980225,0.9666666666666667,2.4739412943860297,3.8416817234064404,20.99084834370673,36.66874335189892,0.04456965878645406,382.43882134199146,168.23806621245356,16.911609233545256,0.6929491458509343,1.0,0.5222222222222223,6.5296,290.52028121391646,61.319332624029634,Wh,61.319332624029634,Wh
32,c43c35e9298e51b977bcd854d01f851b,RollingRegression,"{""regression_model"": {""model"": ""ExtraTrees"", ""model_params"": {""n_estimators"": 100, ""min_samples_leaf"": 1, ""max_depth"": 10}}, ""holiday"": false, ""mean_rolling_periods"": null, ""macd_periods"": null, ""std_rolling_periods"": null, ""max_rolling_periods"": 420, ""min_rolling_periods"": 7, ""ewm_var_alpha"": null, ""quantile90_rolling_periods"": null, ""quantile10_rolling_periods"": null, ""ewm_alpha"": 0.5, ""additional_lag_periods"": 90, ""abs_energy"": false, ""rolling_autocorr_periods"": null, ""nonzero_last_n"": null, ""add_date_part"": ""expanded"", ""polynomial_degree"": null, ""x_transform"": null, ""regression_type"": null}","{""fillna"": ""rolling_mean"", ""transformations"": {""0"": ""DifferencedTransformer"", ""1"": ""DatepartRegression"", ""2"": ""MinMaxScaler"", ""3"": ""MinMaxScaler""}, ""transformation_params"": {""0"": {""lag"": 1, ""fill"": ""zero""}, ""1"": {""regression_model"": {""model"": ""DecisionTree"", ""model_params"": {""max_depth"": 9, ""min_samples_split"": 0.05}}, ""datepart_method"": ""expanded"", ""polynomial_degree"": null, ""transform_dict"": null, ""holiday_countries_used"": false, ""lags"": null, ""forward_lags"": 2}, ""2"": {}, ""3"": {}}}",0,1,148.68518565006838,4.690911826548075,5.192065401882412,0.7169808934933997,4.690911826548075,0.0,-411.40414813596976,4.640240929013895,10.777916253357018,1.6597119028327758,9.566979753209612,1.0,0.5111111111111111,6.759950160980225,0.9111111111111111,2.6329305220804176,4.346796240920804,21.845708350591664,41.64030746285605,0.230004874276595,400.6262318826127,180.0834229056422,9.675029665074673,0.7259033071338803,148.68518565006838,4.690911826548075,5.192065401882412,0.7169808934933997,4.690911826548075,0.0,4.640240929013895,1.6597119028327758,9.566979753209612,6.759950160980225,0.9111111111111111,2.6329305220804176,4.346796240920804,21.845708350591664,41.64030746285605,0.230004874276595,400.6262318826127,180.0834229056422,9.675029665074673,0.7259033071338803,1.0,0.5111111111111111,4.4704,269.5888884705275,67.47601104011783,Wh,67.47601104011783,Wh
33,dbd403aa6fbc171f6cdb9aee4dce35b0,RollingRegression,"{""regression_model"": {""model"": ""xgboost"", ""model_params"": {""booster"": ""gbtree"", ""objective"": ""reg:squarederror"", ""max_depth"": 3, ""eta"": 0.01, ""min_child_weight"": 1, ""subsample"": 1, ""colsample_bylevel"": 0.5, ""reg_alpha"": 0, ""reg_lambda"": 1}}, ""holiday"": false, ""mean_rolling_periods"": null, ""macd_periods"": null, ""std_rolling_periods"": 30, ""max_rolling_periods"": 420, ""min_rolling_periods"": 12, ""ewm_var_alpha"": null, ""quantile90_rolling_periods"": null, ""quantile10_rolling_periods"": null, ""ewm_alpha"": null, ""additional_lag_periods"": 363, ""abs_energy"": false, ""rolling_autocorr_periods"": null, ""nonzero_last_n"": null, ""add_date_part"": ""expanded"", ""polynomial_degree"": null, ""x_transform"": null, ""regression_type"": null}","{""fillna"": ""zero"", ""transformations"": {""0"": ""Scaler"", ""1"": ""Scaler"", ""2"": ""DatepartRegression"", ""3"": ""DifferencedTransformer""}, ""transformation_params"": {""0"": {}, ""1"": {}, ""2"": {""regression_model"": {""model"": ""ElasticNet"", ""model_params"": {""l1_ratio"": 0.5, ""fit_intercept"": true, ""selection"": ""cyclic"", ""max_iter"": 1000}}, ""datepart_method"": ""common_fourier"", ""polynomial_degree"": null, ""transform_dict"": null, ""holiday_countries_used"": false, ""lags"": null, ""forward_lags"": null}, ""3"": {""lag"": 1, ""fill"": ""bfill""}}}",0,1,80.69577498048594,2.9878934579177034,3.6615568275745183,0.5663738850109813,2.9878934579177034,0.0,-263.92118621990085,2.9747770287819226,4.9892249926924706,1.2257479156747373,14.514624800690564,1.0,0.4888888888888889,6.583730220794678,0.9666666666666667,2.144539004296074,2.3939926376517273,16.761487470312698,24.765425512782677,0.048529060457205286,258.9319612272084,89.14853989607802,17.680203757344586,0.46916440317509256,80.69577498048594,2.9878934579177034,3.6615568275745183,0.5663738850109813,2.9878934579177034,0.0,2.9747770287819226,1.2257479156747373,14.514624800690564,6.583730220794678,0.9666666666666667,2.144539004296074,2.3939926376517273,16.761487470312698,24.765425512782677,0.048529060457205286,258.9319612272084,89.14853989607802,17.680203757344586,0.46916440317509256,1.0,0.4888888888888889,1.2001,263.64300381862745,42.97909221233676,Wh,42.97909221233676,Wh
34,cc2fd94b6ba06efdc7cd14d07b52683c,WindowRegression,"{""window_size"": 20, ""input_dim"": ""univariate"", ""output_dim"": ""forecast_length"", ""normalize_window"": false, ""max_windows"": 5000000, ""fourier_encoding_components"": null, ""scale"": true, ""datepart_method"": null, ""regression_type"": null, ""regression_model"": {""model"": ""RANSAC"", ""model_params"": {}}}","{""fillna"": ""ffill"", ""transformations"": {""0"": ""DifferencedTransformer"", ""1"": ""DatepartRegression""}, ""transformation_params"": {""0"": {""lag"": 2, ""fill"": ""bfill""}, ""1"": {""regression_model"": {""model"": ""ElasticNet"", ""model_params"": {""l1_ratio"": 0.5, ""fit_intercept"": true, ""selection"": ""cyclic"", ""max_iter"": 1000}}, ""datepart_method"": ""common_fourier"", ""polynomial_degree"": null, ""transform_dict"": null, ""holiday_countries_used"": false, ""lags"": null, ""forward_lags"": null}}}",0,1,72.95723045314564,7.33421081497688,7.743115890971853,1.7424177687990343,7.33421081497688,0.0,0.0,2.0696088857845014,660.0789733479193,7.33421081497688,11.428620293949859,0.9555555555555556,0.5,13.490234073328992,0.044444444444444446,8.48102182815787,6.59351012217515,27.43289860962494,133.4876055460703,0.8472836843450097,660.0789733479193,415.96198023859336,57.14359390583088,1.1960113232505143,72.95723045314564,7.33421081497688,7.743115890971853,1.7424177687990343,7.33421081497688,0.0,2.0696088857845014,7.33421081497688,11.428620293949859,13.490234073328992,0.044444444444444446,8.48102182815787,6.59351012217515,27.43289860962494,133.4876055460703,0.8472836843450097,660.0789733479193,415.96198023859336,57.14359390583088,1.1960113232505143,0.9555555555555556,0.5,0.04,259.3959514987916,105.49831423416538,Wh,105.49831423416538,Wh
35,7b6c6f1276425fed4e6321d6b1aff5e6,WindowRegression,"{""window_size"": 20, ""input_dim"": ""univariate"", ""output_dim"": ""forecast_length"", ""normalize_window"": false, ""max_windows"": 5000, ""fourier_encoding_components"": null, ""scale"": false, ""datepart_method"": null, ""regression_type"": null, ""regression_model"": {""model"": ""KNN"", ""model_params"": {""n_neighbors"": 5, ""weights"": ""uniform"", ""p"": 2, ""leaf_size"": 30}}}","{""fillna"": ""ffill"", ""transformations"": {""0"": ""Scaler"", ""1"": ""Detrend"", ""2"": ""DatepartRegression"", ""3"": ""DifferencedTransformer"", ""4"": ""DatepartRegression""}, ""transformation_params"": {""0"": {}, ""1"": {""model"": ""Linear"", ""phi"": 1, ""window"": 30, ""transform_dict"": null}, ""2"": {""regression_model"": {""model"": ""ElasticNet"", ""model_params"": {""l1_ratio"": 0.5, ""fit_intercept"": true, ""selection"": ""cyclic"", ""max_iter"": 1000}}, ""datepart_method"": ""common_fourier"", ""polynomial_degree"": null, ""transform_dict"": null, ""holiday_countries_used"": false, ""lags"": null, ""forward_lags"": null}, ""3"": {""lag"": 1, ""fill"": ""bfill""}, ""4"": {""regression_model"": {""model"": ""ElasticNet"", ""model_params"": {""l1_ratio"": 0.5, ""fit_intercept"": true, ""selection"": ""cyclic"", ""max_iter"": 1000}}, ""datepart_method"": ""simple_2"", ""polynomial_degree"": 2, ""transform_dict"": null, ""holiday_countries_used"": true, ""lags"": null, ""forward_lags"": 1}}}",0,1,159.74303071777263,4.970115339378211,5.382357924013369,0.5764721367136263,4.970115339378211,0.0,-445.601080366373,4.96527448891262,1.7093001776659094,1.682587148219778,7.653789916091935,1.0,0.5444444444444444,6.759950160980225,0.9666666666666667,2.6391854460848956,4.6774319797985955,22.375759104787367,43.90295923705378,0.14344223330798897,443.8917801887071,220.38249481951115,12.204058156926699,0.804297086924009,159.74303071777263,4.970115339378211,5.382357924013369,0.5764721367136263,4.970115339378211,0.0,4.96527448891262,1.682587148219778,7.653789916091935,6.759950160980225,0.9666666666666667,2.6391854460848956,4.6774319797985955,22.375759104787367,43.90295923705378,0.14344223330798897,443.8917801887071,220.38249481951115,12.204058156926699,0.804297086924009,1.0,0.5444444444444444,1.0494,257.138978301393,71.49218955951444,Wh,71.49218955951444,Wh
36,9fc5ce7ac30fab9d8f27c3440f4da32e,WindowRegression,"{""window_size"": 10, ""input_dim"": ""univariate"", ""output_dim"": ""1step"", ""normalize_window"": false, ""max_windows"": 5000000, ""fourier_encoding_components"": null, ""scale"": true, ""datepart_method"": null, ""regression_type"": null, ""regression_model"": {""model"": ""SVM"", ""model_params"": {""C"": 0.1, ""tol"": 0.001, ""epsilon"": 0.0, ""loss"": ""squared_epsilon_insensitive"", ""max_iter"": 50}}}","{""fillna"": ""rolling_mean"", ""transformations"": {""0"": ""DifferencedTransformer"", ""1"": ""Scaler"", ""2"": ""Detrend""}, ""transformation_params"": {""0"": {""lag"": 1, ""fill"": ""bfill""}, ""1"": {}, ""2"": {""model"": ""Linear"", ""phi"": 1, ""window"": null, ""transform_dict"": null}}}",0,1,172.1599886771074,5.368636680771174,5.6001946379446625,0.5593382475175547,5.368636680771174,0.0,-483.1773012694057,5.368636680771174,0.0,1.798618703234958,6.417964518967842,1.0,0.5111111111111111,6.759950160980225,0.9666666666666667,2.730329327582688,5.149365147237631,22.93702000909675,46.255957218266765,0.033212691538508275,483.1773012694057,260.8828032350919,16.129918604272255,0.8754793695742195,172.1599886771074,5.368636680771174,5.6001946379446625,0.5593382475175547,5.368636680771174,0.0,5.368636680771174,1.798618703234958,6.417964518967842,6.759950160980225,0.9666666666666667,2.730329327582688,5.149365147237631,22.93702000909675,46.255957218266765,0.033212691538508275,483.1773012694057,260.8828032350919,16.129918604272255,0.8754793695742195,1.0,0.5111111111111111,0.4231,254.55220209251655,77.22468495185318,Wh,77.22468495185318,Wh
37,b8ca7c68f17113471e9165689e1f0c16,WindowRegression,"{""window_size"": 16, ""input_dim"": ""univariate"", ""output_dim"": ""1step"", ""normalize_window"": false, ""max_windows"": 5000, ""fourier_encoding_components"": null, ""scale"": true, ""datepart_method"": null, ""regression_type"": null, ""regression_model"": {""model"": ""KNN"", ""model_params"": {""n_neighbors"": 5, ""weights"": ""uniform"", ""p"": 2, ""leaf_size"": 30}}}","{""fillna"": ""ffill_mean_biased"", ""transformations"": {""0"": ""Scaler"", ""1"": ""DifferencedTransformer"", ""2"": ""Scaler"", ""3"": ""Detrend"", ""4"": ""MinMaxScaler""}, ""transformation_params"": {""0"": {}, ""1"": {""lag"": 1, ""fill"": ""bfill""}, ""2"": {}, ""3"": {""model"": ""Linear"", ""phi"": 1, ""window"": 900, ""transform_dict"": null}, ""4"": {}}}",0,1,166.42739634367078,5.201463489060263,5.493493549774614,0.6055266263253406,5.201463489060263,0.0,-468.13171401542365,5.201463489060263,0.0,1.752442881338697,6.771560224585867,1.0,0.5111111111111111,6.759950160980225,0.9666666666666667,2.6933077084571586,4.951396893895763,22.700629780776424,44.77925659654357,0.17057824394948726,468.13171401542365,245.5144473112097,11.387145853064043,0.8482179456427055,166.42739634367078,5.201463489060263,5.493493549774614,0.6055266263253406,5.201463489060263,0.0,5.201463489060263,1.752442881338697,6.771560224585867,6.759950160980225,0.9666666666666667,2.6933077084571586,4.951396893895763,22.700629780776424,44.77925659654357,0.17057824394948726,468.13171401542365,245.5144473112097,11.387145853064043,0.8482179456427055,1.0,0.5111111111111111,1.9047,253.22150703667396,74.81999679172675,Wh,74.81999679172675,Wh
38,1f57f078c5250b1a79af8445727fcc92,ARIMA,"{""p"": 5, ""d"": 1, ""q"": 1, ""regression_type"": null}","{""fillna"": ""rolling_mean_24"", ""transformations"": {""0"": ""Scaler"", ""1"": ""DifferencedTransformer"", ""2"": ""DatepartRegression"", ""3"": ""DatepartRegression""}, ""transformation_params"": {""0"": {}, ""1"": {""lag"": 1, ""fill"": ""bfill""}, ""2"": {""regression_model"": {""model"": ""ElasticNet"", ""model_params"": {""l1_ratio"": 0.5, ""fit_intercept"": true, ""selection"": ""cyclic"", ""max_iter"": 1000}}, ""datepart_method"": ""common_fourier"", ""polynomial_degree"": null, ""transform_dict"": null, ""holiday_countries_used"": false, ""lags"": null, ""forward_lags"": null}, ""3"": {""regression_model"": {""model"": ""ElasticNet"", ""model_params"": {""l1_ratio"": 0.5, ""fit_intercept"": true, ""selection"": ""cyclic"", ""max_iter"": 200}}, ""datepart_method"": ""common_fourier"", ""polynomial_degree"": null, ""transform_dict"": {""fillna"": null, ""transformations"": {""0"": ""EWMAFilter""}, ""transformation_params"": {""0"": {""span"": 7}}}, ""holiday_countries_used"": false, ""lags"": null, ""forward_lags"": null}}}",0,1,24.220360422788833,1.6695939681967396,1.822908788565808,0.5489912848314994,1.6695939681967396,0.0,-0.38475838152738717,0.9424875056350098,149.87869875617918,1.6691607374052617,18.2140044652054,1.0,0.4888888888888889,3.5119126156278604,0.022222222222222223,2.477486139445311,1.4364970227375866,7.676599839880548,5.664058365865972,0.006021211907582523,149.4939403746518,74.33279520759906,22.69868003643854,0.27087129368561097,24.220360422788833,1.6695939681967396,1.822908788565808,0.5489912848314994,1.6695939681967396,0.0,0.9424875056350098,1.6691607374052617,18.2140044652054,3.5119126156278604,0.022222222222222223,2.477486139445311,1.4364970227375866,7.676599839880548,5.664058365865972,0.006021211907582523,149.4939403746518,74.33279520759906,22.69868003643854,0.27087129368561097,1.0,0.4888888888888889,0.1818,252.44437740231027,24.016128462056212,Wh,24.016128462056212,Wh
39,ae94a8620bf9626807a4353f540e61a9,WindowRegression,"{""window_size"": 20, ""input_dim"": ""univariate"", ""output_dim"": ""forecast_length"", ""normalize_window"": false, ""max_windows"": 5000, ""fourier_encoding_components"": null, ""scale"": false, ""datepart_method"": null, ""regression_type"": null, ""regression_model"": {""model"": ""RANSAC"", ""model_params"": {}}}","{""fillna"": ""ffill"", ""transformations"": {""0"": ""DatepartRegression"", ""1"": ""Detrend"", ""2"": ""DatepartRegression""}, ""transformation_params"": {""0"": {""regression_model"": {""model"": ""DecisionTree"", ""model_params"": {""max_depth"": 3, ""min_samples_split"": 1.0}}, ""datepart_method"": ""common_fourier_rw_lag"", ""polynomial_degree"": null, ""transform_dict"": {""fillna"": null, ""transformations"": {""0"": ""EWMAFilter""}, ""transformation_params"": {""0"": {""span"": 2}}}, ""holiday_countries_used"": false, ""lags"": null, ""forward_lags"": null}, ""1"": {""model"": ""Linear"", ""phi"": 1, ""window"": 30, ""transform_dict"": null}, ""2"": {""regression_model"": {""model"": ""ElasticNet"", ""model_params"": {""l1_ratio"": 0.5, ""fit_intercept"": true, ""selection"": ""cyclic"", ""max_iter"": 1000}}, ""datepart_method"": ""common_fourier"", ""polynomial_degree"": null, ""transform_dict"": null, ""holiday_countries_used"": false, ""lags"": null, ""forward_lags"": null}}}",0,1,170.57791321351394,5.303416284083661,5.599030840625366,0.8496444371213909,5.303416284083661,0.0,-470.09156058088786,5.269891288438435,7.215904986641572,1.7973175115177882,6.053949225701414,0.07777777777777778,0.5111111111111111,7.003119945526123,0.9333333333333333,2.7439823518654003,5.065306124121738,22.756513371417824,49.03469482471222,0.42800075699421025,462.87565559424627,240.9200473021359,9.551512917775064,0.8386943800676497,170.57791321351394,5.303416284083661,5.599030840625366,0.8496444371213909,5.303416284083661,0.0,5.269891288438435,1.7973175115177882,6.053949225701414,7.003119945526123,0.9333333333333333,2.7439823518654003,5.065306124121738,22.756513371417824,49.03469482471222,0.42800075699421025,462.87565559424627,240.9200473021359,9.551512917775064,0.8386943800676497,0.07777777777777778,0.5111111111111111,0.0695,248.60026207334818,76.28652785795488,Wh,76.28652785795488,Wh
40,2d76d226afd3adfd0ccfc06ddbdecac1,DatepartRegression,"{""regression_model"": {""model"": ""Adaboost"", ""model_params"": {""n_estimators"": 200, ""loss"": ""exponential"", ""estimator"": ""LinReg"", ""learning_rate"": 1}}, ""datepart_method"": ""lunar_phase"", ""polynomial_degree"": null, ""holiday_countries_used"": false, ""lags"": 1, ""forward_lags"": null, ""regression_type"": null}","{""fillna"": ""time"", ""transformations"": {""0"": ""Scaler"", ""1"": ""MinMaxScaler"", ""2"": ""DifferencedTransformer""}, ""transformation_params"": {""0"": {}, ""1"": {}, ""2"": {""lag"": 1, ""fill"": ""bfill""}}}",0,1,196.81853217842976,6.040214520485943,6.081607502580906,0.636623243109678,6.040214520485943,0.0,-543.6193068437349,6.040214520485943,0.0,1.9452141227980608,3.654750863125715,0.6444444444444445,0.5222222222222223,7.2128801345825195,0.9666666666666667,3.009049510338624,5.916356535873615,23.742186413083658,57.643204413628055,0.052250488820257575,543.6193068437349,327.60910907925296,16.863431636219854,0.9849955426166921,196.81853217842976,6.040214520485943,6.081607502580906,0.636623243109678,6.040214520485943,0.0,6.040214520485943,1.9452141227980608,3.654750863125715,7.2128801345825195,0.9666666666666667,3.009049510338624,5.916356535873615,23.742186413083658,57.643204413628055,0.052250488820257575,543.6193068437349,327.60910907925296,16.863431636219854,0.9849955426166921,0.6444444444444445,0.5222222222222223,0.3652,245.2298971565061,86.88493767083014,Wh,86.88493767083014,Wh
41,3d612ae9c8f6cc004eb23e32c74b40f0,WindowRegression,"{""window_size"": 10, ""input_dim"": ""univariate"", ""output_dim"": ""1step"", ""normalize_window"": false, ""max_windows"": 5000000, ""fourier_encoding_components"": null, ""scale"": true, ""datepart_method"": null, ""regression_type"": null, ""regression_model"": {""model"": ""PoissonRegresssion"", ""model_params"": {}}}","{""fillna"": ""ffill"", ""transformations"": {""0"": ""DatepartRegression"", ""1"": ""DatepartRegression"", ""2"": ""Detrend"", ""3"": ""MinMaxScaler""}, ""transformation_params"": {""0"": {""regression_model"": {""model"": ""ElasticNet"", ""model_params"": {""l1_ratio"": 0.5, ""fit_intercept"": true, ""selection"": ""cyclic"", ""max_iter"": 1000}}, ""datepart_method"": ""anchored_segment_fourier:us_school"", ""polynomial_degree"": null, ""transform_dict"": null, ""holiday_countries_used"": false, ""lags"": null, ""forward_lags"": null}, ""1"": {""regression_model"": {""model"": ""DecisionTree"", ""model_params"": {""max_depth"": 9, ""min_samples_split"": 1.0}}, ""datepart_method"": [""weekdayofmonth"", ""common_fourier""], ""polynomial_degree"": null, ""transform_dict"": null, ""holiday_countries_used"": false, ""lags"": null, ""forward_lags"": null}, ""2"": {""model"": ""GLS"", ""phi"": 1, ""window"": null, ""transform_dict"": {""fillna"": null, ""transformations"": {""0"": ""AnomalyRemoval""}, ""transformation_params"": {""0"": {""method"": ""zscore"", ""transform_dict"": {""transformations"": {""0"": ""DatepartRegression""}, ""transformation_params"": {""0"": {""datepart_method"": ""simple_3"", ""regression_model"": {""model"": ""ElasticNet"", ""model_params"": {}}}}}, ""method_params"": {""distribution"": ""uniform"", ""alpha"": 0.05}}}}}, ""3"": {}}}",0,1,168.61389439158862,5.31229853399989,5.577782219025045,0.6500670561833725,5.31229853399989,0.0,-470.80973590730923,5.2868535366237195,7.297132152680945,1.7944597285183845,5.175839264763818,0.1,0.45555555555555555,6.843224695675387,0.9222222222222223,2.729120607545402,5.107167879817053,22.404491195487267,45.38313902214896,0.16197723561888386,463.51260375462823,246.71533374141012,15.655052160541757,0.839848480172182,168.61389439158862,5.31229853399989,5.577782219025045,0.6500670561833725,5.31229853399989,0.0,5.2868535366237195,1.7944597285183845,5.175839264763818,6.843224695675387,0.9222222222222223,2.729120607545402,5.107167879817053,22.404491195487267,45.38313902214896,0.16197723561888386,463.51260375462823,246.71533374141012,15.655052160541757,0.839848480172182,0.1,0.45555555555555555,1.2767,236.56315127176393,76.41429380529515,Wh,76.41429380529515,Wh
42,8823eb3c5db43bb90335f1c135e5cb06,ARIMA,"{""p"": 2, ""d"": 1, ""q"": 2, ""regression_type"": null}","{""fillna"": ""nearest"", ""transformations"": {""0"": ""Scaler"", ""1"": ""MinMaxScaler"", ""2"": ""MinMaxScaler"", ""3"": ""DifferencedTransformer"", ""4"": ""MinMaxScaler""}, ""transformation_params"": {""0"": {}, ""1"": {}, ""2"": {}, ""3"": {""lag"": 1, ""fill"": ""bfill""}, ""4"": {}}}",0,1,22.75573552380328,1.5496402668699265,1.6882804502814448,0.548130406422661,1.5496402668699265,0.0,-0.17014629010824311,0.9001247992242546,139.29747772818513,1.5494956278162135,15.604154921952423,1.0,0.4666666666666667,3.2613163061699053,0.03333333333333333,2.357883160862014,1.330487400385058,6.948046754215102,4.720804049535816,0.0019650254362955726,139.12733143807688,71.53530619292881,23.14747481095007,0.252087811447163,22.75573552380328,1.5496402668699265,1.6882804502814448,0.548130406422661,1.5496402668699265,0.0,0.9001247992242546,1.5494956278162135,15.604154921952423,3.2613163061699053,0.03333333333333333,2.357883160862014,1.330487400385058,6.948046754215102,4.720804049535816,0.0019650254362955726,139.12733143807688,71.53530619292881,23.14747481095007,0.252087811447163,1.0,0.4666666666666667,0.1779,218.88816519739362,22.290664932935222,Wh,22.290664932935222,Wh
43,c2b478f65067a24de8c117c860467d7a,ARIMA,"{""p"": 2, ""d"": 1, ""q"": 1, ""regression_type"": null}","{""fillna"": ""akima"", ""transformations"": {""0"": ""Scaler"", ""1"": ""Detrend"", ""2"": ""DatepartRegression"", ""3"": ""DifferencedTransformer""}, ""transformation_params"": {""0"": {}, ""1"": {""model"": ""Linear"", ""phi"": 0.999, ""window"": null, ""transform_dict"": null}, ""2"": {""regression_model"": {""model"": ""ElasticNet"", ""model_params"": {""l1_ratio"": 0.5, ""fit_intercept"": true, ""selection"": ""cyclic"", ""max_iter"": 1000}}, ""datepart_method"": ""common_fourier"", ""polynomial_degree"": null, ""transform_dict"": null, ""holiday_countries_used"": false, ""lags"": null, ""forward_lags"": null}, ""3"": {""lag"": 1, ""fill"": ""bfill""}}}",0,1,20.69054169619123,1.3878215777150398,1.5219909133458411,0.5469831876020748,1.3878215777150398,0.0,-0.17273516101409836,0.8360602620022168,124.73120683333947,1.3876727288703583,15.851419099574883,1.0,0.4777777777777778,3.0059135229095464,0.03333333333333333,2.218491419386098,1.178742340473596,6.122902032637447,3.771877625804756,0.0003253551842614373,124.55847167232538,65.2259720082745,23.360176950626787,0.22569018032991883,20.69054169619123,1.3878215777150398,1.5219909133458411,0.5469831876020748,1.3878215777150398,0.0,0.8360602620022168,1.3876727288703583,15.851419099574883,3.0059135229095464,0.03333333333333333,2.218491419386098,1.178742340473596,6.122902032637447,3.771877625804756,0.0003253551842614373,124.55847167232538,65.2259720082745,23.360176950626787,0.22569018032991883,1.0,0.4777777777777778,0.3565,218.85932233946303,19.962998146678988,Wh,19.962998146678988,Wh
44,47e85221324aa28fdf4c3a77a0d3eb49,WindowRegression,"{""window_size"": 10, ""input_dim"": ""univariate"", ""output_dim"": ""1step"", ""normalize_window"": false, ""max_windows"": 5000000, ""fourier_encoding_components"": null, ""scale"": true, ""datepart_method"": null, ""regression_type"": null, ""regression_model"": {""model"": ""SVM"", ""model_params"": {""C"": 0.1, ""tol"": 0.001, ""epsilon"": 0.0, ""loss"": ""squared_epsilon_insensitive"", ""max_iter"": 50}}}","{""fillna"": ""ffill"", ""transformations"": {""0"": ""DifferencedTransformer"", ""1"": ""Detrend"", ""2"": ""DatepartRegression"", ""3"": ""DatepartRegression""}, ""transformation_params"": {""0"": {""lag"": 1, ""fill"": ""bfill""}, ""1"": {""model"": ""Linear"", ""phi"": 1, ""window"": 30, ""transform_dict"": null}, ""2"": {""regression_model"": {""model"": ""ElasticNet"", ""model_params"": {""l1_ratio"": 0.5, ""fit_intercept"": true, ""selection"": ""cyclic"", ""max_iter"": 1000}}, ""datepart_method"": ""common_fourier"", ""polynomial_degree"": null, ""transform_dict"": null, ""holiday_countries_used"": false, ""lags"": null, ""forward_lags"": null}, ""3"": {""regression_model"": {""model"": ""ElasticNet"", ""model_params"": {""l1_ratio"": 0.5, ""fit_intercept"": true, ""selection"": ""cyclic"", ""max_iter"": 2000}}, ""datepart_method"": ""anchored_segment_fourier:us_school"", ""polynomial_degree"": null, ""transform_dict"": null, ""holiday_countries_used"": true, ""lags"": null, ""forward_lags"": null}}}",0,1,175.2407860993409,5.422585635712595,5.6634065054279805,0.5661006767782305,5.422585635712595,0.0,-488.0327072141336,5.422585635712595,0.0,1.8003686991575292,3.103342284344067,1.0,0.5222222222222223,6.759950160980225,0.9666666666666667,2.7408802706783852,5.213252067562999,23.022455976599556,47.043850115423425,0.033866313652962846,488.0327072141336,265.49385550570827,16.168015161706165,0.8842769842890448,175.2407860993409,5.422585635712595,5.6634065054279805,0.5661006767782305,5.422585635712595,0.0,5.422585635712595,1.8003686991575292,3.103342284344067,6.759950160980225,0.9666666666666667,2.7408802706783852,5.213252067562999,23.022455976599556,47.043850115423425,0.033866313652962846,488.0327072141336,265.49385550570827,16.168015161706165,0.8842769842890448,1.0,0.5222222222222223,1.733,217.56262596572148,78.00070897742285,Wh,78.00070897742285,Wh
45,5fcd88565da6869f703cd20c55e27dea,RollingRegression,"{""regression_model"": {""model"": ""ElasticNet"", ""model_params"": {""l1_ratio"": 0.5, ""fit_intercept"": true, ""selection"": ""cyclic"", ""max_iter"": 2000}}, ""holiday"": false, ""mean_rolling_periods"": 30, ""macd_periods"": null, ""std_rolling_periods"": 30, ""max_rolling_periods"": null, ""min_rolling_periods"": 52, ""ewm_var_alpha"": null, ""quantile90_rolling_periods"": null, ""quantile10_rolling_periods"": null, ""ewm_alpha"": 0.5, ""additional_lag_periods"": 90, ""abs_energy"": false, ""rolling_autocorr_periods"": null, ""nonzero_last_n"": null, ""add_date_part"": null, ""polynomial_degree"": null, ""x_transform"": null, ""regression_type"": null}","{""fillna"": ""quadratic"", ""transformations"": {""0"": ""Scaler"", ""1"": ""Detrend"", ""2"": ""DifferencedTransformer"", ""3"": ""DatepartRegression"", ""4"": ""MinMaxScaler""}, ""transformation_params"": {""0"": {}, ""1"": {""model"": ""Linear"", ""phi"": 1, ""window"": 30, ""transform_dict"": null}, ""2"": {""lag"": 7, ""fill"": ""bfill""}, ""3"": {""regression_model"": {""model"": ""DecisionTree"", ""model_params"": {""max_depth"": null, ""min_samples_split"": 1.0}}, ""datepart_method"": ""lunar_phase"", ""polynomial_degree"": null, ""transform_dict"": null, ""holiday_countries_used"": false, ""lags"": null, ""forward_lags"": null}, ""4"": {}}}",0,1,35.10491180142885,2.5958740837125522,2.722323219918068,0.5576615687533995,2.5958740837125522,0.0,0.0,1.2516481597276181,233.6286675341297,2.5958740837125522,13.043336263623663,1.0,0.4777777777777778,4.565128258540618,0.03333333333333333,3.3180269569126195,2.347078422738419,11.575343425698723,12.87216125269847,0.008038775125797577,233.6286675341297,122.06882742450888,21.956183870062663,0.42331681978827235,35.10491180142885,2.5958740837125522,2.722323219918068,0.5576615687533995,2.5958740837125522,0.0,1.2516481597276181,2.5958740837125522,13.043336263623663,4.565128258540618,0.03333333333333333,3.3180269569126195,2.347078422738419,11.575343425698723,12.87216125269847,0.008038775125797577,233.6286675341297,122.06882742450888,21.956183870062663,0.42331681978827235,1.0,0.4777777777777778,1.1058,206.66154334432457,37.34012379854072,Wh,37.34012379854072,Wh
46,9e182b2af7d8401a8fa91dc8bdd2b637,DatepartRegression,"{""regression_model"": {""model"": ""DecisionTree"", ""model_params"": {""max_depth"": 3, ""min_samples_split"": 2}}, ""datepart_method"": ""recurring"", ""polynomial_degree"": null, ""holiday_countries_used"": false, ""lags"": null, ""forward_lags"": null, ""regression_type"": null}","{""fillna"": ""mean"", ""transformations"": {""2"": ""DifferencedTransformer""}, ""transformation_params"": {""2"": {}}}",0,1,20.953381752750012,1.1576122056928397,1.36450866546802,0.5976257396316591,1.1576122056928397,0.0,-87.01452609208854,1.1029890241214986,17.170572420267025,0.7677618167563799,14.730814915443988,1.0,0.4444444444444444,3.3755517281018674,0.9666666666666667,1.5542195250514876,0.9415289695687574,5.5687700982634665,2.8055716004194386,0.0963574748975002,69.84395367182152,24.505382606706704,17.932404363795637,0.12655176550829636,20.953381752750012,1.1576122056928397,1.36450866546802,0.5976257396316591,1.1576122056928397,0.0,1.1029890241214986,0.7677618167563799,14.730814915443988,3.3755517281018674,0.9666666666666667,1.5542195250514876,0.9415289695687574,5.5687700982634665,2.8055716004194386,0.0963574748975002,69.84395367182152,24.505382606706704,17.932404363795637,0.12655176550829636,1.0,0.4444444444444444,0.1919,203.66610422327958,16.651571562150885,Wh,16.651571562150885,Wh
47,f1778e131ee20e29e05a6dc70730be73,RollingRegression,"{""regression_model"": {""model"": ""RANSAC"", ""model_params"": {}}, ""holiday"": false, ""mean_rolling_periods"": 30, ""macd_periods"": 24, ""std_rolling_periods"": null, ""max_rolling_periods"": 12, ""min_rolling_periods"": 96, ""ewm_var_alpha"": null, ""quantile90_rolling_periods"": null, ""quantile10_rolling_periods"": null, ""ewm_alpha"": 0.8, ""additional_lag_periods"": 6, ""abs_energy"": false, ""rolling_autocorr_periods"": 7, ""nonzero_last_n"": null, ""add_date_part"": null, ""polynomial_degree"": null, ""x_transform"": null, ""regression_type"": null}","{""fillna"": ""ffill"", ""transformations"": {""0"": ""Scaler"", ""1"": ""DatepartRegression"", ""2"": ""DatepartRegression"", ""3"": ""Scaler""}, ""transformation_params"": {""0"": {}, ""1"": {""regression_model"": {""model"": ""ElasticNet"", ""model_params"": {""l1_ratio"": 0.9, ""fit_intercept"": true, ""selection"": ""cyclic"", ""max_iter"": 200}}, ""datepart_method"": ""common_fourier"", ""polynomial_degree"": null, ""transform_dict"": null, ""holiday_countries_used"": false, ""lags"": null, ""forward_lags"": 2}, ""2"": {""regression_model"": {""model"": ""ElasticNet"", ""model_params"": {""l1_ratio"": 0.5, ""fit_intercept"": true, ""selection"": ""cyclic"", ""max_iter"": 1000}}, ""datepart_method"": ""common_fourier"", ""polynomial_degree"": null, ""transform_dict"": null, ""holiday_countries_used"": false, ""lags"": null, ""forward_lags"": null}, ""3"": {}}}",0,1,137.6751211455061,4.344095872305018,4.965633629276048,0.582582990407959,4.344095872305018,0.0,-388.4342922483029,4.335926725284645,2.534336259148688,1.5119595013324618,4.59782761220015,0.2777777777777778,0.5,6.759950160980225,0.9555555555555556,2.4961931795441976,3.9360931372119192,21.255093268325467,38.1901411617574,0.11607388105855257,385.8999559891542,167.9447361409587,15.681281101722016,0.699220450340919,137.6751211455061,4.344095872305018,4.965633629276048,0.582582990407959,4.344095872305018,0.0,4.335926725284645,1.5119595013324618,4.59782761220015,6.759950160980225,0.9555555555555556,2.4961931795441976,3.9360931372119192,21.255093268325467,38.1901411617574,0.11607388105855257,385.8999559891542,167.9447361409587,15.681281101722016,0.699220450340919,0.2777777777777778,0.5,6.3285,199.03975660153282,62.487267268607994,Wh,62.487267268607994,Wh
48,c03a88121615be9f8b77a04ac2af8645,RollingRegression,"{""regression_model"": {""model"": ""ExtraTrees"", ""model_params"": {""n_estimators"": 100, ""min_samples_leaf"": 1, ""min_samples_split"": 2, ""max_depth"": null, ""criterion"": ""squared_error"", ""max_features"": 1}}, ""holiday"": true, ""mean_rolling_periods"": 12, ""macd_periods"": 24, ""std_rolling_periods"": 7, ""max_rolling_periods"": null, ""min_rolling_periods"": 2, ""ewm_var_alpha"": null, ""quantile90_rolling_periods"": null, ""quantile10_rolling_periods"": null, ""ewm_alpha"": 0.2, ""additional_lag_periods"": 6, ""abs_energy"": false, ""rolling_autocorr_periods"": 7, ""nonzero_last_n"": null, ""add_date_part"": null, ""polynomial_degree"": null, ""x_transform"": null, ""regression_type"": null}","{""fillna"": ""time"", ""transformations"": {""0"": ""Scaler"", ""1"": ""Detrend"", ""2"": ""MinMaxScaler"", ""3"": ""DifferencedTransformer""}, ""transformation_params"": {""0"": {}, ""1"": {""model"": ""Linear"", ""phi"": 1, ""window"": 30, ""transform_dict"": null}, ""2"": {}, ""3"": {""lag"": 1, ""fill"": ""bfill""}}}",0,1,10.863481704349288,0.6769686675601458,0.841502904781317,0.5693291447920994,0.6769686675601458,0.0,-7.669262030125902,0.49207894361248444,53.257918050287216,0.6606274273290629,14.858572133511942,1.0,0.5111111111111111,2.4961258435249114,0.9555555555555556,1.36434856889359,0.5157801357068478,2.4892311807387317,0.8715212794041994,0.12973433395069514,45.58865602016131,34.75341049290925,19.356845063570105,0.08260306874393719,10.863481704349288,0.6769686675601458,0.841502904781317,0.5693291447920994,0.6769686675601458,0.0,0.49207894361248444,0.6606274273290629,14.858572133511942,2.4961258435249114,0.9555555555555556,1.36434856889359,0.5157801357068478,2.4892311807387317,0.8715212794041994,0.12973433395069514,45.58865602016131,34.75341049290925,19.356845063570105,0.08260306874393719,1.0,0.5111111111111111,12.0114,193.37189258603198,9.7377966107959,Wh,9.7377966107959,Wh
49,0a98a875055da5bcd734698018011f5e,RollingRegression,"{""regression_model"": {""model"": ""BayesianRidge"", ""model_params"": {}}, ""holiday"": false, ""mean_rolling_periods"": 7, ""macd_periods"": 63, ""std_rolling_periods"": null, ""max_rolling_periods"": null, ""min_rolling_periods"": 2, ""ewm_var_alpha"": null, ""quantile90_rolling_periods"": null, ""quantile10_rolling_periods"": null, ""ewm_alpha"": null, ""additional_lag_periods"": 3, ""abs_energy"": false, ""rolling_autocorr_periods"": null, ""nonzero_last_n"": null, ""add_date_part"": ""simple_2"", ""polynomial_degree"": null, ""x_transform"": null, ""regression_type"": null}","{""fillna"": ""KNNImputer"", ""transformations"": {""0"": ""DatepartRegression"", ""1"": ""Detrend"", ""2"": ""DifferencedTransformer"", ""3"": ""MinMaxScaler""}, ""transformation_params"": {""0"": {""regression_model"": {""model"": ""ElasticNet"", ""model_params"": {""l1_ratio"": 0.1, ""fit_intercept"": true, ""selection"": ""cyclic"", ""max_iter"": 1000}}, ""datepart_method"": ""recurring"", ""polynomial_degree"": null, ""transform_dict"": {""fillna"": null, ""transformations"": {""0"": ""ClipOutliers""}, ""transformation_params"": {""0"": {""method"": ""clip"", ""std_threshold"": 4}}}, ""holiday_countries_used"": true, ""lags"": null, ""forward_lags"": null}, ""1"": {""model"": ""GLS"", ""phi"": 1, ""window"": 10, ""transform_dict"": {""fillna"": null, ""transformations"": {""0"": ""Discretize""}, ""transformation_params"": {""0"": {""discretization"": ""center"", ""n_bins"": 20}}}}, ""2"": {""lag"": 1, ""fill"": ""bfill""}, ""3"": {}}}",0,1,12.308269317111836,0.7049087036908334,0.922027653122479,0.5710603564590762,0.7049087036908334,0.0,-53.295751269191946,0.6782928452079428,10.146032062983057,0.50142668328554,14.70739283462923,1.0,0.4444444444444444,1.9531280962163287,0.9666666666666667,1.3694251189111173,0.5148422909255573,3.759720782173139,1.2502562438442357,0.11626952761136419,43.14971920620889,12.63262082154965,18.136048436006682,0.07818390654674641,12.308269317111836,0.7049087036908334,0.922027653122479,0.5710603564590762,0.7049087036908334,0.0,0.6782928452079428,0.50142668328554,14.70739283462923,1.9531280962163287,0.9666666666666667,1.3694251189111173,0.5148422909255573,3.759720782173139,1.2502562438442357,0.11626952761136419,43.14971920620889,12.63262082154965,18.136048436006682,0.07818390654674641,1.0,0.4444444444444444,1.1709,192.96661760399274,10.139697617705872,Wh,10.139697617705872,Wh
50,4dc6001ecd89a1d923d0e45efc84ebc2,DatepartRegression,"{""regression_model"": {""model"": ""RandomForest"", ""model_params"": {""n_estimators"": 100, ""min_samples_leaf"": 2, ""bootstrap"": true}}, ""datepart_method"": ""expanded"", ""polynomial_degree"": null, ""holiday_countries_used"": false, ""lags"": null, ""forward_lags"": null, ""regression_type"": null}","{""fillna"": ""rolling_mean"", ""transformations"": {""0"": ""DifferencedTransformer"", ""1"": ""Detrend"", ""2"": ""DatepartRegression""}, ""transformation_params"": {""0"": {""lag"": 1, ""fill"": ""zero""}, ""1"": {""model"": ""GLS"", ""phi"": 1, ""window"": null, ""transform_dict"": null}, ""2"": {""regression_model"": {""model"": ""ElasticNet"", ""model_params"": {""l1_ratio"": 0.5, ""fit_intercept"": true, ""selection"": ""cyclic"", ""max_iter"": 1000}}, ""datepart_method"": ""common_fourier"", ""polynomial_degree"": null, ""transform_dict"": null, ""holiday_countries_used"": false, ""lags"": null, ""forward_lags"": null}}}",0,1,22.20226104394633,1.5153552016215526,1.7105398071308908,0.6795347169047815,1.5153552016215526,0.0,-1.5232386321126343,0.8785730875767706,134.8587295138271,1.5114448835916388,13.443561299249875,1.0,0.4666666666666667,3.5828219876292735,0.12222222222222222,2.3606400432371606,1.2511645601734842,6.919584034621972,4.967506197444515,0.3523475782727059,133.33549088171446,65.89690468588134,9.098879865891853,0.24159345066979007,22.20226104394633,1.5153552016215526,1.7105398071308908,0.6795347169047815,1.5153552016215526,0.0,0.8785730875767706,1.5114448835916388,13.443561299249875,3.5828219876292735,0.12222222222222222,2.3606400432371606,1.2511645601734842,6.919584034621972,4.967506197444515,0.3523475782727059,133.33549088171446,65.89690468588134,9.098879865891853,0.24159345066979007,1.0,0.4666666666666667,0.3965,192.418664272731,21.7974944094311,Wh,21.7974944094311,Wh
51,989e914b28870eb1ef7f95b7b831e31d,DatepartRegression,"{""regression_model"": {""model"": ""RandomForest"", ""model_params"": {""n_estimators"": 100, ""min_samples_leaf"": 2, ""bootstrap"": true}}, ""datepart_method"": ""expanded"", ""polynomial_degree"": null, ""holiday_countries_used"": false, ""lags"": null, ""forward_lags"": null, ""regression_type"": null}","{""fillna"": ""linear"", ""transformations"": {""0"": ""DifferencedTransformer"", ""1"": ""Scaler""}, ""transformation_params"": {""0"": {""lag"": 1, ""fill"": ""zero""}, ""1"": {}}}",0,1,22.11777259159802,1.5086046674078546,1.7034071732121934,0.6795093317514149,1.5086046674078546,0.0,-1.5238001250880115,0.8759884034195144,134.25061994161888,1.5046920380388669,13.442602286731255,1.0,0.4666666666666667,3.5697425142479364,0.12222222222222222,2.3544982552686076,1.2450157092260956,6.880793485579381,4.918252976812868,0.3523441487404751,132.72681981653085,65.67922094653419,9.098792909904773,0.24049058644370777,22.11777259159802,1.5086046674078546,1.7034071732121934,0.6795093317514149,1.5086046674078546,0.0,0.8759884034195144,1.5046920380388669,13.442602286731255,3.5697425142479364,0.12222222222222222,2.3544982552686076,1.2450157092260956,6.880793485579381,4.918252976812868,0.3523441487404751,132.72681981653085,65.67922094653419,9.098792909904773,0.24049058644370777,1.0,0.4666666666666667,0.35,192.28276846785892,21.70039194023687,Wh,21.70039194023687,Wh
52,c5ea7dbd3b496b4463687cdd1872895e,RollingRegression,"{""regression_model"": {""model"": ""ExtraTrees"", ""model_params"": {""n_estimators"": 100, ""min_samples_leaf"": 1, ""min_samples_split"": 2, ""max_depth"": null, ""criterion"": ""squared_error"", ""max_features"": 1}}, ""holiday"": false, ""mean_rolling_periods"": 5, ""macd_periods"": 24, ""std_rolling_periods"": 7, ""max_rolling_periods"": null, ""min_rolling_periods"": null, ""ewm_var_alpha"": null, ""quantile90_rolling_periods"": null, ""quantile10_rolling_periods"": null, ""ewm_alpha"": 0.1, ""additional_lag_periods"": 90, ""abs_energy"": false, ""rolling_autocorr_periods"": 7, ""nonzero_last_n"": null, ""add_date_part"": null, ""polynomial_degree"": null, ""x_transform"": null, ""regression_type"": null}","{""fillna"": ""rolling_mean"", ""transformations"": {""0"": ""Detrend"", ""1"": ""Scaler"", ""2"": ""DatepartRegression"", ""3"": ""Scaler"", ""4"": ""DifferencedTransformer""}, ""transformation_params"": {""0"": {""model"": ""Linear"", ""phi"": 1, ""window"": null, ""transform_dict"": null}, ""1"": {}, ""2"": {""regression_model"": {""model"": ""DecisionTree"", ""model_params"": {""max_depth"": null, ""min_samples_split"": 1.0}}, ""datepart_method"": ""anchored_segment_fourier:us_school"", ""polynomial_degree"": null, ""transform_dict"": {""fillna"": null, ""transformations"": {""0"": ""ScipyFilter""}, ""transformation_params"": {""0"": {""method"": ""savgol_filter"", ""method_args"": {""window_length"": 31, ""polyorder"": 3, ""deriv"": 0, ""mode"": ""interp""}}}}, ""holiday_countries_used"": false, ""lags"": null, ""forward_lags"": 3}, ""3"": {}, ""4"": {""lag"": 1, ""fill"": ""bfill""}}}",0,1,8.3022667141117,0.507356964895548,0.7133711831913789,0.6857549895647972,0.507356964895548,0.0,-5.153841223048347,0.3707990212952997,40.508285617550975,0.5010806388598895,14.655555420164989,1.0,0.43333333333333335,2.2168319162218406,0.9555555555555556,1.286632949683869,0.3276707590588228,2.101387133471563,0.6384446271597701,0.4157802186376374,35.35444439450263,21.511104106420163,8.728221239476017,0.06405948004765226,8.3022667141117,0.507356964895548,0.7133711831913789,0.6857549895647972,0.507356964895548,0.0,0.3707990212952997,0.5010806388598895,14.655555420164989,2.2168319162218406,0.9555555555555556,1.286632949683869,0.3276707590588228,2.101387133471563,0.6384446271597701,0.4157802186376374,35.35444439450263,21.511104106420163,8.728221239476017,0.06405948004765226,1.0,0.43333333333333335,13.8786,187.64698959112025,7.298031903056453,Wh,7.298031903056453,Wh
53,d712a23e9aabe9b5aa8942c93bd3eed3,ARIMA,"{""p"": 5, ""d"": 1, ""q"": 2, ""regression_type"": null}","{""fillna"": ""median"", ""transformations"": {""0"": ""DifferencedTransformer""}, ""transformation_params"": {""0"": {""lag"": 1, ""fill"": ""zero""}}}",0,1,17.58387322393597,1.1529974062113386,1.2865272954924718,0.5486110724701054,1.1529974062113386,0.0,-0.38628645668067296,0.7342687015235697,103.3834801023398,1.1525093622790628,13.45902836479822,1.0,0.5111111111111111,2.7157580623624673,0.1,2.0110628866180504,0.9563110121422544,4.918292376805909,2.587017125342427,0.011719417091974282,102.99719364565914,55.59695488223216,23.053370052155532,0.18662283580771566,17.58387322393597,1.1529974062113386,1.2865272954924718,0.5486110724701054,1.1529974062113386,0.0,0.7342687015235697,1.1525093622790628,13.45902836479822,2.7157580623624673,0.1,2.0110628866180504,0.9563110121422544,4.918292376805909,2.587017125342427,0.011719417091974282,102.99719364565914,55.59695488223216,23.053370052155532,0.18662283580771566,1.0,0.5111111111111111,0.2292,185.70714417115755,16.585190382483557,Wh,16.585190382483557,Wh
54,8adf18f0159cc422161ef463ffbcc8fc,WindowRegression,"{""window_size"": 20, ""input_dim"": ""univariate"", ""output_dim"": ""1step"", ""normalize_window"": false, ""max_windows"": 5000000, ""fourier_encoding_components"": null, ""scale"": true, ""datepart_method"": null, ""regression_type"": null, ""regression_model"": {""model"": ""KNN"", ""model_params"": {""n_neighbors"": 3, ""weights"": ""uniform"", ""p"": 2, ""leaf_size"": 10}}}","{""fillna"": ""ffill"", ""transformations"": {""0"": ""Scaler"", ""1"": ""DatepartRegression"", ""2"": ""DatepartRegression"", ""3"": ""DatepartRegression""}, ""transformation_params"": {""0"": {}, ""1"": {""regression_model"": {""model"": ""ElasticNet"", ""model_params"": {""l1_ratio"": 0.5, ""fit_intercept"": false, ""selection"": ""cyclic"", ""max_iter"": 1000}}, ""datepart_method"": [""anchored_segment_fourier:us_school""], ""polynomial_degree"": null, ""transform_dict"": null, ""holiday_countries_used"": false, ""lags"": null, ""forward_lags"": null}, ""2"": {""regression_model"": {""model"": ""ElasticNet"", ""model_params"": {""l1_ratio"": 0.5, ""fit_intercept"": true, ""selection"": ""cyclic"", ""max_iter"": 1000}}, ""datepart_method"": ""common_fourier"", ""polynomial_degree"": null, ""transform_dict"": null, ""holiday_countries_used"": false, ""lags"": null, ""forward_lags"": null}, ""3"": {""regression_model"": {""model"": ""ElasticNet"", ""model_params"": {""l1_ratio"": 0.5, ""fit_intercept"": true, ""selection"": ""cyclic"", ""max_iter"": 1000}}, ""datepart_method"": [""dayofweek"", [365.25, 24]], ""polynomial_degree"": null, ""transform_dict"": null, ""holiday_countries_used"": false, ""lags"": null, ""forward_lags"": null}}}",0,1,126.81523681773581,4.556061897157234,4.752707651582017,1.7267502664261427,4.556061897157234,0.0,-410.0455707441511,4.556061897157234,0.0,1.6813657792751093,3.5729267560645157,0.011111111111111112,0.45555555555555555,7.405900001525879,0.9666666666666667,2.8123831764966885,4.216353946341983,17.485351847371966,85.3936571759444,1.0720404316026058,410.0455707441511,254.51612994800817,48.83500128117304,0.7429704103000276,126.81523681773581,4.556061897157234,4.752707651582017,1.7267502664261427,4.556061897157234,0.0,4.556061897157234,1.6813657792751093,3.5729267560645157,7.405900001525879,0.9666666666666667,2.8123831764966885,4.216353946341983,17.485351847371966,85.3936571759444,1.0720404316026058,410.0455707441511,254.51612994800817,48.83500128117304,0.7429704103000276,0.011111111111111112,0.45555555555555555,2.6523,179.41324762110852,65.5362740207948,Wh,65.5362740207948,Wh
55,995e6c1e7230946bbe7eb9569521536c,WindowRegression,"{""window_size"": 10, ""input_dim"": ""univariate"", ""output_dim"": ""1step"", ""normalize_window"": false, ""max_windows"": 5000000, ""fourier_encoding_components"": null, ""scale"": true, ""datepart_method"": null, ""regression_type"": null, ""regression_model"": {""model"": ""SVM"", ""model_params"": {""C"": 0.1, ""tol"": 0.001, ""epsilon"": 0.0, ""loss"": ""squared_epsilon_insensitive"", ""max_iter"": 50}}}","{""fillna"": ""ffill"", ""transformations"": {""0"": ""DifferencedTransformer"", ""1"": ""MinMaxScaler"", ""2"": ""MinMaxScaler"", ""3"": ""Detrend""}, ""transformation_params"": {""0"": {""lag"": 1, ""fill"": ""bfill""}, ""1"": {}, ""2"": {}, ""3"": {""model"": ""GLS"", ""phi"": 1, ""window"": null, ""transform_dict"": null}}}",0,1,25.61865598151261,1.788156502167751,1.959438519630701,0.5630237306550013,1.788156502167751,0.0,-0.7741549379909358,0.9837444228230161,160.15993025710665,1.7867342156440498,10.792815703968788,1.0,0.4888888888888889,3.795376944621628,0.044444444444444446,2.5920492212205817,1.5373753863101105,8.451480562722926,6.876663320729368,0.03352165592329361,159.3857753191157,76.38840612352722,21.081495852443712,0.28879452269152583,25.61865598151261,1.788156502167751,1.959438519630701,0.5630237306550013,1.788156502167751,0.0,0.9837444228230161,1.7867342156440498,10.792815703968788,3.795376944621628,0.044444444444444446,2.5920492212205817,1.5373753863101105,8.451480562722926,6.876663320729368,0.03352165592329361,159.3857753191157,76.38840612352722,21.081495852443712,0.28879452269152583,1.0,0.4888888888888889,0.339,165.4555819486374,25.72158086597816,Wh,25.72158086597816,Wh
56,2cfa7e8b8d59569965760e3f44528172,WindowRegression,"{""window_size"": 10, ""input_dim"": ""univariate"", ""output_dim"": ""1step"", ""normalize_window"": false, ""max_windows"": 5000000, ""fourier_encoding_components"": null, ""scale"": true, ""datepart_method"": null, ""regression_type"": null, ""regression_model"": {""model"": ""SVM"", ""model_params"": {""C"": 0.1, ""tol"": 0.001, ""epsilon"": 0.0, ""loss"": ""squared_epsilon_insensitive"", ""max_iter"": 50}}}","{""fillna"": ""ffill"", ""transformations"": {""0"": ""DifferencedTransformer"", ""1"": ""DatepartRegression"", ""2"": ""MinMaxScaler"", ""3"": ""Detrend""}, ""transformation_params"": {""0"": {""lag"": 1, ""fill"": ""bfill""}, ""1"": {""regression_model"": {""model"": ""ElasticNet"", ""model_params"": {""l1_ratio"": 0.9, ""fit_intercept"": true, ""selection"": ""cyclic"", ""max_iter"": 200}}, ""datepart_method"": ""common_fourier"", ""polynomial_degree"": null, ""transform_dict"": null, ""holiday_countries_used"": false, ""lags"": null, ""forward_lags"": 2}, ""2"": {}, ""3"": {""model"": ""GLS"", ""phi"": 1, ""window"": null, ""transform_dict"": null}}}",0,1,25.618655981512553,1.7881565021677466,1.9594385196306965,0.5630237306550013,1.7881565021677466,0.0,-0.7741549379909367,0.9837444228230144,160.15993025710625,1.7867342156440458,10.792815703968788,1.0,0.4888888888888889,3.795376944621623,0.044444444444444446,2.592049221220578,1.5373753863101063,8.451480562722907,6.87666332072934,0.03352165592329361,159.38577531911534,76.38840612352695,21.081495852443723,0.28879452269152517,25.618655981512553,1.7881565021677466,1.9594385196306965,0.5630237306550013,1.7881565021677466,0.0,0.9837444228230144,1.7867342156440458,10.792815703968788,3.795376944621623,0.044444444444444446,2.592049221220578,1.5373753863101063,8.451480562722907,6.87666332072934,0.03352165592329361,159.38577531911534,76.38840612352695,21.081495852443723,0.28879452269152517,1.0,0.4888888888888889,0.3043,165.45557575354297,25.7215808659781,Wh,25.7215808659781,Wh
57,c240d65c54f178e97576a846cccb6d76,WindowRegression,"{""window_size"": 5, ""input_dim"": ""univariate"", ""output_dim"": ""forecast_length"", ""normalize_window"": false, ""max_windows"": 5000000, ""fourier_encoding_components"": null, ""scale"": true, ""datepart_method"": null, ""regression_type"": null, ""regression_model"": {""model"": ""HistGradientBoost"", ""model_params"": {""loss"": ""squared_error"", ""learning_rate"": 0.01, ""max_depth"": null, ""min_samples_leaf"": 30, ""max_iter"": 50, ""l2_regularization"": 0.4}}}","{""fillna"": ""ffill"", ""transformations"": {""0"": ""Detrend"", ""1"": ""DifferencedTransformer"", ""2"": ""Detrend"", ""3"": ""Detrend""}, ""transformation_params"": {""0"": {""model"": ""Linear"", ""phi"": 0.99, ""window"": null, ""transform_dict"": null}, ""1"": {""lag"": 1, ""fill"": ""zero""}, ""2"": {""model"": ""GLS"", ""phi"": 1, ""window"": null, ""transform_dict"": null}, ""3"": {""model"": ""GLS"", ""phi"": 1, ""window"": null, ""transform_dict"": null}}}",0,1,38.75609731372506,1.8442341696194346,2.2445352989927274,0.6361405241373669,1.8442341696194346,0.0,-162.31248703737378,1.832999104820043,3.6685882283753166,0.9450943724295786,9.850009664920877,1.0,0.34444444444444444,4.248908281562933,0.9666666666666667,1.798154690508409,1.4839679176907694,10.073088610732325,8.88201450921617,0.19972037137094745,158.64389880899847,56.944811772471915,15.791763333842683,0.28745030064783095,38.75609731372506,1.8442341696194346,2.2445352989927274,0.6361405241373669,1.8442341696194346,0.0,1.832999104820043,0.9450943724295786,9.850009664920877,4.248908281562933,0.9666666666666667,1.798154690508409,1.4839679176907694,10.073088610732325,8.88201450921617,0.19972037137094745,158.64389880899847,56.944811772471915,15.791763333842683,0.28745030064783095,1.0,0.34444444444444444,3.1778,165.18801891274998,26.528225170537244,Wh,26.528225170537244,Wh
58,69afd8ef2c72e0152e6b3c35143e0ef7,WindowRegression,"{""window_size"": 10, ""input_dim"": ""univariate"", ""output_dim"": ""1step"", ""normalize_window"": false, ""max_windows"": 5000000, ""fourier_encoding_components"": null, ""scale"": true, ""datepart_method"": null, ""regression_type"": null, ""regression_model"": {""model"": ""Ridge"", ""model_params"": {""alpha"": 1e-05}}}","{""fillna"": ""ffill"", ""transformations"": {""0"": ""DatepartRegression"", ""1"": ""MinMaxScaler"", ""2"": ""DatepartRegression""}, ""transformation_params"": {""0"": {""regression_model"": {""model"": ""ElasticNet"", ""model_params"": {""l1_ratio"": 0.1, ""fit_intercept"": true, ""selection"": ""random"", ""max_iter"": 1000}}, ""datepart_method"": ""common_fourier_rw_lag"", ""polynomial_degree"": null, ""transform_dict"": {""fillna"": null, ""transformations"": {""0"": ""ClipOutliers""}, ""transformation_params"": {""0"": {""method"": ""clip"", ""std_threshold"": 4}}}, ""holiday_countries_used"": false, ""lags"": null, ""forward_lags"": null}, ""1"": {}, ""2"": {""regression_model"": {""model"": ""DecisionTree"", ""model_params"": {""max_depth"": 9, ""min_samples_split"": 2}}, ""datepart_method"": [7, 365.25], ""polynomial_degree"": null, ""transform_dict"": null, ""holiday_countries_used"": false, ""lags"": null, ""forward_lags"": 2}}}",0,1,104.79986279452115,3.8541754718435035,4.405855519113746,0.9180355244028137,3.8541754718435035,0.0,-267.1230806970526,3.431046669107266,79.75271176886264,1.8781640175246364,4.106458457496753,0.05555555555555555,0.45555555555555555,6.887472746864465,0.5444444444444444,2.7800919122591727,3.4071574304968086,11.438622476535269,26.021690431105572,0.5062811284317984,187.37036892818998,192.68176409233436,6.738517886535122,0.3395004112055283,104.79986279452115,3.8541754718435035,4.405855519113746,0.9180355244028137,3.8541754718435035,0.0,3.431046669107266,1.8781640175246364,4.106458457496753,6.887472746864465,0.5444444444444444,2.7800919122591727,3.4071574304968086,11.438622476535269,26.021690431105572,0.5062811284317984,187.37036892818998,192.68176409233436,6.738517886535122,0.3395004112055283,0.05555555555555555,0.45555555555555555,0.2963,164.2306160743281,55.44005010216498,Wh,55.44005010216498,Wh
59,ea982f4e3420b3b62f4721517b61de60,WindowRegression,"{""window_size"": 10, ""input_dim"": ""univariate"", ""output_dim"": ""1step"", ""normalize_window"": false, ""max_windows"": 5000000, ""fourier_encoding_components"": null, ""scale"": true, ""datepart_method"": null, ""regression_type"": null, ""regression_model"": {""model"": ""SVM"", ""model_params"": {""C"": 0.1, ""tol"": 0.001, ""epsilon"": 0.0, ""loss"": ""squared_epsilon_insensitive"", ""max_iter"": 50}}}","{""fillna"": ""ffill"", ""transformations"": {""0"": ""Scaler"", ""1"": ""Detrend"", ""2"": ""Scaler"", ""3"": ""Scaler"", ""4"": ""DifferencedTransformer""}, ""transformation_params"": {""0"": {}, ""1"": {""model"": ""Linear"", ""phi"": 1, ""window"": null, ""transform_dict"": null}, ""2"": {}, ""3"": {}, ""4"": {""lag"": 1, ""fill"": ""bfill""}}}",0,1,17.194106209921337,1.124213746137132,1.2547089139563985,0.5604189904409455,1.124213746137132,0.0,-0.8811991014006919,0.7238385482639599,100.2980380509412,1.1224597245276384,10.659058350368442,1.0,0.45555555555555555,2.6648628634862828,0.25555555555555554,1.927174431281202,0.9285986302920429,4.79720321925009,2.4781664092111093,0.03333751323643713,99.4168389495405,53.14478918147786,21.609829552128136,0.18013551394061844,17.194106209921337,1.124213746137132,1.2547089139563985,0.5604189904409455,1.124213746137132,0.0,0.7238385482639599,1.1224597245276384,10.659058350368442,2.6648628634862828,0.25555555555555554,1.927174431281202,0.9285986302920429,4.79720321925009,2.4781664092111093,0.03333751323643713,99.4168389495405,53.14478918147786,21.609829552128136,0.18013551394061844,1.0,0.45555555555555555,0.3653,151.51066642715568,16.171154340716516,Wh,16.171154340716516,Wh
60,fedc3d0ad395d0966771309abcd6fee2,WindowRegression,"{""window_size"": 10, ""input_dim"": ""univariate"", ""output_dim"": ""1step"", ""normalize_window"": false, ""max_windows"": 5000000, ""fourier_encoding_components"": null, ""scale"": true, ""datepart_method"": null, ""regression_type"": null, ""regression_model"": {""model"": ""SVM"", ""model_params"": {""C"": 0.1, ""tol"": 0.001, ""epsilon"": 0.0, ""loss"": ""squared_epsilon_insensitive"", ""max_iter"": 50}}}","{""fillna"": ""ffill"", ""transformations"": {""0"": ""DatepartRegression"", ""1"": ""Detrend"", ""2"": ""DifferencedTransformer""}, ""transformation_params"": {""0"": {""regression_model"": {""model"": ""ElasticNet"", ""model_params"": {""l1_ratio"": 0.5, ""fit_intercept"": true, ""selection"": ""cyclic"", ""max_iter"": 200}}, ""datepart_method"": [""weekend"", ""weekdayofmonth"", ""daysinmonth""], ""polynomial_degree"": null, ""transform_dict"": {""fillna"": ""ffill"", ""transformations"": {""0"": ""StandardScaler"", ""1"": ""PositiveShift""}, ""transformation_params"": {""0"": {}, ""1"": {}}}, ""holiday_countries_used"": true, ""lags"": 1, ""forward_lags"": null}, ""1"": {""model"": ""Linear"", ""phi"": 1, ""window"": null, ""transform_dict"": {""fillna"": null, ""transformations"": {""0"": ""ClipOutliers""}, ""transformation_params"": {""0"": {""method"": ""clip"", ""std_threshold"": 4}}}}, ""2"": {""lag"": 1, ""fill"": ""bfill""}}}",0,1,17.18764262283541,1.1237377377910096,1.2542421099541077,0.5604175562712322,1.1237377377910096,0.0,-0.8813048529120691,0.7236136541966126,100.25509154827878,1.1219833709953346,10.659001519576144,1.0,0.45555555555555555,2.664617529956379,0.25555555555555554,1.9268266846766653,0.9281479878668025,4.794701594975189,2.476047885668805,0.03333736115200163,99.37378669536673,53.12681076374336,21.6101054882463,0.18005750663306533,17.18764262283541,1.1237377377910096,1.2542421099541077,0.5604175562712322,1.1237377377910096,0.0,0.7236136541966126,1.1219833709953346,10.659001519576144,2.664617529956379,0.25555555555555554,1.9268266846766653,0.9281479878668025,4.794701594975189,2.476047885668805,0.03333736115200163,99.37378669536673,53.12681076374336,21.6101054882463,0.18005750663306533,1.0,0.45555555555555555,0.7812,151.50103303499165,16.164307240279374,Wh,16.164307240279374,Wh
61,223ef07c4be14798b4100abcaa4f3068,WindowRegression,"{""window_size"": 10, ""input_dim"": ""univariate"", ""output_dim"": ""1step"", ""normalize_window"": false, ""max_windows"": 5000000, ""fourier_encoding_components"": null, ""scale"": true, ""datepart_method"": null, ""regression_type"": null, ""regression_model"": {""model"": ""SVM"", ""model_params"": {""C"": 0.1, ""tol"": 0.001, ""epsilon"": 0.0, ""loss"": ""squared_epsilon_insensitive"", ""max_iter"": 50}}}","{""fillna"": ""rolling_mean"", ""transformations"": {""0"": ""Scaler"", ""1"": ""Detrend"", ""2"": ""MinMaxScaler"", ""3"": ""DifferencedTransformer"", ""4"": ""Detrend""}, ""transformation_params"": {""0"": {}, ""1"": {""model"": ""Linear"", ""phi"": 1, ""window"": 30, ""transform_dict"": null}, ""2"": {}, ""3"": {""lag"": 1, ""fill"": ""one""}, ""4"": {""model"": ""GLS"", ""phi"": 0.998, ""window"": null, ""transform_dict"": null}}}",0,1,13.708668280439674,0.876231579483214,1.0348259933654487,0.5600586572872237,0.876231579483214,0.0,-0.8538831795835566,0.5900453827684611,78.0069589739057,0.8745645604323785,10.633221759954761,1.0,0.4777777777777778,2.6611625680863478,0.9444444444444444,1.4487597723199848,0.6916650166106431,3.161052834047562,1.4052343036328478,0.03377842778461281,77.15307579432215,47.48782611991433,21.484823834931635,0.13979532146826465,13.708668280439674,0.876231579483214,1.0348259933654487,0.5600586572872237,0.876231579483214,0.0,0.5900453827684611,0.8745645604323785,10.633221759954761,2.6611625680863478,0.9444444444444444,1.4487597723199848,0.6916650166106431,3.161052834047562,1.4052343036328478,0.03377842778461281,77.15307579432215,47.48782611991433,21.484823834931635,0.13979532146826465,1.0,0.4777777777777778,0.3099,146.5134709216771,12.604076545693154,Wh,12.604076545693154,Wh
62,313720cc034c1d0c855e4764ab48f634,WindowRegression,"{""window_size"": 10, ""input_dim"": ""univariate"", ""output_dim"": ""1step"", ""normalize_window"": false, ""max_windows"": 5000000, ""fourier_encoding_components"": null, ""scale"": true, ""datepart_method"": null, ""regression_type"": null, ""regression_model"": {""model"": ""BayesianRidge"", ""model_params"": {}}}","{""fillna"": ""KNNImputer"", ""transformations"": {""0"": ""DatepartRegression"", ""1"": ""DatepartRegression"", ""2"": ""DifferencedTransformer"", ""3"": ""Scaler""}, ""transformation_params"": {""0"": {""regression_model"": {""model"": ""ElasticNet"", ""model_params"": {""l1_ratio"": 0.5, ""fit_intercept"": true, ""selection"": ""cyclic"", ""max_iter"": 1000}}, ""datepart_method"": ""anchored_segment_fourier:us_school"", ""polynomial_degree"": null, ""transform_dict"": null, ""holiday_countries_used"": false, ""lags"": null, ""forward_lags"": null}, ""1"": {""regression_model"": {""model"": ""ElasticNet"", ""model_params"": {""l1_ratio"": 0.9, ""fit_intercept"": true, ""selection"": ""cyclic"", ""max_iter"": 200}}, ""datepart_method"": ""common_fourier"", ""polynomial_degree"": null, ""transform_dict"": null, ""holiday_countries_used"": false, ""lags"": null, ""forward_lags"": 2}, ""2"": {""lag"": 1, ""fill"": ""zero""}, ""3"": {}}}",0,1,16.673224316481576,1.0859882765863982,1.2170955470618605,0.5593497253520618,1.0859882765863982,0.0,-0.9012463607455885,0.7057624153544855,96.83769853203023,1.0841706984721409,10.185775465387758,1.0,0.4111111111111111,2.6476776211391666,0.3888888888888889,1.8496962599919178,0.892478120345266,4.5950827741184135,2.314455556004202,0.03346611278189179,95.93645217128464,51.69450612309954,21.574816599616025,0.1738293260992261,16.673224316481576,1.0859882765863982,1.2170955470618605,0.5593497253520618,1.0859882765863982,0.0,0.7057624153544855,1.0841706984721409,10.185775465387758,2.6476776211391666,0.3888888888888889,1.8496962599919178,0.892478120345266,4.5950827741184135,2.314455556004202,0.03346611278189179,95.93645217128464,51.69450612309954,21.574816599616025,0.1738293260992261,1.0,0.4111111111111111,1.3237,145.09959993164696,15.621303416036685,Wh,15.621303416036685,Wh
63,3cb47c71c12b2df4f3694c9c74864efa,WindowRegression,"{""window_size"": 10, ""input_dim"": ""univariate"", ""output_dim"": ""1step"", ""normalize_window"": false, ""max_windows"": 5000000, ""fourier_encoding_components"": null, ""scale"": true, ""datepart_method"": null, ""regression_type"": null, ""regression_model"": {""model"": ""SVM"", ""model_params"": {""C"": 0.1, ""tol"": 0.001, ""epsilon"": 0.0, ""loss"": ""squared_epsilon_insensitive"", ""max_iter"": 50}}}","{""fillna"": ""mean"", ""transformations"": {""0"": ""MinMaxScaler"", ""1"": ""DifferencedTransformer""}, ""transformation_params"": {""0"": {}, ""1"": {""lag"": 1, ""fill"": ""zero""}}}",0,1,15.993538413103742,1.036545347470897,1.169512035797523,0.5593861244778207,1.036545347470897,0.0,-0.918724973799991,0.6814530069014961,92.37035629858075,1.034667390498939,10.179863023476026,1.0,0.4222222222222222,2.620409007259978,0.7888888888888889,1.6005400219756833,0.8456603883726578,4.336065023157176,2.1093247299964206,0.033960738128862,91.45163132478073,49.804259833559364,21.572715913594237,0.16570318251376548,15.993538413103742,1.036545347470897,1.169512035797523,0.5593861244778207,1.036545347470897,0.0,0.6814530069014961,1.034667390498939,10.179863023476026,2.620409007259978,0.7888888888888889,1.6005400219756833,0.8456603883726578,4.336065023157176,2.1093247299964206,0.033960738128862,91.45163132478073,49.804259833559364,21.572715913594237,0.16570318251376548,1.0,0.4222222222222222,0.2767,144.08709004187384,14.910095924995789,Wh,14.910095924995789,Wh
64,c9d75b0e3a8c3d9267a11dc346b9cb20,ARIMA,"{""p"": 2, ""d"": 1, ""q"": 1, ""regression_type"": null}","{""fillna"": ""akima"", ""transformations"": {""0"": ""Detrend"", ""1"": ""Detrend"", ""2"": ""DatepartRegression"", ""3"": ""DifferencedTransformer""}, ""transformation_params"": {""0"": {""model"": ""Linear"", ""phi"": 1, ""window"": null, ""transform_dict"": {""fillna"": null, ""transformations"": {""0"": ""ScipyFilter""}, ""transformation_params"": {""0"": {""method"": ""savgol_filter"", ""method_args"": {""window_length"": 31, ""polyorder"": 3, ""deriv"": 0, ""mode"": ""interp""}}}}}, ""1"": {""model"": ""Linear"", ""phi"": 0.999, ""window"": null, ""transform_dict"": null}, ""2"": {""regression_model"": {""model"": ""DecisionTree"", ""model_params"": {""max_depth"": null, ""min_samples_split"": 0.05}}, ""datepart_method"": [""weekdayofmonth"", ""common_fourier""], ""polynomial_degree"": null, ""transform_dict"": {""fillna"": null, ""transformations"": {""0"": ""Discretize""}, ""transformation_params"": {""0"": {""discretization"": ""center"", ""n_bins"": 20}}}, ""holiday_countries_used"": true, ""lags"": 2, ""forward_lags"": null}, ""3"": {""lag"": 1, ""fill"": ""bfill""}}}",0,1,55.300538452791585,2.5834061323859805,2.7643223419439473,0.6191175164463001,2.5834061323859805,0.0,-227.35032375016434,2.56527917425294,5.156228164573902,1.2387619822632312,6.4931407456581045,1.0,0.5,4.259725876419,0.9444444444444444,2.0409148029318662,2.4063980141873,10.455255468114203,10.425351097712124,0.17826822016872584,222.19409558559045,121.39523999267428,13.957749476400886,0.4025982723429392,55.300538452791585,2.5834061323859805,2.7643223419439473,0.6191175164463001,2.5834061323859805,0.0,2.56527917425294,1.2387619822632312,6.4931407456581045,4.259725876419,0.9444444444444444,2.0409148029318662,2.4063980141873,10.455255468114203,10.425351097712124,0.17826822016872584,222.19409558559045,121.39523999267428,13.957749476400886,0.4025982723429392,1.0,0.5,0.6303,143.13975741785464,37.160779642763124,Wh,37.160779642763124,Wh
65,0cead64b6b9b0010553bd618c4b95f4a,WindowRegression,"{""window_size"": 20, ""input_dim"": ""univariate"", ""output_dim"": ""forecast_length"", ""normalize_window"": false, ""max_windows"": 50000, ""fourier_encoding_components"": null, ""scale"": false, ""datepart_method"": null, ""regression_type"": null, ""regression_model"": {""model"": ""RadiusNeighbors"", ""model_params"": {""radius"": 5.0, ""weights"": ""uniform"", ""algorithm"": ""ball_tree"", ""leaf_size"": 10, ""p"": 1.5, ""metric"": ""minkowski""}}}","{""fillna"": ""ffill_mean_biased"", ""transformations"": {""0"": ""DifferencedTransformer"", ""1"": ""Detrend"", ""2"": ""MinMaxScaler""}, ""transformation_params"": {""0"": {""lag"": 1, ""fill"": ""bfill""}, ""1"": {""model"": ""GLS"", ""phi"": 1, ""window"": 10, ""transform_dict"": {""fillna"": null, ""transformations"": {""0"": ""Discretize""}, ""transformation_params"": {""0"": {""discretization"": ""center"", ""n_bins"": 20}}}}, ""2"": {}}}",0,1,11.202312889786011,0.7067206563352342,0.8793681494760839,0.5732546398040103,0.7067206563352342,0.0,-4.042095191090687,0.4944352639695314,59.562763879080386,0.7012180593266907,10.601599238344884,1.0,0.4888888888888889,2.505359431541419,0.8,1.450924883262228,0.5432278654901704,2.3666577676034404,1.0245439869065314,0.22278255042442888,55.5206686879897,39.83446591240719,15.234018221375933,0.10059909663305636,11.202312889786011,0.7067206563352342,0.8793681494760839,0.5732546398040103,0.7067206563352342,0.0,0.4944352639695314,0.7012180593266907,10.601599238344884,2.505359431541419,0.8,1.450924883262228,0.5432278654901704,2.3666577676034404,1.0245439869065314,0.22278255042442888,55.5206686879897,39.83446591240719,15.234018221375933,0.10059909663305636,1.0,0.4888888888888889,0.0344,142.8025278428776,10.165761492099293,Wh,10.165761492099293,Wh
66,2d9af67959c78adcdd030cfab68ea788,WindowRegression,"{""window_size"": 10, ""input_dim"": ""univariate"", ""output_dim"": ""1step"", ""normalize_window"": false, ""max_windows"": 5000000, ""fourier_encoding_components"": null, ""scale"": true, ""datepart_method"": null, ""regression_type"": null, ""regression_model"": {""model"": ""SVM"", ""model_params"": {""C"": 0.1, ""tol"": 0.001, ""epsilon"": 0.0, ""loss"": ""squared_epsilon_insensitive"", ""max_iter"": 50}}}","{""fillna"": ""ffill"", ""transformations"": {""0"": ""DatepartRegression"", ""1"": ""DifferencedTransformer"", ""2"": ""MinMaxScaler""}, ""transformation_params"": {""0"": {""regression_model"": {""model"": ""ElasticNet"", ""model_params"": {""l1_ratio"": 0.5, ""fit_intercept"": true, ""selection"": ""cyclic"", ""max_iter"": 1000}}, ""datepart_method"": ""anchored_segment_fourier:us_school"", ""polynomial_degree"": null, ""transform_dict"": null, ""holiday_countries_used"": false, ""lags"": null, ""forward_lags"": null}, ""1"": {""lag"": 1, ""fill"": ""bfill""}, ""2"": {}}}",0,1,11.219482333111463,0.6513655132905313,0.8362314193232219,0.5573812255451733,0.6513655132905313,0.0,-43.533501244414865,0.6137310530861788,15.089394951732949,0.4917707545638813,10.490276931218698,1.0,0.4888888888888889,1.9361253558963627,0.9666666666666667,1.3457840515524557,0.4792426832767454,3.4317955659753774,1.2096326293364277,0.03306084919202623,28.444106292681912,8.900346749041969,20.85284783573634,0.05153848945262122,11.219482333111463,0.6513655132905313,0.8362314193232219,0.5573812255451733,0.6513655132905313,0.0,0.6137310530861788,0.4917707545638813,10.490276931218698,1.9361253558963627,0.9666666666666667,1.3457840515524557,0.4792426832767454,3.4317955659753774,1.2096326293364277,0.03306084919202623,28.444106292681912,8.900346749041969,20.85284783573634,0.05153848945262122,1.0,0.4888888888888889,1.243,140.8909411426015,9.369510276701735,Wh,9.369510276701735,Wh
67,c63500b2d120b6d780847f72bc659062,WindowRegression,"{""window_size"": 10, ""input_dim"": ""univariate"", ""output_dim"": ""1step"", ""normalize_window"": false, ""max_windows"": 5000000, ""fourier_encoding_components"": null, ""scale"": true, ""datepart_method"": null, ""regression_type"": null, ""regression_model"": {""model"": ""SVM"", ""model_params"": {""C"": 0.1, ""tol"": 0.001, ""epsilon"": 0.0, ""loss"": ""squared_epsilon_insensitive"", ""max_iter"": 50}}}","{""fillna"": ""ffill"", ""transformations"": {""0"": ""DatepartRegression"", ""1"": ""DifferencedTransformer"", ""2"": ""MinMaxScaler"", ""3"": ""Scaler""}, ""transformation_params"": {""0"": {""regression_model"": {""model"": ""ElasticNet"", ""model_params"": {""l1_ratio"": 0.5, ""fit_intercept"": true, ""selection"": ""cyclic"", ""max_iter"": 1000}}, ""datepart_method"": ""anchored_segment_fourier:us_school"", ""polynomial_degree"": null, ""transform_dict"": null, ""holiday_countries_used"": false, ""lags"": null, ""forward_lags"": null}, ""1"": {""lag"": 1, ""fill"": ""bfill""}, ""2"": {}, ""3"": {}}}",0,1,11.219482333111463,0.6513655132905313,0.8362314193232219,0.5573812255451733,0.6513655132905313,0.0,-43.533501244414865,0.6137310530861788,15.089394951732949,0.4917707545638813,10.490276931218698,1.0,0.4888888888888889,1.9361253558963627,0.9666666666666667,1.3457840515524557,0.4792426832767454,3.4317955659753774,1.2096326293364277,0.03306084919202623,28.444106292681912,8.900346749041969,20.85284783573634,0.05153848945262122,11.219482333111463,0.6513655132905313,0.8362314193232219,0.5573812255451733,0.6513655132905313,0.0,0.6137310530861788,0.4917707545638813,10.490276931218698,1.9361253558963627,0.9666666666666667,1.3457840515524557,0.4792426832767454,3.4317955659753774,1.2096326293364277,0.03306084919202623,28.444106292681912,8.900346749041969,20.85284783573634,0.05153848945262122,1.0,0.4888888888888889,1.2188,140.89093682210344,9.369510276701735,Wh,9.369510276701735,Wh
68,a2c0a4ea98d40817c87ae4dde29b71ea,WindowRegression,"{""window_size"": 12, ""input_dim"": ""univariate"", ""output_dim"": ""forecast_length"", ""normalize_window"": false, ""max_windows"": 5000000, ""fourier_encoding_components"": null, ""scale"": true, ""datepart_method"": null, ""regression_type"": null, ""regression_model"": {""model"": ""Ridge"", ""model_params"": {""alpha"": 1e-05}}}","{""fillna"": ""ffill"", ""transformations"": {""0"": ""Scaler"", ""1"": ""Detrend"", ""2"": ""DatepartRegression""}, ""transformation_params"": {""0"": {}, ""1"": {""model"": ""GLS"", ""phi"": 1, ""window"": null, ""transform_dict"": null}, ""2"": {""regression_model"": {""model"": ""DecisionTree"", ""model_params"": {""max_depth"": null, ""min_samples_split"": 1.0}}, ""datepart_method"": ""common_fourier"", ""polynomial_degree"": null, ""transform_dict"": null, ""holiday_countries_used"": true, ""lags"": null, ""forward_lags"": null}}}",0,1,91.83339472384814,3.399893654879382,4.051805437156777,1.3487012920609576,3.399893654879382,0.0,-244.97446574618414,3.087846833458563,61.015963192960164,1.641023356263582,3.2508608502433645,0.18888888888888888,0.4888888888888889,6.827769430712311,0.7222222222222222,2.5321058211141505,2.8480402633748114,10.512321460863046,23.133139355288915,0.7990179624451643,183.95850255322398,163.6290321595366,27.63363365068249,0.3333183769601712,91.83339472384814,3.399893654879382,4.051805437156777,1.3487012920609576,3.399893654879382,0.0,3.087846833458563,1.641023356263582,3.2508608502433645,6.827769430712311,0.7222222222222222,2.5321058211141505,2.8480402633748114,10.512321460863046,23.133139355288915,0.7990179624451643,183.95850255322398,163.6290321595366,27.63363365068249,0.3333183769601712,0.18888888888888888,0.4888888888888889,0.3415,140.59150625335894,48.90547302414033,Wh,48.90547302414033,Wh
69,6423c078b7ed0fc431e8a02327869a6d,WindowRegression,"{""window_size"": 10, ""input_dim"": ""univariate"", ""output_dim"": ""1step"", ""normalize_window"": false, ""max_windows"": 5000000, ""fourier_encoding_components"": null, ""scale"": true, ""datepart_method"": null, ""regression_type"": null, ""regression_model"": {""model"": ""Ridge"", ""model_params"": {""alpha"": 1e-05}}}","{""fillna"": ""ffill"", ""transformations"": {""0"": ""Scaler"", ""1"": ""DifferencedTransformer"", ""2"": ""DatepartRegression"", ""3"": ""Scaler""}, ""transformation_params"": {""0"": {}, ""1"": {""lag"": 1, ""fill"": ""zero""}, ""2"": {""regression_model"": {""model"": ""ElasticNet"", ""model_params"": {""l1_ratio"": 0.5, ""fit_intercept"": true, ""selection"": ""cyclic"", ""max_iter"": 1000}}, ""datepart_method"": ""common_fourier"", ""polynomial_degree"": null, ""transform_dict"": null, ""holiday_countries_used"": false, ""lags"": null, ""forward_lags"": null}, ""3"": {}}}",0,1,12.32160641650129,0.7774705989776577,0.9362987367710386,0.5598290078595458,0.7774705989776577,0.0,-1.0194619211382427,0.5387073555836364,68.95289198685094,0.7752218632234632,10.148875788987151,1.0,0.4666666666666667,2.4699893069863306,0.9555555555555556,1.4033274213830436,0.5948070623782469,2.982452191967794,1.234526130750439,0.037189795449766146,67.9334300657127,39.83484727707646,21.26785899601734,0.12309004659509723,12.32160641650129,0.7774705989776577,0.9362987367710386,0.5598290078595458,0.7774705989776577,0.0,0.5387073555836364,0.7752218632234632,10.148875788987151,2.4699893069863306,0.9555555555555556,1.4033274213830436,0.5948070623782469,2.982452191967794,1.234526130750439,0.037189795449766146,67.9334300657127,39.83484727707646,21.26785899601734,0.12309004659509723,1.0,0.4666666666666667,0.4123,138.76380461834478,11.183457856334918,Wh,11.183457856334918,Wh
70,69fe8fa779e2d644eadc9b66aa5d6404,WindowRegression,"{""window_size"": 10, ""input_dim"": ""univariate"", ""output_dim"": ""1step"", ""normalize_window"": false, ""max_windows"": 5000000, ""fourier_encoding_components"": null, ""scale"": true, ""datepart_method"": null, ""regression_type"": null, ""regression_model"": {""model"": ""Ridge"", ""model_params"": {""alpha"": 1e-05}}}","{""fillna"": ""ffill"", ""transformations"": {""0"": ""DatepartRegression"", ""1"": ""MinMaxScaler""}, ""transformation_params"": {""0"": {""regression_model"": {""model"": ""DecisionTree"", ""model_params"": {""max_depth"": null, ""min_samples_split"": 2}}, ""datepart_method"": [168, ""hour""], ""polynomial_degree"": null, ""transform_dict"": {""fillna"": null, ""transformations"": {""0"": ""EWMAFilter""}, ""transformation_params"": {""0"": {""span"": 2}}}, ""holiday_countries_used"": true, ""lags"": null, ""forward_lags"": null}, ""1"": {}}}",0,1,49.93422331215656,2.301543201808816,2.9221861869678913,0.8823101417998588,2.301543201808816,0.0,-90.1387481173324,1.7040978669915976,117.00014004546102,1.6467304497586848,2.336537160804957,0.13333333333333333,0.5444444444444444,6.084195659248949,0.3888888888888889,2.5362117303422917,1.6459566974230013,8.404496436461343,10.852785826192626,0.6894614219600923,26.861391928128644,30.290987073490765,6.755459872750437,0.04867073517183275,49.93422331215656,2.301543201808816,2.9221861869678913,0.8823101417998588,2.301543201808816,0.0,1.7040978669915976,1.6467304497586848,2.336537160804957,6.084195659248949,0.3888888888888889,2.5362117303422917,1.6459566974230013,8.404496436461343,10.852785826192626,0.6894614219600923,26.861391928128644,30.290987073490765,6.755459872750437,0.04867073517183275,0.13333333333333333,0.5444444444444444,0.6628,87.97501613913545,33.106346961298655,Wh,33.106346961298655,Wh
71,470afa094da67d1caf485e4decbbdb9a,WindowRegression,"{""window_size"": 10, ""input_dim"": ""univariate"", ""output_dim"": ""1step"", ""normalize_window"": false, ""max_windows"": 5000000, ""fourier_encoding_components"": null, ""scale"": true, ""datepart_method"": null, ""regression_type"": null, ""regression_model"": {""model"": ""Ridge"", ""model_params"": {""alpha"": 1e-05}}}","{""fillna"": ""ffill"", ""transformations"": {""0"": ""Scaler"", ""1"": ""Detrend"", ""2"": ""DatepartRegression""}, ""transformation_params"": {""0"": {}, ""1"": {""model"": ""Linear"", ""phi"": 1, ""window"": 30, ""transform_dict"": null}, ""2"": {""regression_model"": {""model"": ""ElasticNet"", ""model_params"": {""l1_ratio"": 0.5, ""fit_intercept"": true, ""selection"": ""cyclic"", ""max_iter"": 1000}}, ""datepart_method"": ""common_fourier"", ""polynomial_degree"": null, ""transform_dict"": null, ""holiday_countries_used"": false, ""lags"": null, ""forward_lags"": null}}}",0,2,36.14651940261587,3.0802248392795124,5.321151092038794,3.6899453877009813,3.0802248392795124,0.0,-159.91617152762643,1.4237201665713501,394.5242995426858,2.5670926260833276,1.949481677142659,0.5666666666666667,0.5111111111111111,45.1278578244343,0.8388888888888889,2.558009454198778,1.6094963179495925,17.339969772092076,200.3026247391587,1.3427107164894838,117.30406400752969,21.00034282222754,88.9466961318356,0.1784914405598794,36.14651940261587,3.0802248392795124,5.321151092038794,3.6899453877009813,3.0802248392795124,0.0,1.4237201665713501,2.5670926260833276,1.949481677142659,45.1278578244343,0.8388888888888889,2.558009454198778,1.6094963179495925,17.339969772092076,200.3026247391587,1.3427107164894838,117.30406400752969,21.00034282222754,88.9466961318356,0.1784914405598794,0.5666666666666667,0.5111111111111111,0.6043000000000001,86.08257852609893,81.97643952277929,Wh,81.97643952277929,Wh
72,388470cf669fba551b19ceb3d65610ed,RollingRegression,"{""regression_model"": {""model"": ""RANSAC"", ""model_params"": {}}, ""holiday"": true, ""mean_rolling_periods"": 12, ""macd_periods"": 7, ""std_rolling_periods"": null, ""max_rolling_periods"": null, ""min_rolling_periods"": 28, ""ewm_var_alpha"": null, ""quantile90_rolling_periods"": null, ""quantile10_rolling_periods"": null, ""ewm_alpha"": null, ""additional_lag_periods"": 6, ""abs_energy"": false, ""rolling_autocorr_periods"": 7, ""nonzero_last_n"": null, ""add_date_part"": null, ""polynomial_degree"": null, ""x_transform"": null, ""regression_type"": null}","{""fillna"": ""ffill"", ""transformations"": {""0"": ""Scaler"", ""1"": ""Detrend"", ""2"": ""DatepartRegression""}, ""transformation_params"": {""0"": {}, ""1"": {""model"": ""Linear"", ""phi"": 1, ""window"": 30, ""transform_dict"": null}, ""2"": {""regression_model"": {""model"": ""ElasticNet"", ""model_params"": {""l1_ratio"": 0.5, ""fit_intercept"": true, ""selection"": ""cyclic"", ""max_iter"": 1000}}, ""datepart_method"": ""common_fourier"", ""polynomial_degree"": null, ""transform_dict"": null, ""holiday_countries_used"": false, ""lags"": null, ""forward_lags"": null}}}",0,2,31.582542635119413,3.0139712906903213,6.2433824039470505,1.4935182763582273,3.0139712906903213,0.0,-134.75266076584768,1.2197889295387216,407.7621715584101,2.5847423010971857,1.747766643023518,0.8,0.5611111111111111,64.81180791542818,0.8611111111111112,2.508983986362317,1.2652372968119057,20.71927093896845,56.627689280752506,0.8013930850250752,136.50475539628118,16.374246692957577,18.409363841519,0.20715336859345757,31.582542635119413,3.0139712906903213,6.2433824039470505,1.4935182763582273,3.0139712906903213,0.0,1.2197889295387216,2.5847423010971857,1.747766643023518,64.81180791542818,0.8611111111111112,2.508983986362317,1.2652372968119057,20.71927093896845,56.627689280752506,0.8013930850250752,136.50475539628118,16.374246692957577,18.409363841519,0.20715336859345757,0.8,0.5611111111111111,8.04335,83.13714503786225,80.18354388078838,Wh,80.18354388078838,Wh
73,600305ea2db4179514fdaf6054aaa0b9,RollingRegression,"{""regression_model"": {""model"": ""ElasticNet"", ""model_params"": {""l1_ratio"": 0.5, ""fit_intercept"": false, ""selection"": ""cyclic"", ""max_iter"": 2000}}, ""holiday"": false, ""mean_rolling_periods"": 5, ""macd_periods"": 4, ""std_rolling_periods"": null, ""max_rolling_periods"": null, ""min_rolling_periods"": 288, ""ewm_var_alpha"": null, ""quantile90_rolling_periods"": null, ""quantile10_rolling_periods"": null, ""ewm_alpha"": null, ""additional_lag_periods"": 23, ""abs_energy"": false, ""rolling_autocorr_periods"": 7, ""nonzero_last_n"": null, ""add_date_part"": ""recurring"", ""polynomial_degree"": null, ""x_transform"": null, ""regression_type"": null}","{""fillna"": ""ffill_mean_biased"", ""transformations"": {""0"": ""Scaler"", ""1"": ""MinMaxScaler"", ""2"": ""MinMaxScaler""}, ""transformation_params"": {""0"": {}, ""1"": {}, ""2"": {}}}",0,1,33.419636686838686,2.5288236278755245,2.8945420279918075,0.6880609459649902,2.5288236278755245,0.0,-4.622046612466803,1.1873597981362969,222.9720798963304,2.5125639647947526,1.3237729708219257,0.4,0.4888888888888889,5.4175543845569685,0.15555555555555556,3.4681699269530566,2.116319469014237,12.02703998562986,19.31137388814965,0.17856524698246865,218.35003328386358,101.62193568612396,9.955209981391583,0.395633132979649,33.419636686838686,2.5288236278755245,2.8945420279918075,0.6880609459649902,2.5288236278755245,0.0,1.1873597981362969,2.5125639647947526,1.3237729708219257,5.4175543845569685,0.15555555555555556,3.4681699269530566,2.116319469014237,12.02703998562986,19.31137388814965,0.17856524698246865,218.35003328386358,101.62193568612396,9.955209981391583,0.395633132979649,0.4,0.4888888888888889,6.7129,64.84932632820542,36.37564237880926,Wh,36.37564237880926,Wh
74,caccfe11cee03af00737d915ee3b86e6,WindowRegression,"{""window_size"": 20, ""input_dim"": ""univariate"", ""output_dim"": ""forecast_length"", ""normalize_window"": false, ""max_windows"": 50000, ""fourier_encoding_components"": null, ""scale"": true, ""datepart_method"": null, ""regression_type"": null, ""regression_model"": {""model"": ""BayesianRidge"", ""model_params"": {}}}","{""fillna"": ""ffill"", ""transformations"": {""0"": ""DatepartRegression"", ""1"": ""MinMaxScaler""}, ""transformation_params"": {""0"": {""regression_model"": {""model"": ""ElasticNet"", ""model_params"": {""l1_ratio"": 0.5, ""fit_intercept"": true, ""selection"": ""cyclic"", ""max_iter"": 1000}}, ""datepart_method"": ""anchored_segment_fourier:us_school"", ""polynomial_degree"": null, ""transform_dict"": null, ""holiday_countries_used"": false, ""lags"": null, ""forward_lags"": null}, ""1"": {}}}",0,1,31.2516142939822,2.0235620870680284,2.556851516312889,1.8830676403495776,2.0235620870680284,0.0,-42.56633063553095,1.203797764892255,139.5542572005916,1.7887444162514003,1.5841942645596876,0.37777777777777777,0.5333333333333333,5.901480197906494,0.5111111111111111,2.853428384430721,1.5193295526320174,7.000012659867039,8.616577675829639,1.1059097168725793,96.98792656506062,64.32390870752266,67.94292402219989,0.17573451522331776,31.2516142939822,2.0235620870680284,2.556851516312889,1.8830676403495776,2.0235620870680284,0.0,1.203797764892255,1.7887444162514003,1.5841942645596876,5.901480197906494,0.5111111111111111,2.853428384430721,1.5193295526320174,7.000012659867039,8.616577675829639,1.1059097168725793,96.98792656506062,64.32390870752266,67.94292402219989,0.17573451522331776,0.37777777777777777,0.5333333333333333,1.1303,62.50668449562111,29.107751920343368,Wh,29.107751920343368,Wh
75,99447073b58755a898a487d56a29184c,Ensemble,"{""model_name"": ""BestN"", ""model_count"": 3, ""model_metric"": ""mixed_metric"", ""models"": {""860cd5b05944ecb82d3157f8432afabb"": {""Model"": ""WindowRegression"", ""ModelParameters"": ""{\""window_size\"": 10, \""input_dim\"": \""univariate\"", \""output_dim\"": \""1step\"", \""normalize_window\"": false, \""max_windows\"": 5000000, \""fourier_encoding_components\"": null, \""scale\"": true, \""datepart_method\"": null, \""regression_type\"": null, \""regression_model\"": {\""model\"": \""SVM\"", \""model_params\"": {\""C\"": 0.1, \""tol\"": 0.001, \""epsilon\"": 0.0, \""loss\"": \""squared_epsilon_insensitive\"", \""max_iter\"": 50}}}"", ""TransformationParameters"": ""{\""fillna\"": \""pchip\"", \""transformations\"": {\""0\"": \""Scaler\""}, \""transformation_params\"": {\""0\"": {}}}""}, ""c0b1c7a0ef49e381d5aea93045d68ec6"": {""Model"": ""WindowRegression"", ""ModelParameters"": ""{\""window_size\"": 10, \""input_dim\"": \""univariate\"", \""output_dim\"": \""1step\"", \""normalize_window\"": false, \""max_windows\"": 5000000, \""fourier_encoding_components\"": null, \""scale\"": true, \""datepart_method\"": null, \""regression_type\"": null, \""regression_model\"": {\""model\"": \""SVM\"", \""model_params\"": {\""C\"": 0.1, \""tol\"": 0.001, \""epsilon\"": 0.0, \""loss\"": \""squared_epsilon_insensitive\"", \""max_iter\"": 50}}}"", ""TransformationParameters"": ""{\""fillna\"": \""ffill\"", \""transformations\"": {\""0\"": \""DatepartRegression\"", \""1\"": \""DatepartRegression\"", \""2\"": \""MinMaxScaler\"", \""3\"": \""Scaler\""}, \""transformation_params\"": {\""0\"": {\""regression_model\"": {\""model\"": \""ElasticNet\"", \""model_params\"": {\""l1_ratio\"": 0.5, \""fit_intercept\"": true, \""selection\"": \""cyclic\"", \""max_iter\"": 1000}}, \""datepart_method\"": \""anchored_segment_fourier:us_school\"", \""polynomial_degree\"": null, \""transform_dict\"": null, \""holiday_countries_used\"": false, \""lags\"": null, \""forward_lags\"": null}, \""1\"": {\""regression_model\"": {\""model\"": \""ElasticNet\"", \""model_params\"": {\""l1_ratio\"": 0.9, \""fit_intercept\"": true, \""selection\"": \""cyclic\"", \""max_iter\"": 200}}, \""datepart_method\"": \""common_fourier\"", \""polynomial_degree\"": null, \""transform_dict\"": null, \""holiday_countries_used\"": false, \""lags\"": null, \""forward_lags\"": 2}, \""2\"": {}, \""3\"": {}}}""}, ""b56ba147e1633d9995afee23f1bd58c7"": {""Model"": ""WindowRegression"", ""ModelParameters"": ""{\""window_size\"": 20, \""input_dim\"": \""univariate\"", \""output_dim\"": \""1step\"", \""normalize_window\"": false, \""max_windows\"": 5000000, \""fourier_encoding_components\"": null, \""scale\"": false, \""datepart_method\"": null, \""regression_type\"": null, \""regression_model\"": {\""model\"": \""xgboost\"", \""model_params\"": {\""booster\"": \""gbtree\"", \""objective\"": \""reg:squarederror\"", \""max_depth\"": 6, \""eta\"": 0.003, \""min_child_weight\"": 0.5, \""subsample\"": 1, \""colsample_bylevel\"": 0.9, \""reg_alpha\"": 0, \""reg_lambda\"": 1, \""n_estimators\"": 7, \""multi_strategy\"": \""multi_output_tree\"", \""tree_method\"": \""hist\""}}}"", ""TransformationParameters"": ""{\""fillna\"": \""ffill\"", \""transformations\"": {\""0\"": \""Scaler\"", \""1\"": \""Detrend\"", \""2\"": \""MinMaxScaler\""}, \""transformation_params\"": {\""0\"": {}, \""1\"": {\""model\"": \""Linear\"", \""phi\"": 1, \""window\"": 30, \""transform_dict\"": null}, \""2\"": {}}}""}}, ""model_weights"": {}, ""point_method"": ""mean""}","{""fillna"": ""cubic"", ""transformations"": {""0"": ""ScipyFilter"", ""1"": ""DatepartRegression""}, ""transformation_params"": {""0"": {""method"": ""butter"", ""method_args"": {""N"": 1, ""btype"": ""highpass"", ""analog"": false, ""output"": ""sos"", ""Wn"": 0.024390243902439025}}, ""1"": {""regression_model"": {""model"": ""ElasticNet"", ""model_params"": {""l1_ratio"": 0.5, ""fit_intercept"": true, ""selection"": ""cyclic"", ""max_iter"": 1000}}, ""datepart_method"": [""weekdayofmonth"", ""common_fourier""], ""polynomial_degree"": null, ""transform_dict"": null, ""holiday_countries_used"": false, ""lags"": null, ""forward_lags"": null}}}",1,6,29.35619207697464,2.482307032445877,2.6745514715899543,0.7885438316871242,2.482307032445877,0.0,-0.2198983573376836,1.1714164233340554,1340.225899163436,2.482267901305653,1.1205904890457372,0.2240740740740741,0.5222222222222223,5.618380738898795,0.9185185185185185,1.9572849536790586,2.188092226625444,10.031192466164196,16.71208099780941,0.6111643136493897,223.33433346768302,83.09267396211119,5.2953036414905075,0.3412643309051065,29.35619207697464,2.482307032445877,2.6745514715899543,0.7885438316871242,2.482307032445877,0.0,1.1714164233340554,2.482267901305653,1.1205904890457372,5.618380738898795,0.9185185185185185,1.9572849536790586,2.188092226625444,10.031192466164196,16.71208099780941,0.6111643136493897,223.33433346768302,83.09267396211119,5.2953036414905075,0.3412643309051065,0.2240740740740741,0.5222222222222223,1.9710666666666665,58.24281531138067,40.58914032674657,Wh,40.58914032674657,Wh
76,4a8e6ae5d683133030c5888ad9aff475,RollingRegression,"{""regression_model"": {""model"": ""SVM"", ""model_params"": {""C"": 0.25, ""tol"": 0.01, ""epsilon"": 0.05, ""loss"": ""squared_epsilon_insensitive"", ""max_iter"": 200}}, ""holiday"": false, ""mean_rolling_periods"": 12, ""macd_periods"": 24, ""std_rolling_periods"": null, ""max_rolling_periods"": 12, ""min_rolling_periods"": null, ""ewm_var_alpha"": null, ""quantile90_rolling_periods"": null, ""quantile10_rolling_periods"": null, ""ewm_alpha"": null, ""additional_lag_periods"": 27, ""abs_energy"": false, ""rolling_autocorr_periods"": 7, ""nonzero_last_n"": null, ""add_date_part"": ""simple_2"", ""polynomial_degree"": null, ""x_transform"": null, ""regression_type"": null}","{""fillna"": ""ffill"", ""transformations"": {""0"": ""Scaler"", ""1"": ""DatepartRegression"", ""2"": ""DatepartRegression""}, ""transformation_params"": {""0"": {}, ""1"": {""regression_model"": {""model"": ""DecisionTree"", ""model_params"": {""max_depth"": null, ""min_samples_split"": 2}}, ""datepart_method"": ""anchored_warped_fourier:us_school"", ""polynomial_degree"": null, ""transform_dict"": null, ""holiday_countries_used"": true, ""lags"": 4, ""forward_lags"": 4}, ""2"": {""regression_model"": {""model"": ""ElasticNet"", ""model_params"": {""l1_ratio"": 0.5, ""fit_intercept"": true, ""selection"": ""cyclic"", ""max_iter"": 1000}}, ""datepart_method"": ""common_fourier"", ""polynomial_degree"": null, ""transform_dict"": null, ""holiday_countries_used"": false, ""lags"": null, ""forward_lags"": null}}}",0,1,31.916482466279977,2.2995679313887614,2.3845386992113444,0.563133745831751,2.2995679313887614,0.0,-0.16364981776349197,1.1723670651431262,206.79746400722505,2.299433616304732,1.0071682840053735,0.15555555555555556,0.4777777777777778,3.9591433608999917,0.03333333333333333,2.9900063720730023,2.102564941190249,9.340844460548402,8.518517455125481,0.02748153998368155,206.63381418946153,118.91464291618087,22.31075147071008,0.37440426299835544,31.916482466279977,2.2995679313887614,2.3845386992113444,0.563133745831751,2.2995679313887614,0.0,1.1723670651431262,2.299433616304732,1.0071682840053735,3.9591433608999917,0.03333333333333333,2.9900063720730023,2.102564941190249,9.340844460548402,8.518517455125481,0.02748153998368155,206.63381418946153,118.91464291618087,22.31075147071008,0.37440426299835544,0.15555555555555556,0.4777777777777778,15.2114,56.95282028217892,33.0779338566403,Wh,33.0779338566403,Wh
77,7892e37b1a2d69af5e313450f5387f67,Ensemble,"{""model_name"": ""BestN"", ""model_count"": 5, ""model_metric"": ""mixed_metric"", ""models"": {""9401cafd8f6b338a48dd5f0e109ef608"": {""Model"": ""ARIMA"", ""ModelParameters"": ""{\""p\"": 4, \""d\"": 1, \""q\"": 1, \""regression_type\"": null}"", ""TransformationParameters"": ""{\""fillna\"": \""ffill\"", \""transformations\"": {\""0\"": \""Scaler\"", \""1\"": \""Detrend\"", \""2\"": \""DatepartRegression\""}, \""transformation_params\"": {\""0\"": {}, \""1\"": {\""model\"": \""Linear\"", \""phi\"": 1, \""window\"": 30, \""transform_dict\"": null}, \""2\"": {\""regression_model\"": {\""model\"": \""ElasticNet\"", \""model_params\"": {\""l1_ratio\"": 0.5, \""fit_intercept\"": true, \""selection\"": \""cyclic\"", \""max_iter\"": 1000}}, \""datepart_method\"": \""common_fourier\"", \""polynomial_degree\"": null, \""transform_dict\"": null, \""holiday_countries_used\"": false, \""lags\"": null, \""forward_lags\"": null}}}""}, ""a8ad161bc7623e4bb730ce0012481031"": {""Model"": ""RollingRegression"", ""ModelParameters"": ""{\""regression_model\"": {\""model\"": \""RANSAC\"", \""model_params\"": {}}, \""holiday\"": true, \""mean_rolling_periods\"": 12, \""macd_periods\"": 24, \""std_rolling_periods\"": 10, \""max_rolling_periods\"": null, \""min_rolling_periods\"": 4, \""ewm_var_alpha\"": null, \""quantile90_rolling_periods\"": null, \""quantile10_rolling_periods\"": null, \""ewm_alpha\"": 0.8, \""additional_lag_periods\"": 2, \""abs_energy\"": false, \""rolling_autocorr_periods\"": null, \""nonzero_last_n\"": null, \""add_date_part\"": null, \""polynomial_degree\"": null, \""x_transform\"": null, \""regression_type\"": null}"", ""TransformationParameters"": ""{\""fillna\"": \""ffill\"", \""transformations\"": {\""0\"": \""Detrend\"", \""1\"": \""DatepartRegression\"", \""2\"": \""Scaler\"", \""3\"": \""Scaler\"", \""4\"": \""MinMaxScaler\""}, \""transformation_params\"": {\""0\"": {\""model\"": \""Linear\"", \""phi\"": 1, \""window\"": null, \""transform_dict\"": null}, \""1\"": {\""regression_model\"": {\""model\"": \""ElasticNet\"", \""model_params\"": {\""l1_ratio\"": 0.9, \""fit_intercept\"": true, \""selection\"": \""cyclic\"", \""max_iter\"": 200}}, \""datepart_method\"": \""common_fourier\"", \""polynomial_degree\"": null, \""transform_dict\"": null, \""holiday_countries_used\"": false, \""lags\"": null, \""forward_lags\"": 2}, \""2\"": {}, \""3\"": {}, \""4\"": {}}}""}}, ""point_method"": ""kalman"", ""model_weights"": {}}","{""fillna"": ""cubic"", ""transformations"": {""0"": ""ScipyFilter"", ""1"": ""DatepartRegression""}, ""transformation_params"": {""0"": {""method"": ""butter"", ""method_args"": {""N"": 1, ""btype"": ""highpass"", ""analog"": false, ""output"": ""sos"", ""Wn"": 0.024390243902439025}}, ""1"": {""regression_model"": {""model"": ""ElasticNet"", ""model_params"": {""l1_ratio"": 0.5, ""fit_intercept"": true, ""selection"": ""cyclic"", ""max_iter"": 1000}}, ""datepart_method"": [""weekdayofmonth"", ""common_fourier""], ""polynomial_degree"": null, ""transform_dict"": null, ""holiday_countries_used"": false, ""lags"": null, ""forward_lags"": null}}}",1,2,25.16574186419103,2.0745327466377037,2.2180529418368167,0.5877491093067471,2.0745327466377037,0.0,-0.15295527824687216,0.9942192544236507,373.26293911653977,2.0744737087209875,1.422629680561744,0.05555555555555555,0.5055555555555555,6.550454122424636,0.9444444444444444,1.806245451453444,1.8479087335052449,8.375791663904888,11.323335419424746,0.11709408776288126,186.55499191914646,75.15290860924962,22.17439125055109,0.2926054230667724,25.16574186419103,2.0745327466377037,2.2180529418368167,0.5877491093067471,2.0745327466377037,0.0,0.9942192544236507,2.0744737087209875,1.422629680561744,6.550454122424636,0.9444444444444444,1.806245451453444,1.8479087335052449,8.375791663904888,11.323335419424746,0.11709408776288126,186.55499191914646,75.15290860924962,22.17439125055109,0.2926054230667724,0.05555555555555555,0.5055555555555555,14.16505,54.95311476747069,48.46114527135062,Wh,48.46114527135062,Wh
78,44672b32a9934304fe5e5d44360024d1,Ensemble,"{""model_name"": ""BestN"", ""model_count"": 5, ""model_metric"": ""mixed_metric"", ""models"": {""860cd5b05944ecb82d3157f8432afabb"": {""Model"": ""WindowRegression"", ""ModelParameters"": ""{\""window_size\"": 10, \""input_dim\"": \""univariate\"", \""output_dim\"": \""1step\"", \""normalize_window\"": false, \""max_windows\"": 5000000, \""fourier_encoding_components\"": null, \""scale\"": true, \""datepart_method\"": null, \""regression_type\"": null, \""regression_model\"": {\""model\"": \""SVM\"", \""model_params\"": {\""C\"": 0.1, \""tol\"": 0.001, \""epsilon\"": 0.0, \""loss\"": \""squared_epsilon_insensitive\"", \""max_iter\"": 50}}}"", ""TransformationParameters"": ""{\""fillna\"": \""pchip\"", \""transformations\"": {\""0\"": \""Scaler\""}, \""transformation_params\"": {\""0\"": {}}}""}, ""c0b1c7a0ef49e381d5aea93045d68ec6"": {""Model"": ""WindowRegression"", ""ModelParameters"": ""{\""window_size\"": 10, \""input_dim\"": \""univariate\"", \""output_dim\"": \""1step\"", \""normalize_window\"": false, \""max_windows\"": 5000000, \""fourier_encoding_components\"": null, \""scale\"": true, \""datepart_method\"": null, \""regression_type\"": null, \""regression_model\"": {\""model\"": \""SVM\"", \""model_params\"": {\""C\"": 0.1, \""tol\"": 0.001, \""epsilon\"": 0.0, \""loss\"": \""squared_epsilon_insensitive\"", \""max_iter\"": 50}}}"", ""TransformationParameters"": ""{\""fillna\"": \""ffill\"", \""transformations\"": {\""0\"": \""DatepartRegression\"", \""1\"": \""DatepartRegression\"", \""2\"": \""MinMaxScaler\"", \""3\"": \""Scaler\""}, \""transformation_params\"": {\""0\"": {\""regression_model\"": {\""model\"": \""ElasticNet\"", \""model_params\"": {\""l1_ratio\"": 0.5, \""fit_intercept\"": true, \""selection\"": \""cyclic\"", \""max_iter\"": 1000}}, \""datepart_method\"": \""anchored_segment_fourier:us_school\"", \""polynomial_degree\"": null, \""transform_dict\"": null, \""holiday_countries_used\"": false, \""lags\"": null, \""forward_lags\"": null}, \""1\"": {\""regression_model\"": {\""model\"": \""ElasticNet\"", \""model_params\"": {\""l1_ratio\"": 0.9, \""fit_intercept\"": true, \""selection\"": \""cyclic\"", \""max_iter\"": 200}}, \""datepart_method\"": \""common_fourier\"", \""polynomial_degree\"": null, \""transform_dict\"": null, \""holiday_countries_used\"": false, \""lags\"": null, \""forward_lags\"": 2}, \""2\"": {}, \""3\"": {}}}""}, ""b56ba147e1633d9995afee23f1bd58c7"": {""Model"": ""WindowRegression"", ""ModelParameters"": ""{\""window_size\"": 20, \""input_dim\"": \""univariate\"", \""output_dim\"": \""1step\"", \""normalize_window\"": false, \""max_windows\"": 5000000, \""fourier_encoding_components\"": null, \""scale\"": false, \""datepart_method\"": null, \""regression_type\"": null, \""regression_model\"": {\""model\"": \""xgboost\"", \""model_params\"": {\""booster\"": \""gbtree\"", \""objective\"": \""reg:squarederror\"", \""max_depth\"": 6, \""eta\"": 0.003, \""min_child_weight\"": 0.5, \""subsample\"": 1, \""colsample_bylevel\"": 0.9, \""reg_alpha\"": 0, \""reg_lambda\"": 1, \""n_estimators\"": 7, \""multi_strategy\"": \""multi_output_tree\"", \""tree_method\"": \""hist\""}}}"", ""TransformationParameters"": ""{\""fillna\"": \""ffill\"", \""transformations\"": {\""0\"": \""Scaler\"", \""1\"": \""Detrend\"", \""2\"": \""MinMaxScaler\""}, \""transformation_params\"": {\""0\"": {}, \""1\"": {\""model\"": \""Linear\"", \""phi\"": 1, \""window\"": 30, \""transform_dict\"": null}, \""2\"": {}}}""}, ""7d046fbef1e1594270dc26a3315f53d9"": {""Model"": ""WindowRegression"", ""ModelParameters"": ""{\""window_size\"": 10, \""input_dim\"": \""univariate\"", \""output_dim\"": \""1step\"", \""normalize_window\"": false, \""max_windows\"": 5000000, \""fourier_encoding_components\"": null, \""scale\"": true, \""datepart_method\"": null, \""regression_type\"": null, \""regression_model\"": {\""model\"": \""SVM\"", \""model_params\"": {\""C\"": 0.1, \""tol\"": 0.001, \""epsilon\"": 0.0, \""loss\"": \""squared_epsilon_insensitive\"", \""max_iter\"": 50}}}"", ""TransformationParameters"": ""{\""fillna\"": \""ffill\"", \""transformations\"": {\""0\"": \""Scaler\"", \""1\"": \""Detrend\""}, \""transformation_params\"": {\""0\"": {}, \""1\"": {\""model\"": \""Linear\"", \""phi\"": 1, \""window\"": 30, \""transform_dict\"": null}}}""}, ""e9ab0dee8ad32b476a4ab9bc6aed1fef"": {""Model"": ""RollingRegression"", ""ModelParameters"": ""{\""regression_model\"": {\""model\"": \""RANSAC\"", \""model_params\"": {}}, \""holiday\"": true, \""mean_rolling_periods\"": 12, \""macd_periods\"": 24, \""std_rolling_periods\"": 30, \""max_rolling_periods\"": 12, \""min_rolling_periods\"": null, \""ewm_var_alpha\"": null, \""quantile90_rolling_periods\"": null, \""quantile10_rolling_periods\"": null, \""ewm_alpha\"": 0.8, \""additional_lag_periods\"": 6, \""abs_energy\"": false, \""rolling_autocorr_periods\"": null, \""nonzero_last_n\"": null, \""add_date_part\"": null, \""polynomial_degree\"": null, \""x_transform\"": null, \""regression_type\"": null}"", ""TransformationParameters"": ""{\""fillna\"": \""ffill\"", \""transformations\"": {\""0\"": \""Scaler\"", \""1\"": \""Detrend\"", \""2\"": \""DatepartRegression\""}, \""transformation_params\"": {\""0\"": {}, \""1\"": {\""model\"": \""Linear\"", \""phi\"": 1, \""window\"": 30, \""transform_dict\"": null}, \""2\"": {\""regression_model\"": {\""model\"": \""ElasticNet\"", \""model_params\"": {\""l1_ratio\"": 0.5, \""fit_intercept\"": true, \""selection\"": \""cyclic\"", \""max_iter\"": 1000}}, \""datepart_method\"": \""common_fourier\"", \""polynomial_degree\"": null, \""transform_dict\"": null, \""holiday_countries_used\"": false, \""lags\"": null, \""forward_lags\"": null}}}""}}, ""point_method"": ""kalman"", ""model_weights"": {}}","{""fillna"": ""median"", ""transformations"": {""0"": ""DiffSmoother"", ""1"": ""AlignLastValue"", ""2"": ""HistoricValues""}, ""transformation_params"": {""0"": {""method"": ""med_diff"", ""method_params"": {""distribution"": ""norm"", ""alpha"": 0.05}, ""transform_dict"": null, ""reverse_alignment"": false, ""isolated_only"": false, ""fillna"": ""linear""}, ""1"": {""rows"": 1, ""lag"": 1, ""method"": ""additive"", ""strength"": 1.0, ""first_value_only"": false, ""threshold"": null, ""threshold_method"": ""mean""}, ""2"": {""window"": 10}}}",1,1,23.02957771468,1.5656745857662624,1.6646996796698303,0.5530916241508516,1.5656745857662624,0.0,0.0,0.9189935235667096,140.91071271896362,1.5656745857662624,1.8690272919118396,0.0,0.5333333333333333,3.2019996643066406,0.03333333333333333,2.3391208635849563,1.3729707190864964,6.391039809157947,4.449379994822693,0.0057134190250665694,140.91071271896362,80.66494006703923,23.166527833179025,0.255319158440077,23.02957771468,1.5656745857662624,1.6646996796698303,0.5530916241508516,1.5656745857662624,0.0,0.9189935235667096,1.5656745857662624,1.8690272919118396,3.2019996643066406,0.03333333333333333,2.3391208635849563,1.3729707190864964,6.391039809157947,4.449379994822693,0.0057134190250665694,140.91071271896362,80.66494006703923,23.166527833179025,0.255319158440077,0.0,0.5333333333333333,7.6744,54.14147244680401,22.52130919121072,Wh,22.52130919121072,Wh
79,7c35f8fab4eec7a11e2d54389c9df344,Ensemble,"{""model_name"": ""BestN"", ""model_count"": 3, ""model_metric"": ""best_score_unique"", ""models"": {""860cd5b05944ecb82d3157f8432afabb"": {""Model"": ""WindowRegression"", ""ModelParameters"": ""{\""window_size\"": 10, \""input_dim\"": \""univariate\"", \""output_dim\"": \""1step\"", \""normalize_window\"": false, \""max_windows\"": 5000000, \""fourier_encoding_components\"": null, \""scale\"": true, \""datepart_method\"": null, \""regression_type\"": null, \""regression_model\"": {\""model\"": \""SVM\"", \""model_params\"": {\""C\"": 0.1, \""tol\"": 0.001, \""epsilon\"": 0.0, \""loss\"": \""squared_epsilon_insensitive\"", \""max_iter\"": 50}}}"", ""TransformationParameters"": ""{\""fillna\"": \""pchip\"", \""transformations\"": {\""0\"": \""Scaler\""}, \""transformation_params\"": {\""0\"": {}}}""}, ""e9ab0dee8ad32b476a4ab9bc6aed1fef"": {""Model"": ""RollingRegression"", ""ModelParameters"": ""{\""regression_model\"": {\""model\"": \""RANSAC\"", \""model_params\"": {}}, \""holiday\"": true, \""mean_rolling_periods\"": 12, \""macd_periods\"": 24, \""std_rolling_periods\"": 30, \""max_rolling_periods\"": 12, \""min_rolling_periods\"": null, \""ewm_var_alpha\"": null, \""quantile90_rolling_periods\"": null, \""quantile10_rolling_periods\"": null, \""ewm_alpha\"": 0.8, \""additional_lag_periods\"": 6, \""abs_energy\"": false, \""rolling_autocorr_periods\"": null, \""nonzero_last_n\"": null, \""add_date_part\"": null, \""polynomial_degree\"": null, \""x_transform\"": null, \""regression_type\"": null}"", ""TransformationParameters"": ""{\""fillna\"": \""ffill\"", \""transformations\"": {\""0\"": \""Scaler\"", \""1\"": \""Detrend\"", \""2\"": \""DatepartRegression\""}, \""transformation_params\"": {\""0\"": {}, \""1\"": {\""model\"": \""Linear\"", \""phi\"": 1, \""window\"": 30, \""transform_dict\"": null}, \""2\"": {\""regression_model\"": {\""model\"": \""ElasticNet\"", \""model_params\"": {\""l1_ratio\"": 0.5, \""fit_intercept\"": true, \""selection\"": \""cyclic\"", \""max_iter\"": 1000}}, \""datepart_method\"": \""common_fourier\"", \""polynomial_degree\"": null, \""transform_dict\"": null, \""holiday_countries_used\"": false, \""lags\"": null, \""forward_lags\"": null}}}""}, ""67630d1909fa60ae1f9595fc12ff2a69"": {""Model"": ""ARIMA"", ""ModelParameters"": ""{\""p\"": 4, \""d\"": 0, \""q\"": 1, \""regression_type\"": null}"", ""TransformationParameters"": ""{\""fillna\"": \""ffill\"", \""transformations\"": {\""0\"": \""Scaler\"", \""1\"": \""Detrend\"", \""2\"": \""DatepartRegression\""}, \""transformation_params\"": {\""0\"": {}, \""1\"": {\""model\"": \""Linear\"", \""phi\"": 1, \""window\"": 30, \""transform_dict\"": null}, \""2\"": {\""regression_model\"": {\""model\"": \""ElasticNet\"", \""model_params\"": {\""l1_ratio\"": 0.5, \""fit_intercept\"": true, \""selection\"": \""cyclic\"", \""max_iter\"": 1000}}, \""datepart_method\"": \""common_fourier\"", \""polynomial_degree\"": null, \""transform_dict\"": null, \""holiday_countries_used\"": false, \""lags\"": null, \""forward_lags\"": null}}}""}}, ""model_weights"": {}, ""point_method"": ""mean""}","{""fillna"": ""median"", ""transformations"": {""0"": ""DiffSmoother"", ""1"": ""AlignLastValue"", ""2"": ""HistoricValues""}, ""transformation_params"": {""0"": {""method"": ""med_diff"", ""method_params"": {""distribution"": ""norm"", ""alpha"": 0.05}, ""transform_dict"": null, ""reverse_alignment"": false, ""isolated_only"": false, ""fillna"": ""linear""}, ""1"": {""rows"": 1, ""lag"": 1, ""method"": ""additive"", ""strength"": 1.0, ""first_value_only"": false, ""threshold"": null, ""threshold_method"": ""mean""}, ""2"": {""window"": 10}}}",1,1,23.02957771468,1.5656745857662624,1.6646996796698303,0.5530916241508516,1.5656745857662624,0.0,0.0,0.9189935235667096,140.91071271896362,1.5656745857662624,1.8690272919118396,0.0,0.5333333333333333,3.2019996643066406,0.03333333333333333,2.3391208635849563,1.3729707190864964,6.391039809157947,4.449379994822693,0.0057134190250665694,140.91071271896362,80.66494006703923,23.166527833179025,0.255319158440077,23.02957771468,1.5656745857662624,1.6646996796698303,0.5530916241508516,1.5656745857662624,0.0,0.9189935235667096,1.5656745857662624,1.8690272919118396,3.2019996643066406,0.03333333333333333,2.3391208635849563,1.3729707190864964,6.391039809157947,4.449379994822693,0.0057134190250665694,140.91071271896362,80.66494006703923,23.166527833179025,0.255319158440077,0.0,0.5333333333333333,5.5461,54.14109247506841,22.52130919121072,Wh,22.52130919121072,Wh
80,ce4f4dc87bf0c2bf69d38808254baf05,Ensemble,"{""model_name"": ""BestN"", ""model_count"": 3, ""model_metric"": ""bestn_horizontal"", ""models"": {""860cd5b05944ecb82d3157f8432afabb"": {""Model"": ""WindowRegression"", ""ModelParameters"": ""{\""window_size\"": 10, \""input_dim\"": \""univariate\"", \""output_dim\"": \""1step\"", \""normalize_window\"": false, \""max_windows\"": 5000000, \""fourier_encoding_components\"": null, \""scale\"": true, \""datepart_method\"": null, \""regression_type\"": null, \""regression_model\"": {\""model\"": \""SVM\"", \""model_params\"": {\""C\"": 0.1, \""tol\"": 0.001, \""epsilon\"": 0.0, \""loss\"": \""squared_epsilon_insensitive\"", \""max_iter\"": 50}}}"", ""TransformationParameters"": ""{\""fillna\"": \""pchip\"", \""transformations\"": {\""0\"": \""Scaler\""}, \""transformation_params\"": {\""0\"": {}}}""}, ""e9ab0dee8ad32b476a4ab9bc6aed1fef"": {""Model"": ""RollingRegression"", ""ModelParameters"": ""{\""regression_model\"": {\""model\"": \""RANSAC\"", \""model_params\"": {}}, \""holiday\"": true, \""mean_rolling_periods\"": 12, \""macd_periods\"": 24, \""std_rolling_periods\"": 30, \""max_rolling_periods\"": 12, \""min_rolling_periods\"": null, \""ewm_var_alpha\"": null, \""quantile90_rolling_periods\"": null, \""quantile10_rolling_periods\"": null, \""ewm_alpha\"": 0.8, \""additional_lag_periods\"": 6, \""abs_energy\"": false, \""rolling_autocorr_periods\"": null, \""nonzero_last_n\"": null, \""add_date_part\"": null, \""polynomial_degree\"": null, \""x_transform\"": null, \""regression_type\"": null}"", ""TransformationParameters"": ""{\""fillna\"": \""ffill\"", \""transformations\"": {\""0\"": \""Scaler\"", \""1\"": \""Detrend\"", \""2\"": \""DatepartRegression\""}, \""transformation_params\"": {\""0\"": {}, \""1\"": {\""model\"": \""Linear\"", \""phi\"": 1, \""window\"": 30, \""transform_dict\"": null}, \""2\"": {\""regression_model\"": {\""model\"": \""ElasticNet\"", \""model_params\"": {\""l1_ratio\"": 0.5, \""fit_intercept\"": true, \""selection\"": \""cyclic\"", \""max_iter\"": 1000}}, \""datepart_method\"": \""common_fourier\"", \""polynomial_degree\"": null, \""transform_dict\"": null, \""holiday_countries_used\"": false, \""lags\"": null, \""forward_lags\"": null}}}""}, ""67630d1909fa60ae1f9595fc12ff2a69"": {""Model"": ""ARIMA"", ""ModelParameters"": ""{\""p\"": 4, \""d\"": 0, \""q\"": 1, \""regression_type\"": null}"", ""TransformationParameters"": ""{\""fillna\"": \""ffill\"", \""transformations\"": {\""0\"": \""Scaler\"", \""1\"": \""Detrend\"", \""2\"": \""DatepartRegression\""}, \""transformation_params\"": {\""0\"": {}, \""1\"": {\""model\"": \""Linear\"", \""phi\"": 1, \""window\"": 30, \""transform_dict\"": null}, \""2\"": {\""regression_model\"": {\""model\"": \""ElasticNet\"", \""model_params\"": {\""l1_ratio\"": 0.5, \""fit_intercept\"": true, \""selection\"": \""cyclic\"", \""max_iter\"": 1000}}, \""datepart_method\"": \""common_fourier\"", \""polynomial_degree\"": null, \""transform_dict\"": null, \""holiday_countries_used\"": false, \""lags\"": null, \""forward_lags\"": null}}}""}}, ""model_weights"": {""860cd5b05944ecb82d3157f8432afabb"": 4.0, ""e9ab0dee8ad32b476a4ab9bc6aed1fef"": 3.0, ""67630d1909fa60ae1f9595fc12ff2a69"": 2.0}, ""point_method"": ""mean""}","{""fillna"": ""median"", ""transformations"": {""0"": ""DiffSmoother"", ""1"": ""AlignLastValue"", ""2"": ""HistoricValues""}, ""transformation_params"": {""0"": {""method"": ""med_diff"", ""method_params"": {""distribution"": ""norm"", ""alpha"": 0.05}, ""transform_dict"": null, ""reverse_alignment"": false, ""isolated_only"": false, ""fillna"": ""linear""}, ""1"": {""rows"": 1, ""lag"": 1, ""method"": ""additive"", ""strength"": 1.0, ""first_value_only"": false, ""threshold"": null, ""threshold_method"": ""mean""}, ""2"": {""window"": 10}}}",1,1,23.02957771468,1.5656745857662624,1.6646996796698303,0.5530916241508516,1.5656745857662624,0.0,0.0,0.9189935235667096,140.91071271896362,1.5656745857662624,1.8690272919118396,0.0,0.5333333333333333,3.2019996643066406,0.03333333333333333,2.3391208635849563,1.3729707190864964,6.391039809157947,4.449379994822693,0.0057134190250665694,140.91071271896362,80.66494006703923,23.166527833179025,0.255319158440077,23.02957771468,1.5656745857662624,1.6646996796698303,0.5530916241508516,1.5656745857662624,0.0,0.9189935235667096,1.5656745857662624,1.8690272919118396,3.2019996643066406,0.03333333333333333,2.3391208635849563,1.3729707190864964,6.391039809157947,4.449379994822693,0.0057134190250665694,140.91071271896362,80.66494006703923,23.166527833179025,0.255319158440077,0.0,0.5333333333333333,5.3401,54.141055697275085,22.52130919121072,Wh,22.52130919121072,Wh
81,ac24f934558eb23cebcef08c8f129e12,Ensemble,"{""model_name"": ""BestN"", ""model_count"": 3, ""model_metric"": ""horizontal"", ""models"": {""67630d1909fa60ae1f9595fc12ff2a69"": {""Model"": ""ARIMA"", ""ModelParameters"": ""{\""p\"": 4, \""d\"": 0, \""q\"": 1, \""regression_type\"": null}"", ""TransformationParameters"": ""{\""fillna\"": \""ffill\"", \""transformations\"": {\""0\"": \""Scaler\"", \""1\"": \""Detrend\"", \""2\"": \""DatepartRegression\""}, \""transformation_params\"": {\""0\"": {}, \""1\"": {\""model\"": \""Linear\"", \""phi\"": 1, \""window\"": 30, \""transform_dict\"": null}, \""2\"": {\""regression_model\"": {\""model\"": \""ElasticNet\"", \""model_params\"": {\""l1_ratio\"": 0.5, \""fit_intercept\"": true, \""selection\"": \""cyclic\"", \""max_iter\"": 1000}}, \""datepart_method\"": \""common_fourier\"", \""polynomial_degree\"": null, \""transform_dict\"": null, \""holiday_countries_used\"": false, \""lags\"": null, \""forward_lags\"": null}}}""}, ""e9ab0dee8ad32b476a4ab9bc6aed1fef"": {""Model"": ""RollingRegression"", ""ModelParameters"": ""{\""regression_model\"": {\""model\"": \""RANSAC\"", \""model_params\"": {}}, \""holiday\"": true, \""mean_rolling_periods\"": 12, \""macd_periods\"": 24, \""std_rolling_periods\"": 30, \""max_rolling_periods\"": 12, \""min_rolling_periods\"": null, \""ewm_var_alpha\"": null, \""quantile90_rolling_periods\"": null, \""quantile10_rolling_periods\"": null, \""ewm_alpha\"": 0.8, \""additional_lag_periods\"": 6, \""abs_energy\"": false, \""rolling_autocorr_periods\"": null, \""nonzero_last_n\"": null, \""add_date_part\"": null, \""polynomial_degree\"": null, \""x_transform\"": null, \""regression_type\"": null}"", ""TransformationParameters"": ""{\""fillna\"": \""ffill\"", \""transformations\"": {\""0\"": \""Scaler\"", \""1\"": \""Detrend\"", \""2\"": \""DatepartRegression\""}, \""transformation_params\"": {\""0\"": {}, \""1\"": {\""model\"": \""Linear\"", \""phi\"": 1, \""window\"": 30, \""transform_dict\"": null}, \""2\"": {\""regression_model\"": {\""model\"": \""ElasticNet\"", \""model_params\"": {\""l1_ratio\"": 0.5, \""fit_intercept\"": true, \""selection\"": \""cyclic\"", \""max_iter\"": 1000}}, \""datepart_method\"": \""common_fourier\"", \""polynomial_degree\"": null, \""transform_dict\"": null, \""holiday_countries_used\"": false, \""lags\"": null, \""forward_lags\"": null}}}""}, ""860cd5b05944ecb82d3157f8432afabb"": {""Model"": ""WindowRegression"", ""ModelParameters"": ""{\""window_size\"": 10, \""input_dim\"": \""univariate\"", \""output_dim\"": \""1step\"", \""normalize_window\"": false, \""max_windows\"": 5000000, \""fourier_encoding_components\"": null, \""scale\"": true, \""datepart_method\"": null, \""regression_type\"": null, \""regression_model\"": {\""model\"": \""SVM\"", \""model_params\"": {\""C\"": 0.1, \""tol\"": 0.001, \""epsilon\"": 0.0, \""loss\"": \""squared_epsilon_insensitive\"", \""max_iter\"": 50}}}"", ""TransformationParameters"": ""{\""fillna\"": \""pchip\"", \""transformations\"": {\""0\"": \""Scaler\""}, \""transformation_params\"": {\""0\"": {}}}""}}, ""model_weights"": {}, ""point_method"": ""mean""}","{""fillna"": ""median"", ""transformations"": {""0"": ""DiffSmoother"", ""1"": ""AlignLastValue"", ""2"": ""HistoricValues""}, ""transformation_params"": {""0"": {""method"": ""med_diff"", ""method_params"": {""distribution"": ""norm"", ""alpha"": 0.05}, ""transform_dict"": null, ""reverse_alignment"": false, ""isolated_only"": false, ""fillna"": ""linear""}, ""1"": {""rows"": 1, ""lag"": 1, ""method"": ""additive"", ""strength"": 1.0, ""first_value_only"": false, ""threshold"": null, ""threshold_method"": ""mean""}, ""2"": {""window"": 10}}}",1,1,23.02957771468,1.5656745857662624,1.6646996796698303,0.5530916241508516,1.5656745857662624,0.0,0.0,0.9189935235667096,140.91071271896362,1.5656745857662624,1.8690272919118396,0.0,0.5333333333333333,3.2019996643066406,0.03333333333333333,2.3391208635849563,1.3729707190864964,6.391039809157947,4.449379994822693,0.0057134190250665694,140.91071271896362,80.66494006703923,23.166527833179025,0.255319158440077,23.02957771468,1.5656745857662624,1.6646996796698303,0.5530916241508516,1.5656745857662624,0.0,0.9189935235667096,1.5656745857662624,1.8690272919118396,3.2019996643066406,0.03333333333333333,2.3391208635849563,1.3729707190864964,6.391039809157947,4.449379994822693,0.0057134190250665694,140.91071271896362,80.66494006703923,23.166527833179025,0.255319158440077,0.0,0.5333333333333333,5.0327,54.14100081623786,22.52130919121072,Wh,22.52130919121072,Wh
82,7f764c94c3828c9fae69c4922a2a1a34,Ensemble,"{""model_name"": ""BestN"", ""model_count"": 5, ""model_metric"": ""bestn_horizontal"", ""models"": {""860cd5b05944ecb82d3157f8432afabb"": {""Model"": ""WindowRegression"", ""ModelParameters"": ""{\""window_size\"": 10, \""input_dim\"": \""univariate\"", \""output_dim\"": \""1step\"", \""normalize_window\"": false, \""max_windows\"": 5000000, \""fourier_encoding_components\"": null, \""scale\"": true, \""datepart_method\"": null, \""regression_type\"": null, \""regression_model\"": {\""model\"": \""SVM\"", \""model_params\"": {\""C\"": 0.1, \""tol\"": 0.001, \""epsilon\"": 0.0, \""loss\"": \""squared_epsilon_insensitive\"", \""max_iter\"": 50}}}"", ""TransformationParameters"": ""{\""fillna\"": \""pchip\"", \""transformations\"": {\""0\"": \""Scaler\""}, \""transformation_params\"": {\""0\"": {}}}""}, ""c0b1c7a0ef49e381d5aea93045d68ec6"": {""Model"": ""WindowRegression"", ""ModelParameters"": ""{\""window_size\"": 10, \""input_dim\"": \""univariate\"", \""output_dim\"": \""1step\"", \""normalize_window\"": false, \""max_windows\"": 5000000, \""fourier_encoding_components\"": null, \""scale\"": true, \""datepart_method\"": null, \""regression_type\"": null, \""regression_model\"": {\""model\"": \""SVM\"", \""model_params\"": {\""C\"": 0.1, \""tol\"": 0.001, \""epsilon\"": 0.0, \""loss\"": \""squared_epsilon_insensitive\"", \""max_iter\"": 50}}}"", ""TransformationParameters"": ""{\""fillna\"": \""ffill\"", \""transformations\"": {\""0\"": \""DatepartRegression\"", \""1\"": \""DatepartRegression\"", \""2\"": \""MinMaxScaler\"", \""3\"": \""Scaler\""}, \""transformation_params\"": {\""0\"": {\""regression_model\"": {\""model\"": \""ElasticNet\"", \""model_params\"": {\""l1_ratio\"": 0.5, \""fit_intercept\"": true, \""selection\"": \""cyclic\"", \""max_iter\"": 1000}}, \""datepart_method\"": \""anchored_segment_fourier:us_school\"", \""polynomial_degree\"": null, \""transform_dict\"": null, \""holiday_countries_used\"": false, \""lags\"": null, \""forward_lags\"": null}, \""1\"": {\""regression_model\"": {\""model\"": \""ElasticNet\"", \""model_params\"": {\""l1_ratio\"": 0.9, \""fit_intercept\"": true, \""selection\"": \""cyclic\"", \""max_iter\"": 200}}, \""datepart_method\"": \""common_fourier\"", \""polynomial_degree\"": null, \""transform_dict\"": null, \""holiday_countries_used\"": false, \""lags\"": null, \""forward_lags\"": 2}, \""2\"": {}, \""3\"": {}}}""}, ""610f0e543b94fb05cd2d59dc7f408967"": {""Model"": ""WindowRegression"", ""ModelParameters"": ""{\""window_size\"": 10, \""input_dim\"": \""univariate\"", \""output_dim\"": \""1step\"", \""normalize_window\"": false, \""max_windows\"": 5000000, \""fourier_encoding_components\"": null, \""scale\"": true, \""datepart_method\"": null, \""regression_type\"": null, \""regression_model\"": {\""model\"": \""SVM\"", \""model_params\"": {\""C\"": 0.1, \""tol\"": 0.001, \""epsilon\"": 0.0, \""loss\"": \""squared_epsilon_insensitive\"", \""max_iter\"": 50}}}"", ""TransformationParameters"": ""{\""fillna\"": \""rolling_mean_24\"", \""transformations\"": {\""0\"": \""DatepartRegression\"", \""1\"": \""DatepartRegression\"", \""2\"": \""MinMaxScaler\""}, \""transformation_params\"": {\""0\"": {\""regression_model\"": {\""model\"": \""ElasticNet\"", \""model_params\"": {\""l1_ratio\"": 0.5, \""fit_intercept\"": true, \""selection\"": \""cyclic\"", \""max_iter\"": 1000}}, \""datepart_method\"": \""anchored_segment_fourier:us_school\"", \""polynomial_degree\"": null, \""transform_dict\"": null, \""holiday_countries_used\"": false, \""lags\"": null, \""forward_lags\"": null}, \""1\"": {\""regression_model\"": {\""model\"": \""ElasticNet\"", \""model_params\"": {\""l1_ratio\"": 0.9, \""fit_intercept\"": true, \""selection\"": \""cyclic\"", \""max_iter\"": 200}}, \""datepart_method\"": \""common_fourier\"", \""polynomial_degree\"": null, \""transform_dict\"": null, \""holiday_countries_used\"": false, \""lags\"": null, \""forward_lags\"": 2}, \""2\"": {}}}""}, ""727a69c39da55c22e462197e5cede5c2"": {""Model"": ""WindowRegression"", ""ModelParameters"": ""{\""window_size\"": 10, \""input_dim\"": \""univariate\"", \""output_dim\"": \""1step\"", \""normalize_window\"": false, \""max_windows\"": 5000000, \""fourier_encoding_components\"": null, \""scale\"": true, \""datepart_method\"": null, \""regression_type\"": null, \""regression_model\"": {\""model\"": \""SVM\"", \""model_params\"": {\""C\"": 0.1, \""tol\"": 0.001, \""epsilon\"": 0.0, \""loss\"": \""squared_epsilon_insensitive\"", \""max_iter\"": 50}}}"", ""TransformationParameters"": ""{\""fillna\"": \""ffill\"", \""transformations\"": {\""0\"": \""MinMaxScaler\""}, \""transformation_params\"": {\""0\"": {}}}""}, ""474b2b4c4272ab687933f5d9bc0a6613"": {""Model"": ""WindowRegression"", ""ModelParameters"": ""{\""window_size\"": 10, \""input_dim\"": \""univariate\"", \""output_dim\"": \""1step\"", \""normalize_window\"": false, \""max_windows\"": 5000000, \""fourier_encoding_components\"": null, \""scale\"": true, \""datepart_method\"": null, \""regression_type\"": null, \""regression_model\"": {\""model\"": \""SVM\"", \""model_params\"": {\""C\"": 0.1, \""tol\"": 0.001, \""epsilon\"": 0.0, \""loss\"": \""squared_epsilon_insensitive\"", \""max_iter\"": 50}}}"", ""TransformationParameters"": ""{\""fillna\"": \""ffill\"", \""transformations\"": {\""0\"": \""DatepartRegression\"", \""1\"": \""MinMaxScaler\""}, \""transformation_params\"": {\""0\"": {\""regression_model\"": {\""model\"": \""ElasticNet\"", \""model_params\"": {\""l1_ratio\"": 0.5, \""fit_intercept\"": true, \""selection\"": \""cyclic\"", \""max_iter\"": 1000}}, \""datepart_method\"": \""anchored_segment_fourier:us_school\"", \""polynomial_degree\"": null, \""transform_dict\"": null, \""holiday_countries_used\"": false, \""lags\"": null, \""forward_lags\"": null}, \""1\"": {}}}""}}, ""point_method"": ""median"", ""model_weights"": {}}","{""fillna"": ""cubic"", ""transformations"": {""0"": ""ScipyFilter"", ""1"": ""DatepartRegression""}, ""transformation_params"": {""0"": {""method"": ""butter"", ""method_args"": {""N"": 1, ""btype"": ""highpass"", ""analog"": false, ""output"": ""sos"", ""Wn"": 0.024390243902439025}}, ""1"": {""regression_model"": {""model"": ""ElasticNet"", ""model_params"": {""l1_ratio"": 0.5, ""fit_intercept"": true, ""selection"": ""cyclic"", ""max_iter"": 1000}}, ""datepart_method"": [""weekdayofmonth"", ""common_fourier""], ""polynomial_degree"": null, ""transform_dict"": null, ""holiday_countries_used"": false, ""lags"": null, ""forward_lags"": null}}}",1,7,27.16866469642991,2.2760909114494967,2.5503098275817773,0.9597542855879919,2.2760909114494967,0.0,-1.355718067166432,1.0964922284332805,1432.5815561460163,2.2759060109393454,1.0052991736266894,0.3,0.5142857142857143,5.739891864732934,0.9190476190476191,1.9038298460642626,1.9404125732343356,9.2317942908213,15.97465527694067,0.8193566137001745,204.46083401126427,75.5230206591996,12.166554897730625,0.31230763598142997,27.16866469642991,2.2760909114494967,2.5503098275817773,0.9597542855879919,2.2760909114494967,0.0,1.0964922284332805,2.2759060109393454,1.0052991736266894,5.739891864732934,0.9190476190476191,1.9038298460642626,1.9404125732343356,9.2317942908213,15.97465527694067,0.8193566137001745,204.46083401126427,75.5230206591996,12.166554897730625,0.31230763598142997,0.3,0.5142857142857143,5.050428571428571,53.713276437385524,36.25309609044755,Wh,36.25309609044755,Wh
83,90429779809cc60d0168844e76e0407a,Ensemble,"{""model_name"": ""BestN"", ""model_count"": 3, ""model_metric"": ""best_score"", ""models"": {""860cd5b05944ecb82d3157f8432afabb"": {""Model"": ""WindowRegression"", ""ModelParameters"": ""{\""window_size\"": 10, \""input_dim\"": \""univariate\"", \""output_dim\"": \""1step\"", \""normalize_window\"": false, \""max_windows\"": 5000000, \""fourier_encoding_components\"": null, \""scale\"": true, \""datepart_method\"": null, \""regression_type\"": null, \""regression_model\"": {\""model\"": \""SVM\"", \""model_params\"": {\""C\"": 0.1, \""tol\"": 0.001, \""epsilon\"": 0.0, \""loss\"": \""squared_epsilon_insensitive\"", \""max_iter\"": 50}}}"", ""TransformationParameters"": ""{\""fillna\"": \""pchip\"", \""transformations\"": {\""0\"": \""Scaler\""}, \""transformation_params\"": {\""0\"": {}}}""}, ""c0b1c7a0ef49e381d5aea93045d68ec6"": {""Model"": ""WindowRegression"", ""ModelParameters"": ""{\""window_size\"": 10, \""input_dim\"": \""univariate\"", \""output_dim\"": \""1step\"", \""normalize_window\"": false, \""max_windows\"": 5000000, \""fourier_encoding_components\"": null, \""scale\"": true, \""datepart_method\"": null, \""regression_type\"": null, \""regression_model\"": {\""model\"": \""SVM\"", \""model_params\"": {\""C\"": 0.1, \""tol\"": 0.001, \""epsilon\"": 0.0, \""loss\"": \""squared_epsilon_insensitive\"", \""max_iter\"": 50}}}"", ""TransformationParameters"": ""{\""fillna\"": \""ffill\"", \""transformations\"": {\""0\"": \""DatepartRegression\"", \""1\"": \""DatepartRegression\"", \""2\"": \""MinMaxScaler\"", \""3\"": \""Scaler\""}, \""transformation_params\"": {\""0\"": {\""regression_model\"": {\""model\"": \""ElasticNet\"", \""model_params\"": {\""l1_ratio\"": 0.5, \""fit_intercept\"": true, \""selection\"": \""cyclic\"", \""max_iter\"": 1000}}, \""datepart_method\"": \""anchored_segment_fourier:us_school\"", \""polynomial_degree\"": null, \""transform_dict\"": null, \""holiday_countries_used\"": false, \""lags\"": null, \""forward_lags\"": null}, \""1\"": {\""regression_model\"": {\""model\"": \""ElasticNet\"", \""model_params\"": {\""l1_ratio\"": 0.9, \""fit_intercept\"": true, \""selection\"": \""cyclic\"", \""max_iter\"": 200}}, \""datepart_method\"": \""common_fourier\"", \""polynomial_degree\"": null, \""transform_dict\"": null, \""holiday_countries_used\"": false, \""lags\"": null, \""forward_lags\"": 2}, \""2\"": {}, \""3\"": {}}}""}, ""610f0e543b94fb05cd2d59dc7f408967"": {""Model"": ""WindowRegression"", ""ModelParameters"": ""{\""window_size\"": 10, \""input_dim\"": \""univariate\"", \""output_dim\"": \""1step\"", \""normalize_window\"": false, \""max_windows\"": 5000000, \""fourier_encoding_components\"": null, \""scale\"": true, \""datepart_method\"": null, \""regression_type\"": null, \""regression_model\"": {\""model\"": \""SVM\"", \""model_params\"": {\""C\"": 0.1, \""tol\"": 0.001, \""epsilon\"": 0.0, \""loss\"": \""squared_epsilon_insensitive\"", \""max_iter\"": 50}}}"", ""TransformationParameters"": ""{\""fillna\"": \""rolling_mean_24\"", \""transformations\"": {\""0\"": \""DatepartRegression\"", \""1\"": \""DatepartRegression\"", \""2\"": \""MinMaxScaler\""}, \""transformation_params\"": {\""0\"": {\""regression_model\"": {\""model\"": \""ElasticNet\"", \""model_params\"": {\""l1_ratio\"": 0.5, \""fit_intercept\"": true, \""selection\"": \""cyclic\"", \""max_iter\"": 1000}}, \""datepart_method\"": \""anchored_segment_fourier:us_school\"", \""polynomial_degree\"": null, \""transform_dict\"": null, \""holiday_countries_used\"": false, \""lags\"": null, \""forward_lags\"": null}, \""1\"": {\""regression_model\"": {\""model\"": \""ElasticNet\"", \""model_params\"": {\""l1_ratio\"": 0.9, \""fit_intercept\"": true, \""selection\"": \""cyclic\"", \""max_iter\"": 200}}, \""datepart_method\"": \""common_fourier\"", \""polynomial_degree\"": null, \""transform_dict\"": null, \""holiday_countries_used\"": false, \""lags\"": null, \""forward_lags\"": 2}, \""2\"": {}}}""}}, ""model_weights"": {}, ""point_method"": ""mean""}","{""fillna"": ""cubic"", ""transformations"": {""0"": ""ScipyFilter"", ""1"": ""DatepartRegression""}, ""transformation_params"": {""0"": {""method"": ""butter"", ""method_args"": {""N"": 1, ""btype"": ""highpass"", ""analog"": false, ""output"": ""sos"", ""Wn"": 0.024390243902439025}}, ""1"": {""regression_model"": {""model"": ""ElasticNet"", ""model_params"": {""l1_ratio"": 0.5, ""fit_intercept"": true, ""selection"": ""cyclic"", ""max_iter"": 1000}}, ""datepart_method"": [""weekdayofmonth"", ""common_fourier""], ""polynomial_degree"": null, ""transform_dict"": null, ""holiday_countries_used"": false, ""lags"": null, ""forward_lags"": null}}}",1,7,27.042568295910865,2.264090821729764,2.5391434418514995,0.9588347016012035,2.264090821729764,0.0,-1.4065500368166868,1.0922585419749005,1424.9706676529345,2.2638943513601806,0.9986554845542432,0.3,0.5142857142857143,5.726552884471115,0.9206349206349207,1.8987292279377832,1.9285635322585095,9.182972783502393,15.867941747377502,0.8184396448757864,203.3663025165883,75.09441925778933,12.109516572945129,0.3106045718639558,27.042568295910865,2.264090821729764,2.5391434418514995,0.9588347016012035,2.264090821729764,0.0,1.0922585419749005,2.2638943513601806,0.9986554845542432,5.726552884471115,0.9206349206349207,1.8987292279377832,1.9285635322585095,9.182972783502393,15.867941747377502,0.8184396448757864,203.3663025165883,75.09441925778933,12.109516572945129,0.3106045718639558,0.3,0.5142857142857143,3.410828571428571,53.43542542302807,36.080967912218995,Wh,36.080967912218995,Wh
84,e7957fc10c1401a48df58c20ccde1696,ARIMA,"{""p"": 4, ""d"": 2, ""q"": 1, ""regression_type"": null}","{""fillna"": ""akima"", ""transformations"": {""0"": ""Scaler"", ""1"": ""Detrend"", ""2"": ""DatepartRegression""}, ""transformation_params"": {""0"": {}, ""1"": {""model"": ""Linear"", ""phi"": 1, ""window"": 30, ""transform_dict"": null}, ""2"": {""regression_model"": {""model"": ""ElasticNet"", ""model_params"": {""l1_ratio"": 0.5, ""fit_intercept"": true, ""selection"": ""cyclic"", ""max_iter"": 1000}}, ""datepart_method"": ""common_fourier"", ""polynomial_degree"": null, ""transform_dict"": null, ""holiday_countries_used"": false, ""lags"": null, ""forward_lags"": null}}}",0,1,25.266702277581615,1.7564253621871444,1.9189076770955136,0.5512274883116822,1.7564253621871444,0.0,-0.4618127276836326,0.9720576461185897,157.6164698691594,1.7558518122234703,1.4776160721492904,1.0,0.4666666666666667,3.671388044677496,0.011111111111111112,2.56443009642914,1.51474428255281,8.162274021933912,6.369925772297287,0.006269860958064658,157.15465714147575,77.03817102898306,22.533997565686068,0.2847519115620831,25.266702277581615,1.7564253621871444,1.9189076770955136,0.5512274883116822,1.7564253621871444,0.0,0.9720576461185897,1.7558518122234703,1.4776160721492904,3.671388044677496,0.011111111111111112,2.56443009642914,1.51474428255281,8.162274021933912,6.369925772297287,0.006269860958064658,157.15465714147575,77.03817102898306,22.533997565686068,0.2847519115620831,1.0,0.4666666666666667,0.4239,52.991060052111834,25.26514705719721,Wh,25.26514705719721,Wh
85,21f55f3e5cd54812aa51d8d99cc91529,Ensemble,"{""model_name"": ""BestN"", ""model_count"": 5, ""model_metric"": ""mixed_metric"", ""models"": {""9401cafd8f6b338a48dd5f0e109ef608"": {""Model"": ""ARIMA"", ""ModelParameters"": ""{\""p\"": 4, \""d\"": 1, \""q\"": 1, \""regression_type\"": null}"", ""TransformationParameters"": ""{\""fillna\"": \""ffill\"", \""transformations\"": {\""0\"": \""Scaler\"", \""1\"": \""Detrend\"", \""2\"": \""DatepartRegression\""}, \""transformation_params\"": {\""0\"": {}, \""1\"": {\""model\"": \""Linear\"", \""phi\"": 1, \""window\"": 30, \""transform_dict\"": null}, \""2\"": {\""regression_model\"": {\""model\"": \""ElasticNet\"", \""model_params\"": {\""l1_ratio\"": 0.5, \""fit_intercept\"": true, \""selection\"": \""cyclic\"", \""max_iter\"": 1000}}, \""datepart_method\"": \""common_fourier\"", \""polynomial_degree\"": null, \""transform_dict\"": null, \""holiday_countries_used\"": false, \""lags\"": null, \""forward_lags\"": null}}}""}, ""a8ad161bc7623e4bb730ce0012481031"": {""Model"": ""RollingRegression"", ""ModelParameters"": ""{\""regression_model\"": {\""model\"": \""RANSAC\"", \""model_params\"": {}}, \""holiday\"": true, \""mean_rolling_periods\"": 12, \""macd_periods\"": 24, \""std_rolling_periods\"": 10, \""max_rolling_periods\"": null, \""min_rolling_periods\"": 4, \""ewm_var_alpha\"": null, \""quantile90_rolling_periods\"": null, \""quantile10_rolling_periods\"": null, \""ewm_alpha\"": 0.8, \""additional_lag_periods\"": 2, \""abs_energy\"": false, \""rolling_autocorr_periods\"": null, \""nonzero_last_n\"": null, \""add_date_part\"": null, \""polynomial_degree\"": null, \""x_transform\"": null, \""regression_type\"": null}"", ""TransformationParameters"": ""{\""fillna\"": \""ffill\"", \""transformations\"": {\""0\"": \""Detrend\"", \""1\"": \""DatepartRegression\"", \""2\"": \""Scaler\"", \""3\"": \""Scaler\"", \""4\"": \""MinMaxScaler\""}, \""transformation_params\"": {\""0\"": {\""model\"": \""Linear\"", \""phi\"": 1, \""window\"": null, \""transform_dict\"": null}, \""1\"": {\""regression_model\"": {\""model\"": \""ElasticNet\"", \""model_params\"": {\""l1_ratio\"": 0.9, \""fit_intercept\"": true, \""selection\"": \""cyclic\"", \""max_iter\"": 200}}, \""datepart_method\"": \""common_fourier\"", \""polynomial_degree\"": null, \""transform_dict\"": null, \""holiday_countries_used\"": false, \""lags\"": null, \""forward_lags\"": 2}, \""2\"": {}, \""3\"": {}, \""4\"": {}}}""}}, ""point_method"": ""median"", ""model_weights"": {}}","{""fillna"": ""cubic"", ""transformations"": {""0"": ""ScipyFilter"", ""1"": ""DatepartRegression""}, ""transformation_params"": {""0"": {""method"": ""butter"", ""method_args"": {""N"": 1, ""btype"": ""highpass"", ""analog"": false, ""output"": ""sos"", ""Wn"": 0.024390243902439025}}, ""1"": {""regression_model"": {""model"": ""ElasticNet"", ""model_params"": {""l1_ratio"": 0.5, ""fit_intercept"": true, ""selection"": ""cyclic"", ""max_iter"": 1000}}, ""datepart_method"": [""weekdayofmonth"", ""common_fourier""], ""polynomial_degree"": null, ""transform_dict"": null, ""holiday_countries_used"": false, ""lags"": null, ""forward_lags"": null}}}",1,2,24.614448587844848,2.008886269686516,2.15176851962027,0.5925295510916688,2.008886269686516,0.0,-0.16003998601415947,0.9818478237989311,361.4394885575587,2.008821905737693,0.9436866456073991,0.4611111111111111,0.5111111111111111,6.481718600176567,0.9222222222222223,1.799843983159025,1.7836677758506965,8.03505593529554,11.09301155865775,0.12853167190947684,180.63972428577227,73.8674404215177,21.9090565628184,0.28388899925265265,24.614448587844848,2.008886269686516,2.15176851962027,0.5925295510916688,2.008886269686516,0.0,0.9818478237989311,2.008821905737693,0.9436866456073991,6.481718600176567,0.9222222222222223,1.799843983159025,1.7836677758506965,8.03505593529554,11.09301155865775,0.12853167190947684,180.63972428577227,73.8674404215177,21.9090565628184,0.28388899925265265,0.4611111111111111,0.5111111111111111,15.05545,48.20825031078021,46.32543699104642,Wh,46.32543699104642,Wh
86,b6cfda89cf73bed019eb96c70d46c024,WindowRegression,"{""window_size"": 24, ""input_dim"": ""univariate"", ""output_dim"": ""1step"", ""normalize_window"": false, ""max_windows"": 5000, ""fourier_encoding_components"": null, ""scale"": false, ""datepart_method"": null, ""regression_type"": null, ""regression_model"": {""model"": ""HistGradientBoost"", ""model_params"": {""loss"": ""squared_error"", ""learning_rate"": 1, ""max_depth"": null, ""min_samples_leaf"": 20, ""max_iter"": 100, ""l2_regularization"": 0}}}","{""fillna"": ""ffill"", ""transformations"": {""0"": ""Scaler"", ""1"": ""MinMaxScaler""}, ""transformation_params"": {""0"": {}, ""1"": {}}}",0,1,23.28492858862375,1.651148275636849,1.9944061242087,1.566566489588454,1.651148275636849,0.0,-7.072714882945888,0.9007373441341806,141.53062992437052,1.6324812230430512,1.1301157593312139,0.45555555555555555,0.4888888888888889,4.478810062723182,0.36666666666666664,2.5615190813508937,1.3214489542529535,7.1036310124609425,5.662716638652132,1.1066618956152672,134.45791504142463,69.14642080569378,37.358382759316356,0.24362719520446974,23.28492858862375,1.651148275636849,1.9944061242087,1.566566489588454,1.651148275636849,0.0,0.9007373441341806,1.6324812230430512,1.1301157593312139,4.478810062723182,0.36666666666666664,2.5615190813508937,1.3214489542529535,7.1036310124609425,5.662716638652132,1.1066618956152672,134.45791504142463,69.14642080569378,37.358382759316356,0.24362719520446974,0.45555555555555555,0.4888888888888889,0.4817,47.14842034405606,23.75079801014497,Wh,23.75079801014497,Wh
87,a2afbc1dbdf58292b8ee425d75041cf3,Ensemble,"{""model_name"": ""BestN"", ""model_count"": 3, ""model_metric"": ""bestn_horizontal"", ""models"": {""a8ddd1ef89834c17140b9aab182e2ad4"": {""Model"": ""RollingRegression"", ""ModelParameters"": ""{\""regression_model\"": {\""model\"": \""ExtraTrees\"", \""model_params\"": {\""n_estimators\"": 100, \""min_samples_leaf\"": 1, \""min_samples_split\"": 2, \""max_depth\"": null, \""criterion\"": \""squared_error\"", \""max_features\"": 1}}, \""holiday\"": true, \""mean_rolling_periods\"": 7, \""macd_periods\"": 46, \""std_rolling_periods\"": 7, \""max_rolling_periods\"": 12, \""min_rolling_periods\"": 2, \""ewm_var_alpha\"": null, \""quantile90_rolling_periods\"": null, \""quantile10_rolling_periods\"": null, \""ewm_alpha\"": null, \""additional_lag_periods\"": 90, \""abs_energy\"": false, \""rolling_autocorr_periods\"": null, \""nonzero_last_n\"": null, \""add_date_part\"": \""simple_2\"", \""polynomial_degree\"": null, \""x_transform\"": null, \""regression_type\"": null}"", ""TransformationParameters"": ""{\""fillna\"": \""ffill\"", \""transformations\"": {\""0\"": \""Scaler\"", \""1\"": \""Detrend\"", \""2\"": \""DatepartRegression\""}, \""transformation_params\"": {\""0\"": {}, \""1\"": {\""model\"": \""Linear\"", \""phi\"": 1, \""window\"": 30, \""transform_dict\"": null}, \""2\"": {\""regression_model\"": {\""model\"": \""ElasticNet\"", \""model_params\"": {\""l1_ratio\"": 0.5, \""fit_intercept\"": true, \""selection\"": \""cyclic\"", \""max_iter\"": 1000}}, \""datepart_method\"": \""common_fourier\"", \""polynomial_degree\"": null, \""transform_dict\"": null, \""holiday_countries_used\"": false, \""lags\"": null, \""forward_lags\"": null}}}""}, ""a6a1477ee2b31d009999314fa5df12a0"": {""Model"": ""ARIMA"", ""ModelParameters"": ""{\""p\"": 4, \""d\"": 0, \""q\"": 0, \""regression_type\"": \""Holiday\""}"", ""TransformationParameters"": ""{\""fillna\"": \""ffill\"", \""transformations\"": {\""0\"": \""Scaler\"", \""1\"": \""Detrend\"", \""2\"": \""DatepartRegression\""}, \""transformation_params\"": {\""0\"": {}, \""1\"": {\""model\"": \""Linear\"", \""phi\"": 1, \""window\"": 30, \""transform_dict\"": null}, \""2\"": {\""regression_model\"": {\""model\"": \""ElasticNet\"", \""model_params\"": {\""l1_ratio\"": 0.5, \""fit_intercept\"": true, \""selection\"": \""cyclic\"", \""max_iter\"": 1000}}, \""datepart_method\"": \""common_fourier\"", \""polynomial_degree\"": null, \""transform_dict\"": null, \""holiday_countries_used\"": false, \""lags\"": null, \""forward_lags\"": null}}}""}}, ""model_weights"": {""92d666001d3288989025051fecaf3542"": 3.0, ""a8ddd1ef89834c17140b9aab182e2ad4"": 2.0, ""a6a1477ee2b31d009999314fa5df12a0"": 1.0}, ""point_method"": ""mean""}","{""fillna"": ""cubic"", ""transformations"": {""0"": ""ScipyFilter"", ""1"": ""DatepartRegression""}, ""transformation_params"": {""0"": {""method"": ""butter"", ""method_args"": {""N"": 1, ""btype"": ""highpass"", ""analog"": false, ""output"": ""sos"", ""Wn"": 0.024390243902439025}}, ""1"": {""regression_model"": {""model"": ""ElasticNet"", ""model_params"": {""l1_ratio"": 0.5, ""fit_intercept"": true, ""selection"": ""cyclic"", ""max_iter"": 1000}}, ""datepart_method"": [""weekdayofmonth"", ""common_fourier""], ""polynomial_degree"": null, ""transform_dict"": null, ""holiday_countries_used"": false, ""lags"": null, ""forward_lags"": null}}}",1,2,24.854025271682087,2.0426943651156946,2.189673116846459,0.5828152910609004,2.0426943651156946,0.0,-0.24608018686069144,0.9844752145310671,367.4389055339643,2.0426161351819725,0.7959258919205261,0.5111111111111111,0.5333333333333333,6.629586991172541,0.9333333333333333,1.8009940219619944,1.8150018031164636,8.14572913530618,11.569926936654706,0.1258014819931419,183.5964126735518,74.99252743226405,22.27230088836965,0.28801518776935786,24.854025271682087,2.0426943651156946,2.189673116846459,0.5828152910609004,2.0426943651156946,0.0,0.9844752145310671,2.0426161351819725,0.7959258919205261,6.629586991172541,0.9333333333333333,1.8009940219619944,1.8150018031164636,8.14572913530618,11.569926936654706,0.1258014819931419,183.5964126735518,74.99252743226405,22.27230088836965,0.28801518776935786,0.5111111111111111,0.5333333333333333,13.854099999999999,46.92601576215762,47.63903520207695,Wh,47.63903520207695,Wh
88,8d84b978a9493708420961276bd401f3,Ensemble,"{""model_name"": ""BestN"", ""model_count"": 3, ""model_metric"": ""horizontal"", ""models"": {""a6a1477ee2b31d009999314fa5df12a0"": {""Model"": ""ARIMA"", ""ModelParameters"": ""{\""p\"": 4, \""d\"": 0, \""q\"": 0, \""regression_type\"": \""Holiday\""}"", ""TransformationParameters"": ""{\""fillna\"": \""ffill\"", \""transformations\"": {\""0\"": \""Scaler\"", \""1\"": \""Detrend\"", \""2\"": \""DatepartRegression\""}, \""transformation_params\"": {\""0\"": {}, \""1\"": {\""model\"": \""Linear\"", \""phi\"": 1, \""window\"": 30, \""transform_dict\"": null}, \""2\"": {\""regression_model\"": {\""model\"": \""ElasticNet\"", \""model_params\"": {\""l1_ratio\"": 0.5, \""fit_intercept\"": true, \""selection\"": \""cyclic\"", \""max_iter\"": 1000}}, \""datepart_method\"": \""common_fourier\"", \""polynomial_degree\"": null, \""transform_dict\"": null, \""holiday_countries_used\"": false, \""lags\"": null, \""forward_lags\"": null}}}""}, ""a8ddd1ef89834c17140b9aab182e2ad4"": {""Model"": ""RollingRegression"", ""ModelParameters"": ""{\""regression_model\"": {\""model\"": \""ExtraTrees\"", \""model_params\"": {\""n_estimators\"": 100, \""min_samples_leaf\"": 1, \""min_samples_split\"": 2, \""max_depth\"": null, \""criterion\"": \""squared_error\"", \""max_features\"": 1}}, \""holiday\"": true, \""mean_rolling_periods\"": 7, \""macd_periods\"": 46, \""std_rolling_periods\"": 7, \""max_rolling_periods\"": 12, \""min_rolling_periods\"": 2, \""ewm_var_alpha\"": null, \""quantile90_rolling_periods\"": null, \""quantile10_rolling_periods\"": null, \""ewm_alpha\"": null, \""additional_lag_periods\"": 90, \""abs_energy\"": false, \""rolling_autocorr_periods\"": null, \""nonzero_last_n\"": null, \""add_date_part\"": \""simple_2\"", \""polynomial_degree\"": null, \""x_transform\"": null, \""regression_type\"": null}"", ""TransformationParameters"": ""{\""fillna\"": \""ffill\"", \""transformations\"": {\""0\"": \""Scaler\"", \""1\"": \""Detrend\"", \""2\"": \""DatepartRegression\""}, \""transformation_params\"": {\""0\"": {}, \""1\"": {\""model\"": \""Linear\"", \""phi\"": 1, \""window\"": 30, \""transform_dict\"": null}, \""2\"": {\""regression_model\"": {\""model\"": \""ElasticNet\"", \""model_params\"": {\""l1_ratio\"": 0.5, \""fit_intercept\"": true, \""selection\"": \""cyclic\"", \""max_iter\"": 1000}}, \""datepart_method\"": \""common_fourier\"", \""polynomial_degree\"": null, \""transform_dict\"": null, \""holiday_countries_used\"": false, \""lags\"": null, \""forward_lags\"": null}}}""}}, ""model_weights"": {}, ""point_method"": ""mean""}","{""fillna"": ""cubic"", ""transformations"": {""0"": ""ScipyFilter"", ""1"": ""DatepartRegression""}, ""transformation_params"": {""0"": {""method"": ""butter"", ""method_args"": {""N"": 1, ""btype"": ""highpass"", ""analog"": false, ""output"": ""sos"", ""Wn"": 0.024390243902439025}}, ""1"": {""regression_model"": {""model"": ""ElasticNet"", ""model_params"": {""l1_ratio"": 0.5, ""fit_intercept"": true, ""selection"": ""cyclic"", ""max_iter"": 1000}}, ""datepart_method"": [""weekdayofmonth"", ""common_fourier""], ""polynomial_degree"": null, ""transform_dict"": null, ""holiday_countries_used"": false, ""lags"": null, ""forward_lags"": null}}}",1,2,24.646080174110203,2.0237601987613685,2.17081208720577,0.5832296814019772,2.0237601987613685,0.0,-0.37508079287552665,0.9777432157157102,363.90175498417085,2.023616587609323,0.8071746697778409,0.5055555555555555,0.5611111111111111,6.617001877803894,0.9388888888888889,1.790513844804009,1.7966647620204994,8.089280711152943,11.678837258105105,0.11425189018997883,181.76333709564764,73.82740917529804,22.635569400000563,0.2849941522929978,24.646080174110203,2.0237601987613685,2.17081208720577,0.5832296814019772,2.0237601987613685,0.0,0.9777432157157102,2.023616587609323,0.8071746697778409,6.617001877803894,0.9388888888888889,1.790513844804009,1.7966647620204994,8.089280711152943,11.678837258105105,0.11425189018997883,181.76333709564764,73.82740917529804,22.635569400000563,0.2849941522929978,0.5055555555555555,0.5611111111111111,14.17895,46.73514387437797,47.318553999014426,Wh,47.318553999014426,Wh
89,883b5881047c2a3b20b12e2deed7e9cf,Ensemble,"{""model_name"": ""BestN"", ""model_count"": 3, ""model_metric"": ""best_score_unique"", ""models"": {""a8ddd1ef89834c17140b9aab182e2ad4"": {""Model"": ""RollingRegression"", ""ModelParameters"": ""{\""regression_model\"": {\""model\"": \""ExtraTrees\"", \""model_params\"": {\""n_estimators\"": 100, \""min_samples_leaf\"": 1, \""min_samples_split\"": 2, \""max_depth\"": null, \""criterion\"": \""squared_error\"", \""max_features\"": 1}}, \""holiday\"": true, \""mean_rolling_periods\"": 7, \""macd_periods\"": 46, \""std_rolling_periods\"": 7, \""max_rolling_periods\"": 12, \""min_rolling_periods\"": 2, \""ewm_var_alpha\"": null, \""quantile90_rolling_periods\"": null, \""quantile10_rolling_periods\"": null, \""ewm_alpha\"": null, \""additional_lag_periods\"": 90, \""abs_energy\"": false, \""rolling_autocorr_periods\"": null, \""nonzero_last_n\"": null, \""add_date_part\"": \""simple_2\"", \""polynomial_degree\"": null, \""x_transform\"": null, \""regression_type\"": null}"", ""TransformationParameters"": ""{\""fillna\"": \""ffill\"", \""transformations\"": {\""0\"": \""Scaler\"", \""1\"": \""Detrend\"", \""2\"": \""DatepartRegression\""}, \""transformation_params\"": {\""0\"": {}, \""1\"": {\""model\"": \""Linear\"", \""phi\"": 1, \""window\"": 30, \""transform_dict\"": null}, \""2\"": {\""regression_model\"": {\""model\"": \""ElasticNet\"", \""model_params\"": {\""l1_ratio\"": 0.5, \""fit_intercept\"": true, \""selection\"": \""cyclic\"", \""max_iter\"": 1000}}, \""datepart_method\"": \""common_fourier\"", \""polynomial_degree\"": null, \""transform_dict\"": null, \""holiday_countries_used\"": false, \""lags\"": null, \""forward_lags\"": null}}}""}, ""a6a1477ee2b31d009999314fa5df12a0"": {""Model"": ""ARIMA"", ""ModelParameters"": ""{\""p\"": 4, \""d\"": 0, \""q\"": 0, \""regression_type\"": \""Holiday\""}"", ""TransformationParameters"": ""{\""fillna\"": \""ffill\"", \""transformations\"": {\""0\"": \""Scaler\"", \""1\"": \""Detrend\"", \""2\"": \""DatepartRegression\""}, \""transformation_params\"": {\""0\"": {}, \""1\"": {\""model\"": \""Linear\"", \""phi\"": 1, \""window\"": 30, \""transform_dict\"": null}, \""2\"": {\""regression_model\"": {\""model\"": \""ElasticNet\"", \""model_params\"": {\""l1_ratio\"": 0.5, \""fit_intercept\"": true, \""selection\"": \""cyclic\"", \""max_iter\"": 1000}}, \""datepart_method\"": \""common_fourier\"", \""polynomial_degree\"": null, \""transform_dict\"": null, \""holiday_countries_used\"": false, \""lags\"": null, \""forward_lags\"": null}}}""}}, ""model_weights"": {}, ""point_method"": ""mean""}","{""fillna"": ""cubic"", ""transformations"": {""0"": ""ScipyFilter"", ""1"": ""DatepartRegression""}, ""transformation_params"": {""0"": {""method"": ""butter"", ""method_args"": {""N"": 1, ""btype"": ""highpass"", ""analog"": false, ""output"": ""sos"", ""Wn"": 0.024390243902439025}}, ""1"": {""regression_model"": {""model"": ""ElasticNet"", ""model_params"": {""l1_ratio"": 0.5, ""fit_intercept"": true, ""selection"": ""cyclic"", ""max_iter"": 1000}}, ""datepart_method"": [""weekdayofmonth"", ""common_fourier""], ""polynomial_degree"": null, ""transform_dict"": null, ""holiday_countries_used"": false, ""lags"": null, ""forward_lags"": null}}}",1,2,24.646080174110203,2.0237601987613685,2.17081208720577,0.5832296814019774,2.0237601987613685,0.0,-0.37508079287552576,0.97774321571571,363.9017549841708,2.0236165876093226,0.8071746697778409,0.5055555555555555,0.5611111111111111,6.617001877803894,0.9388888888888889,1.7905138448040088,1.7966647620204996,8.089280711152943,11.678837258105105,0.11425189018997883,181.76333709564764,73.82740917529803,22.63556940000057,0.2849941522929978,24.646080174110203,2.0237601987613685,2.17081208720577,0.5832296814019774,2.0237601987613685,0.0,0.97774321571571,2.0236165876093226,0.8071746697778409,6.617001877803894,0.9388888888888889,1.7905138448040088,1.7966647620204996,8.089280711152943,11.678837258105105,0.11425189018997883,181.76333709564764,73.82740917529803,22.63556940000057,0.2849941522929978,0.5055555555555555,0.5611111111111111,12.96695,46.73492749240947,47.318553999014426,Wh,47.318553999014426,Wh
90,174a5a54d45c5c0a1b82380b05d8ad85,Ensemble,"{""model_name"": ""BestN"", ""model_count"": 5, ""model_metric"": ""bestn_horizontal"", ""models"": {""5dff957b601bedf73b6f35d824a711b5"": {""Model"": ""Ensemble"", ""ModelParameters"": ""{\""model_name\"": \""BestN\"", \""model_count\"": 5, \""model_metric\"": \""mixed_metric\"", \""models\"": {\""860cd5b05944ecb82d3157f8432afabb\"": {\""Model\"": \""WindowRegression\"", \""ModelParameters\"": \""{\\\""window_size\\\"": 10, \\\""input_dim\\\"": \\\""univariate\\\"", \\\""output_dim\\\"": \\\""1step\\\"", \\\""normalize_window\\\"": false, \\\""max_windows\\\"": 5000000, \\\""fourier_encoding_components\\\"": null, \\\""scale\\\"": true, \\\""datepart_method\\\"": null, \\\""regression_type\\\"": null, \\\""regression_model\\\"": {\\\""model\\\"": \\\""SVM\\\"", \\\""model_params\\\"": {\\\""C\\\"": 0.1, \\\""tol\\\"": 0.001, \\\""epsilon\\\"": 0.0, \\\""loss\\\"": \\\""squared_epsilon_insensitive\\\"", \\\""max_iter\\\"": 50}}}\"", \""TransformationParameters\"": \""{\\\""fillna\\\"": \\\""pchip\\\"", \\\""transformations\\\"": {\\\""0\\\"": \\\""Scaler\\\""}, \\\""transformation_params\\\"": {\\\""0\\\"": {}}}\""}, \""c0b1c7a0ef49e381d5aea93045d68ec6\"": {\""Model\"": \""WindowRegression\"", \""ModelParameters\"": \""{\\\""window_size\\\"": 10, \\\""input_dim\\\"": \\\""univariate\\\"", \\\""output_dim\\\"": \\\""1step\\\"", \\\""normalize_window\\\"": false, \\\""max_windows\\\"": 5000000, \\\""fourier_encoding_components\\\"": null, \\\""scale\\\"": true, \\\""datepart_method\\\"": null, \\\""regression_type\\\"": null, \\\""regression_model\\\"": {\\\""model\\\"": \\\""SVM\\\"", \\\""model_params\\\"": {\\\""C\\\"": 0.1, \\\""tol\\\"": 0.001, \\\""epsilon\\\"": 0.0, \\\""loss\\\"": \\\""squared_epsilon_insensitive\\\"", \\\""max_iter\\\"": 50}}}\"", \""TransformationParameters\"": \""{\\\""fillna\\\"": \\\""ffill\\\"", \\\""transformations\\\"": {\\\""0\\\"": \\\""DatepartRegression\\\"", \\\""1\\\"": \\\""DatepartRegression\\\"", \\\""2\\\"": \\\""MinMaxScaler\\\"", \\\""3\\\"": \\\""Scaler\\\""}, \\\""transformation_params\\\"": {\\\""0\\\"": {\\\""regression_model\\\"": {\\\""model\\\"": \\\""ElasticNet\\\"", \\\""model_params\\\"": {\\\""l1_ratio\\\"": 0.5, \\\""fit_intercept\\\"": true, \\\""selection\\\"": \\\""cyclic\\\"", \\\""max_iter\\\"": 1000}}, \\\""datepart_method\\\"": \\\""anchored_segment_fourier:us_school\\\"", \\\""polynomial_degree\\\"": null, \\\""transform_dict\\\"": null, \\\""holiday_countries_used\\\"": false, \\\""lags\\\"": null, \\\""forward_lags\\\"": null}, \\\""1\\\"": {\\\""regression_model\\\"": {\\\""model\\\"": \\\""ElasticNet\\\"", \\\""model_params\\\"": {\\\""l1_ratio\\\"": 0.9, \\\""fit_intercept\\\"": true, \\\""selection\\\"": \\\""cyclic\\\"", \\\""max_iter\\\"": 200}}, \\\""datepart_method\\\"": \\\""common_fourier\\\"", \\\""polynomial_degree\\\"": null, \\\""transform_dict\\\"": null, \\\""holiday_countries_used\\\"": false, \\\""lags\\\"": null, \\\""forward_lags\\\"": 2}, \\\""2\\\"": {}, \\\""3\\\"": {}}}\""}, \""b56ba147e1633d9995afee23f1bd58c7\"": {\""Model\"": \""WindowRegression\"", \""ModelParameters\"": \""{\\\""window_size\\\"": 20, \\\""input_dim\\\"": \\\""univariate\\\"", \\\""output_dim\\\"": \\\""1step\\\"", \\\""normalize_window\\\"": false, \\\""max_windows\\\"": 5000000, \\\""fourier_encoding_components\\\"": null, \\\""scale\\\"": false, \\\""datepart_method\\\"": null, \\\""regression_type\\\"": null, \\\""regression_model\\\"": {\\\""model\\\"": \\\""xgboost\\\"", \\\""model_params\\\"": {\\\""booster\\\"": \\\""gbtree\\\"", \\\""objective\\\"": \\\""reg:squarederror\\\"", \\\""max_depth\\\"": 6, \\\""eta\\\"": 0.003, \\\""min_child_weight\\\"": 0.5, \\\""subsample\\\"": 1, \\\""colsample_bylevel\\\"": 0.9, \\\""reg_alpha\\\"": 0, \\\""reg_lambda\\\"": 1, \\\""n_estimators\\\"": 7, \\\""multi_strategy\\\"": \\\""multi_output_tree\\\"", \\\""tree_method\\\"": \\\""hist\\\""}}}\"", \""TransformationParameters\"": \""{\\\""fillna\\\"": \\\""ffill\\\"", \\\""transformations\\\"": {\\\""0\\\"": \\\""Scaler\\\"", \\\""1\\\"": \\\""Detrend\\\"", \\\""2\\\"": \\\""MinMaxScaler\\\""}, \\\""transformation_params\\\"": {\\\""0\\\"": {}, \\\""1\\\"": {\\\""model\\\"": \\\""Linear\\\"", \\\""phi\\\"": 1, \\\""window\\\"": 30, \\\""transform_dict\\\"": null}, \\\""2\\\"": {}}}\""}, \""7d046fbef1e1594270dc26a3315f53d9\"": {\""Model\"": \""WindowRegression\"", \""ModelParameters\"": \""{\\\""window_size\\\"": 10, \\\""input_dim\\\"": \\\""univariate\\\"", \\\""output_dim\\\"": \\\""1step\\\"", \\\""normalize_window\\\"": false, \\\""max_windows\\\"": 5000000, \\\""fourier_encoding_components\\\"": null, \\\""scale\\\"": true, \\\""datepart_method\\\"": null, \\\""regression_type\\\"": null, \\\""regression_model\\\"": {\\\""model\\\"": \\\""SVM\\\"", \\\""model_params\\\"": {\\\""C\\\"": 0.1, \\\""tol\\\"": 0.001, \\\""epsilon\\\"": 0.0, \\\""loss\\\"": \\\""squared_epsilon_insensitive\\\"", \\\""max_iter\\\"": 50}}}\"", \""TransformationParameters\"": \""{\\\""fillna\\\"": \\\""ffill\\\"", \\\""transformations\\\"": {\\\""0\\\"": \\\""Scaler\\\"", \\\""1\\\"": \\\""Detrend\\\""}, \\\""transformation_params\\\"": {\\\""0\\\"": {}, \\\""1\\\"": {\\\""model\\\"": \\\""Linear\\\"", \\\""phi\\\"": 1, \\\""window\\\"": 30, \\\""transform_dict\\\"": null}}}\""}, \""e9ab0dee8ad32b476a4ab9bc6aed1fef\"": {\""Model\"": \""RollingRegression\"", \""ModelParameters\"": \""{\\\""regression_model\\\"": {\\\""model\\\"": \\\""RANSAC\\\"", \\\""model_params\\\"": {}}, \\\""holiday\\\"": true, \\\""mean_rolling_periods\\\"": 12, \\\""macd_periods\\\"": 24, \\\""std_rolling_periods\\\"": 30, \\\""max_rolling_periods\\\"": 12, \\\""min_rolling_periods\\\"": null, \\\""ewm_var_alpha\\\"": null, \\\""quantile90_rolling_periods\\\"": null, \\\""quantile10_rolling_periods\\\"": null, \\\""ewm_alpha\\\"": 0.8, \\\""additional_lag_periods\\\"": 6, \\\""abs_energy\\\"": false, \\\""rolling_autocorr_periods\\\"": null, \\\""nonzero_last_n\\\"": null, \\\""add_date_part\\\"": null, \\\""polynomial_degree\\\"": null, \\\""x_transform\\\"": null, \\\""regression_type\\\"": null}\"", \""TransformationParameters\"": \""{\\\""fillna\\\"": \\\""ffill\\\"", \\\""transformations\\\"": {\\\""0\\\"": \\\""Scaler\\\"", \\\""1\\\"": \\\""Detrend\\\"", \\\""2\\\"": \\\""DatepartRegression\\\""}, \\\""transformation_params\\\"": {\\\""0\\\"": {}, \\\""1\\\"": {\\\""model\\\"": \\\""Linear\\\"", \\\""phi\\\"": 1, \\\""window\\\"": 30, \\\""transform_dict\\\"": null}, \\\""2\\\"": {\\\""regression_model\\\"": {\\\""model\\\"": \\\""ElasticNet\\\"", \\\""model_params\\\"": {\\\""l1_ratio\\\"": 0.5, \\\""fit_intercept\\\"": true, \\\""selection\\\"": \\\""cyclic\\\"", \\\""max_iter\\\"": 1000}}, \\\""datepart_method\\\"": \\\""common_fourier\\\"", \\\""polynomial_degree\\\"": null, \\\""transform_dict\\\"": null, \\\""holiday_countries_used\\\"": false, \\\""lags\\\"": null, \\\""forward_lags\\\"": null}}}\""}}, \""point_method\"": \""median\"", \""model_weights\"": {}}"", ""TransformationParameters"": ""{}""}}, ""point_method"": ""median"", ""model_weights"": {}}","{""fillna"": ""cubic"", ""transformations"": {""0"": ""ScipyFilter"", ""1"": ""DatepartRegression""}, ""transformation_params"": {""0"": {""method"": ""butter"", ""method_args"": {""N"": 1, ""btype"": ""highpass"", ""analog"": false, ""output"": ""sos"", ""Wn"": 0.024390243902439025}}, ""1"": {""regression_model"": {""model"": ""ElasticNet"", ""model_params"": {""l1_ratio"": 0.5, ""fit_intercept"": true, ""selection"": ""cyclic"", ""max_iter"": 1000}}, ""datepart_method"": [""weekdayofmonth"", ""common_fourier""], ""polynomial_degree"": null, ""transform_dict"": null, ""holiday_countries_used"": false, ""lags"": null, ""forward_lags"": null}}}",1,2,23.55651225436593,1.9154767741348575,2.084091968401729,0.6808159951268951,1.9154767741348575,0.0,-0.5099890297304972,0.9448309300890412,344.27583031454384,1.9152190646665046,0.8286299685366301,0.4666666666666667,0.5111111111111111,5.739891864732934,0.9055555555555556,1.7752344563871163,1.6777356663692267,7.530909261883456,11.737228618398428,0.4078862909478269,171.88292064240667,71.61636976314016,11.904539661944614,0.2699736215928859,23.55651225436593,1.9154767741348575,2.084091968401729,0.6808159951268951,1.9154767741348575,0.0,0.9448309300890412,1.9152190646665046,0.8286299685366301,5.739891864732934,0.9055555555555556,1.7752344563871163,1.6777356663692267,7.530909261883456,11.737228618398428,0.4078862909478269,171.88292064240667,71.61636976314016,11.904539661944614,0.2699736215928859,0.4666666666666667,0.5111111111111111,32.04505,45.318637597058625,44.24341383941519,Wh,44.24341383941519,Wh
91,f8171f193220fb13320312c9396ebf1f,Ensemble,"{""model_name"": ""BestN"", ""model_count"": 5, ""model_metric"": ""mixed_metric"", ""models"": {""860cd5b05944ecb82d3157f8432afabb"": {""Model"": ""WindowRegression"", ""ModelParameters"": ""{\""window_size\"": 10, \""input_dim\"": \""univariate\"", \""output_dim\"": \""1step\"", \""normalize_window\"": false, \""max_windows\"": 5000000, \""fourier_encoding_components\"": null, \""scale\"": true, \""datepart_method\"": null, \""regression_type\"": null, \""regression_model\"": {\""model\"": \""SVM\"", \""model_params\"": {\""C\"": 0.1, \""tol\"": 0.001, \""epsilon\"": 0.0, \""loss\"": \""squared_epsilon_insensitive\"", \""max_iter\"": 50}}}"", ""TransformationParameters"": ""{\""fillna\"": \""pchip\"", \""transformations\"": {\""0\"": \""Scaler\""}, \""transformation_params\"": {\""0\"": {}}}""}, ""c0b1c7a0ef49e381d5aea93045d68ec6"": {""Model"": ""WindowRegression"", ""ModelParameters"": ""{\""window_size\"": 10, \""input_dim\"": \""univariate\"", \""output_dim\"": \""1step\"", \""normalize_window\"": false, \""max_windows\"": 5000000, \""fourier_encoding_components\"": null, \""scale\"": true, \""datepart_method\"": null, \""regression_type\"": null, \""regression_model\"": {\""model\"": \""SVM\"", \""model_params\"": {\""C\"": 0.1, \""tol\"": 0.001, \""epsilon\"": 0.0, \""loss\"": \""squared_epsilon_insensitive\"", \""max_iter\"": 50}}}"", ""TransformationParameters"": ""{\""fillna\"": \""ffill\"", \""transformations\"": {\""0\"": \""DatepartRegression\"", \""1\"": \""DatepartRegression\"", \""2\"": \""MinMaxScaler\"", \""3\"": \""Scaler\""}, \""transformation_params\"": {\""0\"": {\""regression_model\"": {\""model\"": \""ElasticNet\"", \""model_params\"": {\""l1_ratio\"": 0.5, \""fit_intercept\"": true, \""selection\"": \""cyclic\"", \""max_iter\"": 1000}}, \""datepart_method\"": \""anchored_segment_fourier:us_school\"", \""polynomial_degree\"": null, \""transform_dict\"": null, \""holiday_countries_used\"": false, \""lags\"": null, \""forward_lags\"": null}, \""1\"": {\""regression_model\"": {\""model\"": \""ElasticNet\"", \""model_params\"": {\""l1_ratio\"": 0.9, \""fit_intercept\"": true, \""selection\"": \""cyclic\"", \""max_iter\"": 200}}, \""datepart_method\"": \""common_fourier\"", \""polynomial_degree\"": null, \""transform_dict\"": null, \""holiday_countries_used\"": false, \""lags\"": null, \""forward_lags\"": 2}, \""2\"": {}, \""3\"": {}}}""}, ""b56ba147e1633d9995afee23f1bd58c7"": {""Model"": ""WindowRegression"", ""ModelParameters"": ""{\""window_size\"": 20, \""input_dim\"": \""univariate\"", \""output_dim\"": \""1step\"", \""normalize_window\"": false, \""max_windows\"": 5000000, \""fourier_encoding_components\"": null, \""scale\"": false, \""datepart_method\"": null, \""regression_type\"": null, \""regression_model\"": {\""model\"": \""xgboost\"", \""model_params\"": {\""booster\"": \""gbtree\"", \""objective\"": \""reg:squarederror\"", \""max_depth\"": 6, \""eta\"": 0.003, \""min_child_weight\"": 0.5, \""subsample\"": 1, \""colsample_bylevel\"": 0.9, \""reg_alpha\"": 0, \""reg_lambda\"": 1, \""n_estimators\"": 7, \""multi_strategy\"": \""multi_output_tree\"", \""tree_method\"": \""hist\""}}}"", ""TransformationParameters"": ""{\""fillna\"": \""ffill\"", \""transformations\"": {\""0\"": \""Scaler\"", \""1\"": \""Detrend\"", \""2\"": \""MinMaxScaler\""}, \""transformation_params\"": {\""0\"": {}, \""1\"": {\""model\"": \""Linear\"", \""phi\"": 1, \""window\"": 30, \""transform_dict\"": null}, \""2\"": {}}}""}, ""7d046fbef1e1594270dc26a3315f53d9"": {""Model"": ""WindowRegression"", ""ModelParameters"": ""{\""window_size\"": 10, \""input_dim\"": \""univariate\"", \""output_dim\"": \""1step\"", \""normalize_window\"": false, \""max_windows\"": 5000000, \""fourier_encoding_components\"": null, \""scale\"": true, \""datepart_method\"": null, \""regression_type\"": null, \""regression_model\"": {\""model\"": \""SVM\"", \""model_params\"": {\""C\"": 0.1, \""tol\"": 0.001, \""epsilon\"": 0.0, \""loss\"": \""squared_epsilon_insensitive\"", \""max_iter\"": 50}}}"", ""TransformationParameters"": ""{\""fillna\"": \""ffill\"", \""transformations\"": {\""0\"": \""Scaler\"", \""1\"": \""Detrend\""}, \""transformation_params\"": {\""0\"": {}, \""1\"": {\""model\"": \""Linear\"", \""phi\"": 1, \""window\"": 30, \""transform_dict\"": null}}}""}, ""e9ab0dee8ad32b476a4ab9bc6aed1fef"": {""Model"": ""RollingRegression"", ""ModelParameters"": ""{\""regression_model\"": {\""model\"": \""RANSAC\"", \""model_params\"": {}}, \""holiday\"": true, \""mean_rolling_periods\"": 12, \""macd_periods\"": 24, \""std_rolling_periods\"": 30, \""max_rolling_periods\"": 12, \""min_rolling_periods\"": null, \""ewm_var_alpha\"": null, \""quantile90_rolling_periods\"": null, \""quantile10_rolling_periods\"": null, \""ewm_alpha\"": 0.8, \""additional_lag_periods\"": 6, \""abs_energy\"": false, \""rolling_autocorr_periods\"": null, \""nonzero_last_n\"": null, \""add_date_part\"": null, \""polynomial_degree\"": null, \""x_transform\"": null, \""regression_type\"": null}"", ""TransformationParameters"": ""{\""fillna\"": \""ffill\"", \""transformations\"": {\""0\"": \""Scaler\"", \""1\"": \""Detrend\"", \""2\"": \""DatepartRegression\""}, \""transformation_params\"": {\""0\"": {}, \""1\"": {\""model\"": \""Linear\"", \""phi\"": 1, \""window\"": 30, \""transform_dict\"": null}, \""2\"": {\""regression_model\"": {\""model\"": \""ElasticNet\"", \""model_params\"": {\""l1_ratio\"": 0.5, \""fit_intercept\"": true, \""selection\"": \""cyclic\"", \""max_iter\"": 1000}}, \""datepart_method\"": \""common_fourier\"", \""polynomial_degree\"": null, \""transform_dict\"": null, \""holiday_countries_used\"": false, \""lags\"": null, \""forward_lags\"": null}}}""}}, ""point_method"": ""median"", ""model_weights"": {}}","{""fillna"": ""cubic"", ""transformations"": {""0"": ""ScipyFilter"", ""1"": ""DatepartRegression""}, ""transformation_params"": {""0"": {""method"": ""butter"", ""method_args"": {""N"": 1, ""btype"": ""highpass"", ""analog"": false, ""output"": ""sos"", ""Wn"": 0.024390243902439025}}, ""1"": {""regression_model"": {""model"": ""ElasticNet"", ""model_params"": {""l1_ratio"": 0.5, ""fit_intercept"": true, ""selection"": ""cyclic"", ""max_iter"": 1000}}, ""datepart_method"": [""weekdayofmonth"", ""common_fourier""], ""polynomial_degree"": null, ""transform_dict"": null, ""holiday_countries_used"": false, ""lags"": null, ""forward_lags"": null}}}",1,2,23.55651225436593,1.9154767741348575,2.084091968401729,0.6808159951268951,1.9154767741348575,0.0,-0.5099890297304972,0.9448309300890412,344.27583031454384,1.9152190646665046,0.8286299685366301,0.4666666666666667,0.5111111111111111,5.739891864732934,0.9055555555555556,1.7752344563871163,1.6777356663692267,7.530909261883456,11.737228618398428,0.4078862909478269,171.88292064240667,71.61636976314016,11.904539661944614,0.2699736215928859,23.55651225436593,1.9154767741348575,2.084091968401729,0.6808159951268951,1.9154767741348575,0.0,0.9448309300890412,1.9152190646665046,0.8286299685366301,5.739891864732934,0.9055555555555556,1.7752344563871163,1.6777356663692267,7.530909261883456,11.737228618398428,0.4078862909478269,171.88292064240667,71.61636976314016,11.904539661944614,0.2699736215928859,0.4666666666666667,0.5111111111111111,6.93645,45.31415488394466,44.24341383941519,Wh,44.24341383941519,Wh
92,be4a16f6b592f5ca8e83df809da7b8e3,Ensemble,"{""model_name"": ""BestN"", ""model_count"": 3, ""model_metric"": ""best_score"", ""models"": {}, ""model_weights"": {}, ""point_method"": ""mean""}","{""fillna"": ""cubic"", ""transformations"": {""0"": ""ScipyFilter"", ""1"": ""DatepartRegression""}, ""transformation_params"": {""0"": {""method"": ""butter"", ""method_args"": {""N"": 1, ""btype"": ""highpass"", ""analog"": false, ""output"": ""sos"", ""Wn"": 0.024390243902439025}}, ""1"": {""regression_model"": {""model"": ""ElasticNet"", ""model_params"": {""l1_ratio"": 0.5, ""fit_intercept"": true, ""selection"": ""cyclic"", ""max_iter"": 1000}}, ""datepart_method"": [""weekdayofmonth"", ""common_fourier""], ""polynomial_degree"": null, ""transform_dict"": null, ""holiday_countries_used"": false, ""lags"": null, ""forward_lags"": null}}}",1,2,23.47414478010284,1.9066371768104988,2.0741363230643968,0.6792194134183793,1.9066371768104988,0.0,-0.5099890297304972,0.9431929756981752,342.68470279615934,1.906379467342146,0.8227258621152331,0.4666666666666667,0.5111111111111111,5.739891864732934,0.9055555555555556,1.7738991089625271,1.669108585773758,7.522069664559096,7.793730123451142,0.405566951977403,171.0873568832144,71.06304281817074,11.744089629911329,0.2687925132401506,23.47414478010284,1.9066371768104988,2.0741363230643968,0.6792194134183793,1.9066371768104988,0.0,0.9431929756981752,1.906379467342146,0.8227258621152331,5.739891864732934,0.9055555555555556,1.7738991089625271,1.669108585773758,7.522069664559096,7.793730123451142,0.405566951977403,171.0873568832144,71.06304281817074,11.744089629911329,0.2687925132401506,0.4666666666666667,0.5111111111111111,19.3823,45.099962193926665,43.96557356942722,Wh,43.96557356942722,Wh
93,5c0f617b2f5f2f994dce4ffd911457cf,Ensemble,"{""model_name"": ""BestN"", ""model_count"": 3, ""model_metric"": ""best_score"", ""models"": {}, ""model_weights"": {}, ""point_method"": ""mean""}","{""fillna"": ""ffill"", ""transformations"": {""0"": ""AlignLastValue"", ""1"": ""SeasonalDifference"", ""2"": ""AlignLastValue""}, ""transformation_params"": {""0"": {""rows"": 1, ""lag"": 1, ""method"": ""additive"", ""strength"": 0.7, ""first_value_only"": false, ""threshold"": 1, ""threshold_method"": ""max""}, ""1"": {""lag_1"": 7, ""method"": 20}, ""2"": {""rows"": 1, ""lag"": 28, ""method"": ""multiplicative"", ""strength"": 1.0, ""first_value_only"": false, ""threshold"": null, ""threshold_method"": ""mean""}}}",1,2,20.933168975451977,1.393449265034778,1.5682566821804254,0.5981820968937127,1.393449265034778,0.0,-144.25878269750206,1.177197348210811,106.56208500875795,1.0371586407060134,1.2901027212054588,0.005555555555555556,0.5333333333333333,3.747468803150487,0.25555555555555554,1.9641552036832395,1.1762617866112264,5.159804207699569,2.8421010320016356,0.35239949866497255,121.76674607850141,58.87673696415216,16.224440517137904,0.19956919313580335,20.933168975451977,1.393449265034778,1.5682566821804254,0.5981820968937127,1.393449265034778,0.0,1.177197348210811,1.0371586407060134,1.2901027212054588,3.747468803150487,0.25555555555555554,1.9641552036832395,1.1762617866112264,5.159804207699569,2.8421010320016356,0.35239949866497255,121.76674607850141,58.87673696415216,16.224440517137904,0.19956919313580335,0.005555555555555556,0.5333333333333333,19.257150000000003,44.305219326457035,23.536657317841886,Wh,23.536657317841886,Wh
94,82257248b4e197fd3c7c3f744a858ede,Ensemble,"{""model_name"": ""BestN"", ""model_count"": 3, ""model_metric"": ""best_score"", ""models"": {""860cd5b05944ecb82d3157f8432afabb"": {""Model"": ""WindowRegression"", ""ModelParameters"": ""{\""window_size\"": 10, \""input_dim\"": \""univariate\"", \""output_dim\"": \""1step\"", \""normalize_window\"": false, \""max_windows\"": 5000000, \""fourier_encoding_components\"": null, \""scale\"": true, \""datepart_method\"": null, \""regression_type\"": null, \""regression_model\"": {\""model\"": \""SVM\"", \""model_params\"": {\""C\"": 0.1, \""tol\"": 0.001, \""epsilon\"": 0.0, \""loss\"": \""squared_epsilon_insensitive\"", \""max_iter\"": 50}}}"", ""TransformationParameters"": ""{\""fillna\"": \""pchip\"", \""transformations\"": {\""0\"": \""Scaler\""}, \""transformation_params\"": {\""0\"": {}}}""}, ""c0b1c7a0ef49e381d5aea93045d68ec6"": {""Model"": ""WindowRegression"", ""ModelParameters"": ""{\""window_size\"": 10, \""input_dim\"": \""univariate\"", \""output_dim\"": \""1step\"", \""normalize_window\"": false, \""max_windows\"": 5000000, \""fourier_encoding_components\"": null, \""scale\"": true, \""datepart_method\"": null, \""regression_type\"": null, \""regression_model\"": {\""model\"": \""SVM\"", \""model_params\"": {\""C\"": 0.1, \""tol\"": 0.001, \""epsilon\"": 0.0, \""loss\"": \""squared_epsilon_insensitive\"", \""max_iter\"": 50}}}"", ""TransformationParameters"": ""{\""fillna\"": \""ffill\"", \""transformations\"": {\""0\"": \""DatepartRegression\"", \""1\"": \""DatepartRegression\"", \""2\"": \""MinMaxScaler\"", \""3\"": \""Scaler\""}, \""transformation_params\"": {\""0\"": {\""regression_model\"": {\""model\"": \""ElasticNet\"", \""model_params\"": {\""l1_ratio\"": 0.5, \""fit_intercept\"": true, \""selection\"": \""cyclic\"", \""max_iter\"": 1000}}, \""datepart_method\"": \""anchored_segment_fourier:us_school\"", \""polynomial_degree\"": null, \""transform_dict\"": null, \""holiday_countries_used\"": false, \""lags\"": null, \""forward_lags\"": null}, \""1\"": {\""regression_model\"": {\""model\"": \""ElasticNet\"", \""model_params\"": {\""l1_ratio\"": 0.9, \""fit_intercept\"": true, \""selection\"": \""cyclic\"", \""max_iter\"": 200}}, \""datepart_method\"": \""common_fourier\"", \""polynomial_degree\"": null, \""transform_dict\"": null, \""holiday_countries_used\"": false, \""lags\"": null, \""forward_lags\"": 2}, \""2\"": {}, \""3\"": {}}}""}, ""610f0e543b94fb05cd2d59dc7f408967"": {""Model"": ""WindowRegression"", ""ModelParameters"": ""{\""window_size\"": 10, \""input_dim\"": \""univariate\"", \""output_dim\"": \""1step\"", \""normalize_window\"": false, \""max_windows\"": 5000000, \""fourier_encoding_components\"": null, \""scale\"": true, \""datepart_method\"": null, \""regression_type\"": null, \""regression_model\"": {\""model\"": \""SVM\"", \""model_params\"": {\""C\"": 0.1, \""tol\"": 0.001, \""epsilon\"": 0.0, \""loss\"": \""squared_epsilon_insensitive\"", \""max_iter\"": 50}}}"", ""TransformationParameters"": ""{\""fillna\"": \""rolling_mean_24\"", \""transformations\"": {\""0\"": \""DatepartRegression\"", \""1\"": \""DatepartRegression\"", \""2\"": \""MinMaxScaler\""}, \""transformation_params\"": {\""0\"": {\""regression_model\"": {\""model\"": \""ElasticNet\"", \""model_params\"": {\""l1_ratio\"": 0.5, \""fit_intercept\"": true, \""selection\"": \""cyclic\"", \""max_iter\"": 1000}}, \""datepart_method\"": \""anchored_segment_fourier:us_school\"", \""polynomial_degree\"": null, \""transform_dict\"": null, \""holiday_countries_used\"": false, \""lags\"": null, \""forward_lags\"": null}, \""1\"": {\""regression_model\"": {\""model\"": \""ElasticNet\"", \""model_params\"": {\""l1_ratio\"": 0.9, \""fit_intercept\"": true, \""selection\"": \""cyclic\"", \""max_iter\"": 200}}, \""datepart_method\"": \""common_fourier\"", \""polynomial_degree\"": null, \""transform_dict\"": null, \""holiday_countries_used\"": false, \""lags\"": null, \""forward_lags\"": 2}, \""2\"": {}}}""}}, ""model_weights"": {}, ""point_method"": ""mean""}","{""fillna"": ""fake_date"", ""transformations"": {""0"": ""AlignLastValue"", ""1"": ""AlignLastValue""}, ""transformation_params"": {""0"": {""rows"": 4, ""lag"": 28, ""method"": ""additive"", ""strength"": 0.2, ""first_value_only"": false, ""threshold"": 1, ""threshold_method"": ""max""}, ""1"": {""rows"": 1, ""lag"": 1, ""method"": ""additive"", ""strength"": 1.0, ""first_value_only"": false, ""threshold"": 1, ""threshold_method"": ""mean""}}}",1,7,25.574699782511114,1.6372668123479337,1.9308880301977338,0.9297944247438927,1.6372668123479337,0.0,-978.1483576941994,1.6141647572215188,53.329734084998826,0.8881668562296382,0.7639016349752337,0.3825396825396825,0.5174603174603175,4.464794494176689,0.4333333333333333,2.064887942690757,1.3372714884751085,5.97142866344973,3.3348921287866156,0.8058926537751633,135.85798305680478,55.91404244316665,9.54556686565066,0.20602430251656997,25.574699782511114,1.6372668123479337,1.9308880301977338,0.9297944247438927,1.6372668123479337,0.0,1.6141647572215188,0.8881668562296382,0.7639016349752337,4.464794494176689,0.4333333333333333,2.064887942690757,1.3372714884751085,5.97142866344973,3.3348921287866156,0.8058926537751633,135.85798305680478,55.91404244316665,9.54556686565066,0.20602430251656997,0.3825396825396825,0.5174603174603175,3.2484714285714285,44.02933622099846,26.505370759482556,Wh,26.505370759482556,Wh
95,267bbd2d3449349828d82d280931df44,Ensemble,"{""model_name"": ""BestN"", ""model_count"": 5, ""model_metric"": ""bestn_horizontal"", ""models"": {""860cd5b05944ecb82d3157f8432afabb"": {""Model"": ""WindowRegression"", ""ModelParameters"": ""{\""window_size\"": 10, \""input_dim\"": \""univariate\"", \""output_dim\"": \""1step\"", \""normalize_window\"": false, \""max_windows\"": 5000000, \""fourier_encoding_components\"": null, \""scale\"": true, \""datepart_method\"": null, \""regression_type\"": null, \""regression_model\"": {\""model\"": \""SVM\"", \""model_params\"": {\""C\"": 0.1, \""tol\"": 0.001, \""epsilon\"": 0.0, \""loss\"": \""squared_epsilon_insensitive\"", \""max_iter\"": 50}}}"", ""TransformationParameters"": ""{\""fillna\"": \""pchip\"", \""transformations\"": {\""0\"": \""Scaler\""}, \""transformation_params\"": {\""0\"": {}}}""}, ""c0b1c7a0ef49e381d5aea93045d68ec6"": {""Model"": ""WindowRegression"", ""ModelParameters"": ""{\""window_size\"": 10, \""input_dim\"": \""univariate\"", \""output_dim\"": \""1step\"", \""normalize_window\"": false, \""max_windows\"": 5000000, \""fourier_encoding_components\"": null, \""scale\"": true, \""datepart_method\"": null, \""regression_type\"": null, \""regression_model\"": {\""model\"": \""SVM\"", \""model_params\"": {\""C\"": 0.1, \""tol\"": 0.001, \""epsilon\"": 0.0, \""loss\"": \""squared_epsilon_insensitive\"", \""max_iter\"": 50}}}"", ""TransformationParameters"": ""{\""fillna\"": \""ffill\"", \""transformations\"": {\""0\"": \""DatepartRegression\"", \""1\"": \""DatepartRegression\"", \""2\"": \""MinMaxScaler\"", \""3\"": \""Scaler\""}, \""transformation_params\"": {\""0\"": {\""regression_model\"": {\""model\"": \""ElasticNet\"", \""model_params\"": {\""l1_ratio\"": 0.5, \""fit_intercept\"": true, \""selection\"": \""cyclic\"", \""max_iter\"": 1000}}, \""datepart_method\"": \""anchored_segment_fourier:us_school\"", \""polynomial_degree\"": null, \""transform_dict\"": null, \""holiday_countries_used\"": false, \""lags\"": null, \""forward_lags\"": null}, \""1\"": {\""regression_model\"": {\""model\"": \""ElasticNet\"", \""model_params\"": {\""l1_ratio\"": 0.9, \""fit_intercept\"": true, \""selection\"": \""cyclic\"", \""max_iter\"": 200}}, \""datepart_method\"": \""common_fourier\"", \""polynomial_degree\"": null, \""transform_dict\"": null, \""holiday_countries_used\"": false, \""lags\"": null, \""forward_lags\"": 2}, \""2\"": {}, \""3\"": {}}}""}, ""610f0e543b94fb05cd2d59dc7f408967"": {""Model"": ""WindowRegression"", ""ModelParameters"": ""{\""window_size\"": 10, \""input_dim\"": \""univariate\"", \""output_dim\"": \""1step\"", \""normalize_window\"": false, \""max_windows\"": 5000000, \""fourier_encoding_components\"": null, \""scale\"": true, \""datepart_method\"": null, \""regression_type\"": null, \""regression_model\"": {\""model\"": \""SVM\"", \""model_params\"": {\""C\"": 0.1, \""tol\"": 0.001, \""epsilon\"": 0.0, \""loss\"": \""squared_epsilon_insensitive\"", \""max_iter\"": 50}}}"", ""TransformationParameters"": ""{\""fillna\"": \""rolling_mean_24\"", \""transformations\"": {\""0\"": \""DatepartRegression\"", \""1\"": \""DatepartRegression\"", \""2\"": \""MinMaxScaler\""}, \""transformation_params\"": {\""0\"": {\""regression_model\"": {\""model\"": \""ElasticNet\"", \""model_params\"": {\""l1_ratio\"": 0.5, \""fit_intercept\"": true, \""selection\"": \""cyclic\"", \""max_iter\"": 1000}}, \""datepart_method\"": \""anchored_segment_fourier:us_school\"", \""polynomial_degree\"": null, \""transform_dict\"": null, \""holiday_countries_used\"": false, \""lags\"": null, \""forward_lags\"": null}, \""1\"": {\""regression_model\"": {\""model\"": \""ElasticNet\"", \""model_params\"": {\""l1_ratio\"": 0.9, \""fit_intercept\"": true, \""selection\"": \""cyclic\"", \""max_iter\"": 200}}, \""datepart_method\"": \""common_fourier\"", \""polynomial_degree\"": null, \""transform_dict\"": null, \""holiday_countries_used\"": false, \""lags\"": null, \""forward_lags\"": 2}, \""2\"": {}}}""}, ""727a69c39da55c22e462197e5cede5c2"": {""Model"": ""WindowRegression"", ""ModelParameters"": ""{\""window_size\"": 10, \""input_dim\"": \""univariate\"", \""output_dim\"": \""1step\"", \""normalize_window\"": false, \""max_windows\"": 5000000, \""fourier_encoding_components\"": null, \""scale\"": true, \""datepart_method\"": null, \""regression_type\"": null, \""regression_model\"": {\""model\"": \""SVM\"", \""model_params\"": {\""C\"": 0.1, \""tol\"": 0.001, \""epsilon\"": 0.0, \""loss\"": \""squared_epsilon_insensitive\"", \""max_iter\"": 50}}}"", ""TransformationParameters"": ""{\""fillna\"": \""ffill\"", \""transformations\"": {\""0\"": \""MinMaxScaler\""}, \""transformation_params\"": {\""0\"": {}}}""}, ""474b2b4c4272ab687933f5d9bc0a6613"": {""Model"": ""WindowRegression"", ""ModelParameters"": ""{\""window_size\"": 10, \""input_dim\"": \""univariate\"", \""output_dim\"": \""1step\"", \""normalize_window\"": false, \""max_windows\"": 5000000, \""fourier_encoding_components\"": null, \""scale\"": true, \""datepart_method\"": null, \""regression_type\"": null, \""regression_model\"": {\""model\"": \""SVM\"", \""model_params\"": {\""C\"": 0.1, \""tol\"": 0.001, \""epsilon\"": 0.0, \""loss\"": \""squared_epsilon_insensitive\"", \""max_iter\"": 50}}}"", ""TransformationParameters"": ""{\""fillna\"": \""ffill\"", \""transformations\"": {\""0\"": \""DatepartRegression\"", \""1\"": \""MinMaxScaler\""}, \""transformation_params\"": {\""0\"": {\""regression_model\"": {\""model\"": \""ElasticNet\"", \""model_params\"": {\""l1_ratio\"": 0.5, \""fit_intercept\"": true, \""selection\"": \""cyclic\"", \""max_iter\"": 1000}}, \""datepart_method\"": \""anchored_segment_fourier:us_school\"", \""polynomial_degree\"": null, \""transform_dict\"": null, \""holiday_countries_used\"": false, \""lags\"": null, \""forward_lags\"": null}, \""1\"": {}}}""}}, ""point_method"": ""median"", ""model_weights"": {}}","{""fillna"": ""fake_date"", ""transformations"": {""0"": ""AlignLastValue"", ""1"": ""AlignLastValue""}, ""transformation_params"": {""0"": {""rows"": 4, ""lag"": 28, ""method"": ""additive"", ""strength"": 0.2, ""first_value_only"": false, ""threshold"": 1, ""threshold_method"": ""max""}, ""1"": {""rows"": 1, ""lag"": 1, ""method"": ""additive"", ""strength"": 1.0, ""first_value_only"": false, ""threshold"": 1, ""threshold_method"": ""mean""}}}",1,7,25.56542454358685,1.636673728546635,1.9309190084839947,0.9306313008470889,1.636673728546635,0.0,-977.2189578051307,1.613296999137182,53.88549117924947,0.8881151387643378,0.7636138111190476,0.3825396825396825,0.5174603174603175,4.468690108019412,0.4333333333333333,2.064820573208728,1.3362537315109637,5.968623259207425,3.332862622480391,0.8067644199308167,135.88134056951927,55.94279010133648,9.595538141618372,0.20609490583124573,25.56542454358685,1.636673728546635,1.9309190084839947,0.9306313008470889,1.636673728546635,0.0,1.613296999137182,0.8881151387643378,0.7636138111190476,4.468690108019412,0.4333333333333333,2.064820573208728,1.3362537315109637,5.968623259207425,3.332862622480391,0.8067644199308167,135.88134056951927,55.94279010133648,9.595538141618372,0.20609490583124573,0.3825396825396825,0.5174603174603175,4.896342857142857,44.01662211691734,26.493673458361222,Wh,26.493673458361222,Wh
96,ad3fc01a4beed0b363c417266785d437,RollingRegression,"{""regression_model"": {""model"": ""ElasticNet"", ""model_params"": {""l1_ratio"": 0.5, ""fit_intercept"": true, ""selection"": ""cyclic"", ""max_iter"": 2000}}, ""holiday"": false, ""mean_rolling_periods"": 30, ""macd_periods"": 12, ""std_rolling_periods"": null, ""max_rolling_periods"": null, ""min_rolling_periods"": 52, ""ewm_var_alpha"": null, ""quantile90_rolling_periods"": null, ""quantile10_rolling_periods"": null, ""ewm_alpha"": 0.5, ""additional_lag_periods"": 90, ""abs_energy"": false, ""rolling_autocorr_periods"": null, ""nonzero_last_n"": null, ""add_date_part"": null, ""polynomial_degree"": null, ""x_transform"": null, ""regression_type"": null}","{""fillna"": ""ffill_mean_biased"", ""transformations"": {""0"": ""DatepartRegression"", ""1"": ""MinMaxScaler""}, ""transformation_params"": {""0"": {""regression_model"": {""model"": ""DecisionTree"", ""model_params"": {""max_depth"": 9, ""min_samples_split"": 2}}, ""datepart_method"": ""common_fourier"", ""polynomial_degree"": null, ""transform_dict"": {""fillna"": null, ""transformations"": {""0"": ""Discretize""}, ""transformation_params"": {""0"": {""discretization"": ""center"", ""n_bins"": 20}}}, ""holiday_countries_used"": true, ""lags"": null, ""forward_lags"": null}, ""1"": {}}}",0,1,21.11571042938624,1.4551366976085616,1.7042675314393454,0.9332040335303348,1.4551366976085616,0.0,-0.7771223588299172,0.8303440179846027,130.18518042594062,1.4536214975132402,1.1415576465620207,0.2222222222222222,0.5777777777777777,3.9703228343647847,0.35555555555555557,2.2836495133951185,1.1919038712648815,5.840645286637569,3.743929243481903,0.700904099053418,129.4080580671107,74.81553847300728,15.329284311144749,0.23447725047673243,21.11571042938624,1.4551366976085616,1.7042675314393454,0.9332040335303348,1.4551366976085616,0.0,0.8303440179846027,1.4536214975132402,1.1415576465620207,3.9703228343647847,0.35555555555555557,2.2836495133951185,1.1919038712648815,5.840645286637569,3.743929243481903,0.700904099053418,129.4080580671107,74.81553847300728,15.329284311144749,0.23447725047673243,0.2222222222222222,0.5777777777777777,0.9484,43.57496565307623,20.931286603391374,Wh,20.931286603391374,Wh
97,35604c85b4083b29c24677624177b0c0,RollingRegression,"{""regression_model"": {""model"": ""ExtraTrees"", ""model_params"": {""n_estimators"": 100, ""min_samples_leaf"": 1, ""min_samples_split"": 2, ""max_depth"": null, ""criterion"": ""squared_error"", ""max_features"": 1}}, ""holiday"": false, ""mean_rolling_periods"": 12, ""macd_periods"": null, ""std_rolling_periods"": 7, ""max_rolling_periods"": null, ""min_rolling_periods"": null, ""ewm_var_alpha"": null, ""quantile90_rolling_periods"": null, ""quantile10_rolling_periods"": null, ""ewm_alpha"": null, ""additional_lag_periods"": 6, ""abs_energy"": false, ""rolling_autocorr_periods"": null, ""nonzero_last_n"": null, ""add_date_part"": null, ""polynomial_degree"": null, ""x_transform"": null, ""regression_type"": null}","{""fillna"": ""ffill_mean_biased"", ""transformations"": {""0"": ""DatepartRegression"", ""1"": ""MinMaxScaler"", ""2"": ""DatepartRegression""}, ""transformation_params"": {""0"": {""regression_model"": {""model"": ""DecisionTree"", ""model_params"": {""max_depth"": 9, ""min_samples_split"": 2}}, ""datepart_method"": ""common_fourier"", ""polynomial_degree"": null, ""transform_dict"": {""fillna"": null, ""transformations"": {""0"": ""Discretize""}, ""transformation_params"": {""0"": {""discretization"": ""center"", ""n_bins"": 20}}}, ""holiday_countries_used"": true, ""lags"": null, ""forward_lags"": null}, ""1"": {}, ""2"": {""regression_model"": {""model"": ""ElasticNet"", ""model_params"": {""l1_ratio"": 0.5, ""fit_intercept"": true, ""selection"": ""cyclic"", ""max_iter"": 1000}}, ""datepart_method"": ""common_fourier"", ""polynomial_degree"": null, ""transform_dict"": null, ""holiday_countries_used"": false, ""lags"": null, ""forward_lags"": null}}}",0,1,21.049837993712078,1.449736642261511,1.6983801120567061,0.9272741770918002,1.449736642261511,0.0,-0.7787709796346451,0.828484434134493,129.69752682390134,1.448112646905348,1.1375019270470739,0.23333333333333334,0.5777777777777777,3.9779206071722086,0.3333333333333333,2.2837240695844736,1.185623245996288,5.823364891205241,3.7275806112318475,0.7147264278802697,128.91875584426668,74.50229579619807,14.913864042909072,0.23359067322970262,21.049837993712078,1.449736642261511,1.6983801120567061,0.9272741770918002,1.449736642261511,0.0,0.828484434134493,1.448112646905348,1.1375019270470739,3.9779206071722086,0.3333333333333333,2.2837240695844736,1.185623245996288,5.823364891205241,3.7275806112318475,0.7147264278802697,128.91875584426668,74.50229579619807,14.913864042909072,0.23359067322970262,0.23333333333333334,0.5777777777777777,4.894,43.42689724243994,20.85360997938138,Wh,20.85360997938138,Wh
98,733f3e42882d8aa6ec248d5863b69505,Ensemble,"{""model_name"": ""BestN"", ""model_count"": 3, ""model_metric"": ""mixed_metric"", ""models"": {""9401cafd8f6b338a48dd5f0e109ef608"": {""Model"": ""ARIMA"", ""ModelParameters"": ""{\""p\"": 4, \""d\"": 1, \""q\"": 1, \""regression_type\"": null}"", ""TransformationParameters"": ""{\""fillna\"": \""ffill\"", \""transformations\"": {\""0\"": \""Scaler\"", \""1\"": \""Detrend\"", \""2\"": \""DatepartRegression\""}, \""transformation_params\"": {\""0\"": {}, \""1\"": {\""model\"": \""Linear\"", \""phi\"": 1, \""window\"": 30, \""transform_dict\"": null}, \""2\"": {\""regression_model\"": {\""model\"": \""ElasticNet\"", \""model_params\"": {\""l1_ratio\"": 0.5, \""fit_intercept\"": true, \""selection\"": \""cyclic\"", \""max_iter\"": 1000}}, \""datepart_method\"": \""common_fourier\"", \""polynomial_degree\"": null, \""transform_dict\"": null, \""holiday_countries_used\"": false, \""lags\"": null, \""forward_lags\"": null}}}""}}, ""model_weights"": {}, ""point_method"": ""mean""}","{""fillna"": ""cubic"", ""transformations"": {""0"": ""ScipyFilter"", ""1"": ""DatepartRegression""}, ""transformation_params"": {""0"": {""method"": ""butter"", ""method_args"": {""N"": 1, ""btype"": ""highpass"", ""analog"": false, ""output"": ""sos"", ""Wn"": 0.024390243902439025}}, ""1"": {""regression_model"": {""model"": ""ElasticNet"", ""model_params"": {""l1_ratio"": 0.5, ""fit_intercept"": true, ""selection"": ""cyclic"", ""max_iter"": 1000}}, ""datepart_method"": [""weekdayofmonth"", ""common_fourier""], ""polynomial_degree"": null, ""transform_dict"": null, ""holiday_countries_used"": false, ""lags"": null, ""forward_lags"": null}}}",1,2,23.56249341328406,1.903619112840047,2.052533721777753,0.5843775892071486,1.903619112840047,0.0,-0.8496314515002608,0.9498195674022312,341.8018088597082,1.903059110728137,0.5907146180137719,0.6777777777777778,0.5222222222222221,6.377031228008237,0.9444444444444444,1.7533374384340907,1.6770188201278433,7.7106706953135955,11.048345158768793,0.059250063420072156,170.47608870410397,67.99489164564244,23.774462585689147,0.2678118572589533,23.56249341328406,1.903619112840047,2.052533721777753,0.5843775892071486,1.903619112840047,0.0,0.9498195674022312,1.903059110728137,0.5907146180137719,6.377031228008237,0.9444444444444444,1.7533374384340907,1.6770188201278433,7.7106706953135955,11.048345158768793,0.059250063420072156,170.47608870410397,67.99489164564244,23.774462585689147,0.2678118572589533,0.6777777777777778,0.5222222222222221,8.244299999999999,42.25765146822982,43.83015470430014,Wh,43.83015470430014,Wh
99,cabb14c9ee90a11d090a439de4865316,Ensemble,"{""model_name"": ""BestN"", ""model_count"": 3, ""model_metric"": ""mixed_metric"", ""models"": {""9401cafd8f6b338a48dd5f0e109ef608"": {""Model"": ""ARIMA"", ""ModelParameters"": ""{\""p\"": 4, \""d\"": 1, \""q\"": 1, \""regression_type\"": null}"", ""TransformationParameters"": ""{\""fillna\"": \""ffill\"", \""transformations\"": {\""0\"": \""Scaler\"", \""1\"": \""Detrend\"", \""2\"": \""DatepartRegression\""}, \""transformation_params\"": {\""0\"": {}, \""1\"": {\""model\"": \""Linear\"", \""phi\"": 1, \""window\"": 30, \""transform_dict\"": null}, \""2\"": {\""regression_model\"": {\""model\"": \""ElasticNet\"", \""model_params\"": {\""l1_ratio\"": 0.5, \""fit_intercept\"": true, \""selection\"": \""cyclic\"", \""max_iter\"": 1000}}, \""datepart_method\"": \""common_fourier\"", \""polynomial_degree\"": null, \""transform_dict\"": null, \""holiday_countries_used\"": false, \""lags\"": null, \""forward_lags\"": null}}}""}}, ""model_weights"": {}, ""point_method"": ""mean""}","{""fillna"": ""ffill"", ""transformations"": {""0"": ""AlignLastValue"", ""1"": ""SeasonalDifference"", ""2"": ""AlignLastValue""}, ""transformation_params"": {""0"": {""rows"": 1, ""lag"": 1, ""method"": ""additive"", ""strength"": 0.7, ""first_value_only"": false, ""threshold"": 1, ""threshold_method"": ""max""}, ""1"": {""lag_1"": 7, ""method"": 20}, ""2"": {""rows"": 1, ""lag"": 28, ""method"": ""multiplicative"", ""strength"": 1.0, ""first_value_only"": false, ""threshold"": null, ""threshold_method"": ""mean""}}}",1,2,18.77682499215141,1.2715172524694922,1.447092680995292,0.5912063727424027,1.2715172524694922,0.0,-112.21384853823633,1.0287998295698015,116.65925690627226,1.0153278087000124,1.3266677888252536,0.011111111111111112,0.55,3.452698751070428,0.4166666666666667,1.8085463297671738,1.0589764442936347,4.709688438800788,2.5129420408557843,0.3261258872249303,108.74503347002641,54.60486090232004,17.17299926733652,0.18108159378106697,18.77682499215141,1.2715172524694922,1.447092680995292,0.5912063727424027,1.2715172524694922,0.0,1.0287998295698015,1.0153278087000124,1.3266677888252536,3.452698751070428,0.4166666666666667,1.8085463297671738,1.0589764442936347,4.709688438800788,2.5129420408557843,0.3261258872249303,108.74503347002641,54.60486090232004,17.17299926733652,0.18108159378106697,0.011111111111111112,0.55,8.14215,42.051641604638995,18.79135320530409,Wh,18.79135320530409,Wh
100,7e30f071d26459c001094d67141bedd6,Ensemble,"{""model_name"": ""BestN"", ""model_count"": 5, ""model_metric"": ""mixed_metric"", ""models"": {""9401cafd8f6b338a48dd5f0e109ef608"": {""Model"": ""ARIMA"", ""ModelParameters"": ""{\""p\"": 4, \""d\"": 1, \""q\"": 1, \""regression_type\"": null}"", ""TransformationParameters"": ""{\""fillna\"": \""ffill\"", \""transformations\"": {\""0\"": \""Scaler\"", \""1\"": \""Detrend\"", \""2\"": \""DatepartRegression\""}, \""transformation_params\"": {\""0\"": {}, \""1\"": {\""model\"": \""Linear\"", \""phi\"": 1, \""window\"": 30, \""transform_dict\"": null}, \""2\"": {\""regression_model\"": {\""model\"": \""ElasticNet\"", \""model_params\"": {\""l1_ratio\"": 0.5, \""fit_intercept\"": true, \""selection\"": \""cyclic\"", \""max_iter\"": 1000}}, \""datepart_method\"": \""common_fourier\"", \""polynomial_degree\"": null, \""transform_dict\"": null, \""holiday_countries_used\"": false, \""lags\"": null, \""forward_lags\"": null}}}""}, ""a8ad161bc7623e4bb730ce0012481031"": {""Model"": ""RollingRegression"", ""ModelParameters"": ""{\""regression_model\"": {\""model\"": \""RANSAC\"", \""model_params\"": {}}, \""holiday\"": true, \""mean_rolling_periods\"": 12, \""macd_periods\"": 24, \""std_rolling_periods\"": 10, \""max_rolling_periods\"": null, \""min_rolling_periods\"": 4, \""ewm_var_alpha\"": null, \""quantile90_rolling_periods\"": null, \""quantile10_rolling_periods\"": null, \""ewm_alpha\"": 0.8, \""additional_lag_periods\"": 2, \""abs_energy\"": false, \""rolling_autocorr_periods\"": null, \""nonzero_last_n\"": null, \""add_date_part\"": null, \""polynomial_degree\"": null, \""x_transform\"": null, \""regression_type\"": null}"", ""TransformationParameters"": ""{\""fillna\"": \""ffill\"", \""transformations\"": {\""0\"": \""Detrend\"", \""1\"": \""DatepartRegression\"", \""2\"": \""Scaler\"", \""3\"": \""Scaler\"", \""4\"": \""MinMaxScaler\""}, \""transformation_params\"": {\""0\"": {\""model\"": \""Linear\"", \""phi\"": 1, \""window\"": null, \""transform_dict\"": null}, \""1\"": {\""regression_model\"": {\""model\"": \""ElasticNet\"", \""model_params\"": {\""l1_ratio\"": 0.9, \""fit_intercept\"": true, \""selection\"": \""cyclic\"", \""max_iter\"": 200}}, \""datepart_method\"": \""common_fourier\"", \""polynomial_degree\"": null, \""transform_dict\"": null, \""holiday_countries_used\"": false, \""lags\"": null, \""forward_lags\"": 2}, \""2\"": {}, \""3\"": {}, \""4\"": {}}}""}}, ""point_method"": ""kalman"", ""model_weights"": {}}","{""fillna"": ""ffill"", ""transformations"": {""0"": ""AlignLastValue"", ""1"": ""SeasonalDifference"", ""2"": ""AlignLastValue""}, ""transformation_params"": {""0"": {""rows"": 1, ""lag"": 1, ""method"": ""additive"", ""strength"": 0.7, ""first_value_only"": false, ""threshold"": 1, ""threshold_method"": ""max""}, ""1"": {""lag_1"": 7, ""method"": 20}, ""2"": {""rows"": 1, ""lag"": 28, ""method"": ""multiplicative"", ""strength"": 1.0, ""first_value_only"": false, ""threshold"": null, ""threshold_method"": ""mean""}}}",1,2,19.26331420876339,1.298186842068774,1.4726556521180765,0.5910982370306137,1.298186842068774,0.0,-121.53783587118633,1.0677188305833174,112.13579570119299,1.014322948805959,1.266316548569443,0.0,0.55,3.567032281307508,0.3055555555555556,1.870257618400459,1.086216591211876,4.815760632712358,2.557937387292486,0.32847919091796773,112.0313937465884,55.46728522815536,17.050370539176942,0.18550686210758288,19.26331420876339,1.298186842068774,1.4726556521180765,0.5910982370306137,1.298186842068774,0.0,1.0677188305833174,1.014322948805959,1.266316548569443,3.567032281307508,0.3055555555555556,1.870257618400459,1.086216591211876,4.815760632712358,2.557937387292486,0.32847919091796773,112.0313937465884,55.46728522815536,17.050370539176942,0.18550686210758288,0.0,0.55,14.0683,41.92345660977509,20.13113765787459,Wh,20.13113765787459,Wh
101,85f0617cb06a41a0824b08f2124d9f93,Ensemble,"{""model_name"": ""BestN"", ""model_count"": 5, ""model_metric"": ""mixed_metric"", ""models"": {""9401cafd8f6b338a48dd5f0e109ef608"": {""Model"": ""ARIMA"", ""ModelParameters"": ""{\""p\"": 4, \""d\"": 1, \""q\"": 1, \""regression_type\"": null}"", ""TransformationParameters"": ""{\""fillna\"": \""ffill\"", \""transformations\"": {\""0\"": \""Scaler\"", \""1\"": \""Detrend\"", \""2\"": \""DatepartRegression\""}, \""transformation_params\"": {\""0\"": {}, \""1\"": {\""model\"": \""Linear\"", \""phi\"": 1, \""window\"": 30, \""transform_dict\"": null}, \""2\"": {\""regression_model\"": {\""model\"": \""ElasticNet\"", \""model_params\"": {\""l1_ratio\"": 0.5, \""fit_intercept\"": true, \""selection\"": \""cyclic\"", \""max_iter\"": 1000}}, \""datepart_method\"": \""common_fourier\"", \""polynomial_degree\"": null, \""transform_dict\"": null, \""holiday_countries_used\"": false, \""lags\"": null, \""forward_lags\"": null}}}""}, ""a8ad161bc7623e4bb730ce0012481031"": {""Model"": ""RollingRegression"", ""ModelParameters"": ""{\""regression_model\"": {\""model\"": \""RANSAC\"", \""model_params\"": {}}, \""holiday\"": true, \""mean_rolling_periods\"": 12, \""macd_periods\"": 24, \""std_rolling_periods\"": 10, \""max_rolling_periods\"": null, \""min_rolling_periods\"": 4, \""ewm_var_alpha\"": null, \""quantile90_rolling_periods\"": null, \""quantile10_rolling_periods\"": null, \""ewm_alpha\"": 0.8, \""additional_lag_periods\"": 2, \""abs_energy\"": false, \""rolling_autocorr_periods\"": null, \""nonzero_last_n\"": null, \""add_date_part\"": null, \""polynomial_degree\"": null, \""x_transform\"": null, \""regression_type\"": null}"", ""TransformationParameters"": ""{\""fillna\"": \""ffill\"", \""transformations\"": {\""0\"": \""Detrend\"", \""1\"": \""DatepartRegression\"", \""2\"": \""Scaler\"", \""3\"": \""Scaler\"", \""4\"": \""MinMaxScaler\""}, \""transformation_params\"": {\""0\"": {\""model\"": \""Linear\"", \""phi\"": 1, \""window\"": null, \""transform_dict\"": null}, \""1\"": {\""regression_model\"": {\""model\"": \""ElasticNet\"", \""model_params\"": {\""l1_ratio\"": 0.9, \""fit_intercept\"": true, \""selection\"": \""cyclic\"", \""max_iter\"": 200}}, \""datepart_method\"": \""common_fourier\"", \""polynomial_degree\"": null, \""transform_dict\"": null, \""holiday_countries_used\"": false, \""lags\"": null, \""forward_lags\"": 2}, \""2\"": {}, \""3\"": {}, \""4\"": {}}}""}}, ""point_method"": ""median"", ""model_weights"": {}}","{""fillna"": ""ffill"", ""transformations"": {""0"": ""AlignLastValue"", ""1"": ""SeasonalDifference"", ""2"": ""AlignLastValue""}, ""transformation_params"": {""0"": {""rows"": 1, ""lag"": 1, ""method"": ""additive"", ""strength"": 0.7, ""first_value_only"": false, ""threshold"": 1, ""threshold_method"": ""max""}, ""1"": {""lag_1"": 7, ""method"": 20}, ""2"": {""rows"": 1, ""lag"": 28, ""method"": ""multiplicative"", ""strength"": 1.0, ""first_value_only"": false, ""threshold"": null, ""threshold_method"": ""mean""}}}",1,2,18.8843781245509,1.274326894900375,1.4503205670669992,0.5909377752174159,1.274326894900375,0.0,-117.48240896981308,1.0451018751385814,111.89643211225443,1.002472634330758,1.2549271298411495,0.011111111111111112,0.5555555555555556,3.506390023706998,0.42777777777777776,1.799556919841724,1.0623494062903562,4.7070961024855045,2.4834186526680657,0.3285100649833994,109.51473527150793,54.591112871480405,17.029599078086264,0.18160964442264377,18.8843781245509,1.274326894900375,1.4503205670669992,0.5909377752174159,1.274326894900375,0.0,1.0451018751385814,1.002472634330758,1.2549271298411495,3.506390023706998,0.42777777777777776,1.799556919841724,1.0623494062903562,4.7070961024855045,2.4834186526680657,0.3285100649833994,109.51473527150793,54.591112871480405,17.029599078086264,0.18160964442264377,0.011111111111111112,0.5555555555555556,14.9424,41.297178797341104,19.53710530176497,Wh,19.53710530176497,Wh
102,11b55a8ddba79e1f79de1a949d1443a3,Ensemble,"{""model_name"": ""BestN"", ""model_count"": 3, ""model_metric"": ""bestn_horizontal"", ""models"": {""a8ddd1ef89834c17140b9aab182e2ad4"": {""Model"": ""RollingRegression"", ""ModelParameters"": ""{\""regression_model\"": {\""model\"": \""ExtraTrees\"", \""model_params\"": {\""n_estimators\"": 100, \""min_samples_leaf\"": 1, \""min_samples_split\"": 2, \""max_depth\"": null, \""criterion\"": \""squared_error\"", \""max_features\"": 1}}, \""holiday\"": true, \""mean_rolling_periods\"": 7, \""macd_periods\"": 46, \""std_rolling_periods\"": 7, \""max_rolling_periods\"": 12, \""min_rolling_periods\"": 2, \""ewm_var_alpha\"": null, \""quantile90_rolling_periods\"": null, \""quantile10_rolling_periods\"": null, \""ewm_alpha\"": null, \""additional_lag_periods\"": 90, \""abs_energy\"": false, \""rolling_autocorr_periods\"": null, \""nonzero_last_n\"": null, \""add_date_part\"": \""simple_2\"", \""polynomial_degree\"": null, \""x_transform\"": null, \""regression_type\"": null}"", ""TransformationParameters"": ""{\""fillna\"": \""ffill\"", \""transformations\"": {\""0\"": \""Scaler\"", \""1\"": \""Detrend\"", \""2\"": \""DatepartRegression\""}, \""transformation_params\"": {\""0\"": {}, \""1\"": {\""model\"": \""Linear\"", \""phi\"": 1, \""window\"": 30, \""transform_dict\"": null}, \""2\"": {\""regression_model\"": {\""model\"": \""ElasticNet\"", \""model_params\"": {\""l1_ratio\"": 0.5, \""fit_intercept\"": true, \""selection\"": \""cyclic\"", \""max_iter\"": 1000}}, \""datepart_method\"": \""common_fourier\"", \""polynomial_degree\"": null, \""transform_dict\"": null, \""holiday_countries_used\"": false, \""lags\"": null, \""forward_lags\"": null}}}""}, ""a6a1477ee2b31d009999314fa5df12a0"": {""Model"": ""ARIMA"", ""ModelParameters"": ""{\""p\"": 4, \""d\"": 0, \""q\"": 0, \""regression_type\"": \""Holiday\""}"", ""TransformationParameters"": ""{\""fillna\"": \""ffill\"", \""transformations\"": {\""0\"": \""Scaler\"", \""1\"": \""Detrend\"", \""2\"": \""DatepartRegression\""}, \""transformation_params\"": {\""0\"": {}, \""1\"": {\""model\"": \""Linear\"", \""phi\"": 1, \""window\"": 30, \""transform_dict\"": null}, \""2\"": {\""regression_model\"": {\""model\"": \""ElasticNet\"", \""model_params\"": {\""l1_ratio\"": 0.5, \""fit_intercept\"": true, \""selection\"": \""cyclic\"", \""max_iter\"": 1000}}, \""datepart_method\"": \""common_fourier\"", \""polynomial_degree\"": null, \""transform_dict\"": null, \""holiday_countries_used\"": false, \""lags\"": null, \""forward_lags\"": null}}}""}}, ""model_weights"": {""92d666001d3288989025051fecaf3542"": 3.0, ""a8ddd1ef89834c17140b9aab182e2ad4"": 2.0, ""a6a1477ee2b31d009999314fa5df12a0"": 1.0}, ""point_method"": ""mean""}","{""fillna"": ""ffill"", ""transformations"": {""0"": ""AlignLastValue"", ""1"": ""SeasonalDifference"", ""2"": ""AlignLastValue""}, ""transformation_params"": {""0"": {""rows"": 1, ""lag"": 1, ""method"": ""additive"", ""strength"": 0.7, ""first_value_only"": false, ""threshold"": 1, ""threshold_method"": ""max""}, ""1"": {""lag_1"": 7, ""method"": 20}, ""2"": {""rows"": 1, ""lag"": 28, ""method"": ""multiplicative"", ""strength"": 1.0, ""first_value_only"": false, ""threshold"": null, ""threshold_method"": ""mean""}}}",1,2,18.890596661057145,1.2759322479287785,1.4506768126197673,0.5889769093928556,1.2759322479287785,0.0,-116.46334093956561,1.0430549747637579,113.20446368761452,1.0075090684152297,1.2448505997411163,0.011111111111111112,0.55,3.4733962786666472,0.4388888888888889,1.7922345518812004,1.0641635697464698,4.711305966713776,2.473995740379122,0.32393344588293954,109.53608979860692,54.77022582235208,17.280114416502215,0.1818194254790394,18.890596661057145,1.2759322479287785,1.4506768126197673,0.5889769093928556,1.2759322479287785,0.0,1.0430549747637579,1.0075090684152297,1.2448505997411163,3.4733962786666472,0.4388888888888889,1.7922345518812004,1.0641635697464698,4.711305966713776,2.473995740379122,0.32393344588293954,109.53608979860692,54.77022582235208,17.280114416502215,0.1818194254790394,0.011111111111111112,0.55,13.691849999999999,41.19066146062963,19.403635692182615,Wh,19.403635692182615,Wh
103,6d02c79c122d9dd08b2b032b02b7f08c,Ensemble,"{""model_name"": ""BestN"", ""model_count"": 5, ""model_metric"": ""mixed_metric"", ""models"": {""860cd5b05944ecb82d3157f8432afabb"": {""Model"": ""WindowRegression"", ""ModelParameters"": ""{\""window_size\"": 10, \""input_dim\"": \""univariate\"", \""output_dim\"": \""1step\"", \""normalize_window\"": false, \""max_windows\"": 5000000, \""fourier_encoding_components\"": null, \""scale\"": true, \""datepart_method\"": null, \""regression_type\"": null, \""regression_model\"": {\""model\"": \""SVM\"", \""model_params\"": {\""C\"": 0.1, \""tol\"": 0.001, \""epsilon\"": 0.0, \""loss\"": \""squared_epsilon_insensitive\"", \""max_iter\"": 50}}}"", ""TransformationParameters"": ""{\""fillna\"": \""pchip\"", \""transformations\"": {\""0\"": \""Scaler\""}, \""transformation_params\"": {\""0\"": {}}}""}, ""c0b1c7a0ef49e381d5aea93045d68ec6"": {""Model"": ""WindowRegression"", ""ModelParameters"": ""{\""window_size\"": 10, \""input_dim\"": \""univariate\"", \""output_dim\"": \""1step\"", \""normalize_window\"": false, \""max_windows\"": 5000000, \""fourier_encoding_components\"": null, \""scale\"": true, \""datepart_method\"": null, \""regression_type\"": null, \""regression_model\"": {\""model\"": \""SVM\"", \""model_params\"": {\""C\"": 0.1, \""tol\"": 0.001, \""epsilon\"": 0.0, \""loss\"": \""squared_epsilon_insensitive\"", \""max_iter\"": 50}}}"", ""TransformationParameters"": ""{\""fillna\"": \""ffill\"", \""transformations\"": {\""0\"": \""DatepartRegression\"", \""1\"": \""DatepartRegression\"", \""2\"": \""MinMaxScaler\"", \""3\"": \""Scaler\""}, \""transformation_params\"": {\""0\"": {\""regression_model\"": {\""model\"": \""ElasticNet\"", \""model_params\"": {\""l1_ratio\"": 0.5, \""fit_intercept\"": true, \""selection\"": \""cyclic\"", \""max_iter\"": 1000}}, \""datepart_method\"": \""anchored_segment_fourier:us_school\"", \""polynomial_degree\"": null, \""transform_dict\"": null, \""holiday_countries_used\"": false, \""lags\"": null, \""forward_lags\"": null}, \""1\"": {\""regression_model\"": {\""model\"": \""ElasticNet\"", \""model_params\"": {\""l1_ratio\"": 0.9, \""fit_intercept\"": true, \""selection\"": \""cyclic\"", \""max_iter\"": 200}}, \""datepart_method\"": \""common_fourier\"", \""polynomial_degree\"": null, \""transform_dict\"": null, \""holiday_countries_used\"": false, \""lags\"": null, \""forward_lags\"": 2}, \""2\"": {}, \""3\"": {}}}""}, ""b56ba147e1633d9995afee23f1bd58c7"": {""Model"": ""WindowRegression"", ""ModelParameters"": ""{\""window_size\"": 20, \""input_dim\"": \""univariate\"", \""output_dim\"": \""1step\"", \""normalize_window\"": false, \""max_windows\"": 5000000, \""fourier_encoding_components\"": null, \""scale\"": false, \""datepart_method\"": null, \""regression_type\"": null, \""regression_model\"": {\""model\"": \""xgboost\"", \""model_params\"": {\""booster\"": \""gbtree\"", \""objective\"": \""reg:squarederror\"", \""max_depth\"": 6, \""eta\"": 0.003, \""min_child_weight\"": 0.5, \""subsample\"": 1, \""colsample_bylevel\"": 0.9, \""reg_alpha\"": 0, \""reg_lambda\"": 1, \""n_estimators\"": 7, \""multi_strategy\"": \""multi_output_tree\"", \""tree_method\"": \""hist\""}}}"", ""TransformationParameters"": ""{\""fillna\"": \""ffill\"", \""transformations\"": {\""0\"": \""Scaler\"", \""1\"": \""Detrend\"", \""2\"": \""MinMaxScaler\""}, \""transformation_params\"": {\""0\"": {}, \""1\"": {\""model\"": \""Linear\"", \""phi\"": 1, \""window\"": 30, \""transform_dict\"": null}, \""2\"": {}}}""}, ""7d046fbef1e1594270dc26a3315f53d9"": {""Model"": ""WindowRegression"", ""ModelParameters"": ""{\""window_size\"": 10, \""input_dim\"": \""univariate\"", \""output_dim\"": \""1step\"", \""normalize_window\"": false, \""max_windows\"": 5000000, \""fourier_encoding_components\"": null, \""scale\"": true, \""datepart_method\"": null, \""regression_type\"": null, \""regression_model\"": {\""model\"": \""SVM\"", \""model_params\"": {\""C\"": 0.1, \""tol\"": 0.001, \""epsilon\"": 0.0, \""loss\"": \""squared_epsilon_insensitive\"", \""max_iter\"": 50}}}"", ""TransformationParameters"": ""{\""fillna\"": \""ffill\"", \""transformations\"": {\""0\"": \""Scaler\"", \""1\"": \""Detrend\""}, \""transformation_params\"": {\""0\"": {}, \""1\"": {\""model\"": \""Linear\"", \""phi\"": 1, \""window\"": 30, \""transform_dict\"": null}}}""}, ""e9ab0dee8ad32b476a4ab9bc6aed1fef"": {""Model"": ""RollingRegression"", ""ModelParameters"": ""{\""regression_model\"": {\""model\"": \""RANSAC\"", \""model_params\"": {}}, \""holiday\"": true, \""mean_rolling_periods\"": 12, \""macd_periods\"": 24, \""std_rolling_periods\"": 30, \""max_rolling_periods\"": 12, \""min_rolling_periods\"": null, \""ewm_var_alpha\"": null, \""quantile90_rolling_periods\"": null, \""quantile10_rolling_periods\"": null, \""ewm_alpha\"": 0.8, \""additional_lag_periods\"": 6, \""abs_energy\"": false, \""rolling_autocorr_periods\"": null, \""nonzero_last_n\"": null, \""add_date_part\"": null, \""polynomial_degree\"": null, \""x_transform\"": null, \""regression_type\"": null}"", ""TransformationParameters"": ""{\""fillna\"": \""ffill\"", \""transformations\"": {\""0\"": \""Scaler\"", \""1\"": \""Detrend\"", \""2\"": \""DatepartRegression\""}, \""transformation_params\"": {\""0\"": {}, \""1\"": {\""model\"": \""Linear\"", \""phi\"": 1, \""window\"": 30, \""transform_dict\"": null}, \""2\"": {\""regression_model\"": {\""model\"": \""ElasticNet\"", \""model_params\"": {\""l1_ratio\"": 0.5, \""fit_intercept\"": true, \""selection\"": \""cyclic\"", \""max_iter\"": 1000}}, \""datepart_method\"": \""common_fourier\"", \""polynomial_degree\"": null, \""transform_dict\"": null, \""holiday_countries_used\"": false, \""lags\"": null, \""forward_lags\"": null}}}""}}, ""point_method"": ""kalman"", ""model_weights"": {}}","{""fillna"": ""ffill"", ""transformations"": {""0"": ""AlignLastValue"", ""1"": ""SeasonalDifference"", ""2"": ""AlignLastValue""}, ""transformation_params"": {""0"": {""rows"": 1, ""lag"": 1, ""method"": ""additive"", ""strength"": 0.7, ""first_value_only"": false, ""threshold"": 1, ""threshold_method"": ""max""}, ""1"": {""lag_1"": 7, ""method"": 20}, ""2"": {""rows"": 1, ""lag"": 28, ""method"": ""multiplicative"", ""strength"": 1.0, ""first_value_only"": false, ""threshold"": null, ""threshold_method"": ""mean""}}}",1,1,17.833652363915,1.1726324311192824,1.309328594500185,0.5786757718211873,1.1726324311192824,0.0,-0.22540445581358526,0.7422425949342045,105.31151434492182,1.1724773301039237,1.38838240378302,0.0,0.5333333333333333,2.966716814833852,0.2777777777777778,1.9630241989715889,0.9783027857658547,4.766337512499872,2.7920782251000573,0.23821232371769663,105.08610988910823,59.97172273283036,14.513280959010418,0.19040778818669438,17.833652363915,1.1726324311192824,1.309328594500185,0.5786757718211873,1.1726324311192824,0.0,0.7422425949342045,1.1724773301039237,1.38838240378302,2.966716814833852,0.2777777777777778,1.9630241989715889,0.9783027857658547,4.766337512499872,2.7920782251000573,0.23821232371769663,105.08610988910823,59.97172273283036,14.513280959010418,0.19040778818669438,0.0,0.5333333333333333,7.6516,41.107202497010334,16.86762868157142,Wh,16.86762868157142,Wh
104,1244d519c46c4d39a85607def4c2df92,Ensemble,"{""model_name"": ""BestN"", ""model_count"": 3, ""model_metric"": ""horizontal"", ""models"": {""a6a1477ee2b31d009999314fa5df12a0"": {""Model"": ""ARIMA"", ""ModelParameters"": ""{\""p\"": 4, \""d\"": 0, \""q\"": 0, \""regression_type\"": \""Holiday\""}"", ""TransformationParameters"": ""{\""fillna\"": \""ffill\"", \""transformations\"": {\""0\"": \""Scaler\"", \""1\"": \""Detrend\"", \""2\"": \""DatepartRegression\""}, \""transformation_params\"": {\""0\"": {}, \""1\"": {\""model\"": \""Linear\"", \""phi\"": 1, \""window\"": 30, \""transform_dict\"": null}, \""2\"": {\""regression_model\"": {\""model\"": \""ElasticNet\"", \""model_params\"": {\""l1_ratio\"": 0.5, \""fit_intercept\"": true, \""selection\"": \""cyclic\"", \""max_iter\"": 1000}}, \""datepart_method\"": \""common_fourier\"", \""polynomial_degree\"": null, \""transform_dict\"": null, \""holiday_countries_used\"": false, \""lags\"": null, \""forward_lags\"": null}}}""}, ""a8ddd1ef89834c17140b9aab182e2ad4"": {""Model"": ""RollingRegression"", ""ModelParameters"": ""{\""regression_model\"": {\""model\"": \""ExtraTrees\"", \""model_params\"": {\""n_estimators\"": 100, \""min_samples_leaf\"": 1, \""min_samples_split\"": 2, \""max_depth\"": null, \""criterion\"": \""squared_error\"", \""max_features\"": 1}}, \""holiday\"": true, \""mean_rolling_periods\"": 7, \""macd_periods\"": 46, \""std_rolling_periods\"": 7, \""max_rolling_periods\"": 12, \""min_rolling_periods\"": 2, \""ewm_var_alpha\"": null, \""quantile90_rolling_periods\"": null, \""quantile10_rolling_periods\"": null, \""ewm_alpha\"": null, \""additional_lag_periods\"": 90, \""abs_energy\"": false, \""rolling_autocorr_periods\"": null, \""nonzero_last_n\"": null, \""add_date_part\"": \""simple_2\"", \""polynomial_degree\"": null, \""x_transform\"": null, \""regression_type\"": null}"", ""TransformationParameters"": ""{\""fillna\"": \""ffill\"", \""transformations\"": {\""0\"": \""Scaler\"", \""1\"": \""Detrend\"", \""2\"": \""DatepartRegression\""}, \""transformation_params\"": {\""0\"": {}, \""1\"": {\""model\"": \""Linear\"", \""phi\"": 1, \""window\"": 30, \""transform_dict\"": null}, \""2\"": {\""regression_model\"": {\""model\"": \""ElasticNet\"", \""model_params\"": {\""l1_ratio\"": 0.5, \""fit_intercept\"": true, \""selection\"": \""cyclic\"", \""max_iter\"": 1000}}, \""datepart_method\"": \""common_fourier\"", \""polynomial_degree\"": null, \""transform_dict\"": null, \""holiday_countries_used\"": false, \""lags\"": null, \""forward_lags\"": null}}}""}}, ""model_weights"": {}, ""point_method"": ""mean""}","{""fillna"": ""ffill"", ""transformations"": {""0"": ""AlignLastValue"", ""1"": ""SeasonalDifference"", ""2"": ""AlignLastValue""}, ""transformation_params"": {""0"": {""rows"": 1, ""lag"": 1, ""method"": ""additive"", ""strength"": 0.7, ""first_value_only"": false, ""threshold"": 1, ""threshold_method"": ""max""}, ""1"": {""lag_1"": 7, ""method"": 20}, ""2"": {""rows"": 1, ""lag"": 28, ""method"": ""multiplicative"", ""strength"": 1.0, ""first_value_only"": false, ""threshold"": null, ""threshold_method"": ""mean""}}}",1,2,18.811616199808405,1.2713879766011584,1.4466273529888003,0.5898854030485389,1.2713879766011584,0.0,-115.11218037880832,1.037061727335353,113.7376554094002,1.0068909928982177,1.237571514615764,0.011111111111111112,0.5444444444444444,3.4720213100159487,0.4388888888888889,1.7914250586769205,1.0594374758924814,4.694963125132554,2.469430820604103,0.32449084148669755,109.00552955048693,54.5885913775156,17.24139814099602,0.18107869168932417,18.811616199808405,1.2713879766011584,1.4466273529888003,0.5898854030485389,1.2713879766011584,0.0,1.037061727335353,1.0068909928982177,1.237571514615764,3.4720213100159487,0.4388888888888889,1.7914250586769205,1.0594374758924814,4.694963125132554,2.469430820604103,0.32449084148669755,109.00552955048693,54.5885913775156,17.24139814099602,0.18107869168932417,0.011111111111111112,0.5444444444444444,14.07245,41.00590413176825,19.20700615397787,Wh,19.20700615397787,Wh
105,71da86427670eac33e074c17e84faafe,Ensemble,"{""model_name"": ""BestN"", ""model_count"": 3, ""model_metric"": ""best_score_unique"", ""models"": {""a8ddd1ef89834c17140b9aab182e2ad4"": {""Model"": ""RollingRegression"", ""ModelParameters"": ""{\""regression_model\"": {\""model\"": \""ExtraTrees\"", \""model_params\"": {\""n_estimators\"": 100, \""min_samples_leaf\"": 1, \""min_samples_split\"": 2, \""max_depth\"": null, \""criterion\"": \""squared_error\"", \""max_features\"": 1}}, \""holiday\"": true, \""mean_rolling_periods\"": 7, \""macd_periods\"": 46, \""std_rolling_periods\"": 7, \""max_rolling_periods\"": 12, \""min_rolling_periods\"": 2, \""ewm_var_alpha\"": null, \""quantile90_rolling_periods\"": null, \""quantile10_rolling_periods\"": null, \""ewm_alpha\"": null, \""additional_lag_periods\"": 90, \""abs_energy\"": false, \""rolling_autocorr_periods\"": null, \""nonzero_last_n\"": null, \""add_date_part\"": \""simple_2\"", \""polynomial_degree\"": null, \""x_transform\"": null, \""regression_type\"": null}"", ""TransformationParameters"": ""{\""fillna\"": \""ffill\"", \""transformations\"": {\""0\"": \""Scaler\"", \""1\"": \""Detrend\"", \""2\"": \""DatepartRegression\""}, \""transformation_params\"": {\""0\"": {}, \""1\"": {\""model\"": \""Linear\"", \""phi\"": 1, \""window\"": 30, \""transform_dict\"": null}, \""2\"": {\""regression_model\"": {\""model\"": \""ElasticNet\"", \""model_params\"": {\""l1_ratio\"": 0.5, \""fit_intercept\"": true, \""selection\"": \""cyclic\"", \""max_iter\"": 1000}}, \""datepart_method\"": \""common_fourier\"", \""polynomial_degree\"": null, \""transform_dict\"": null, \""holiday_countries_used\"": false, \""lags\"": null, \""forward_lags\"": null}}}""}, ""a6a1477ee2b31d009999314fa5df12a0"": {""Model"": ""ARIMA"", ""ModelParameters"": ""{\""p\"": 4, \""d\"": 0, \""q\"": 0, \""regression_type\"": \""Holiday\""}"", ""TransformationParameters"": ""{\""fillna\"": \""ffill\"", \""transformations\"": {\""0\"": \""Scaler\"", \""1\"": \""Detrend\"", \""2\"": \""DatepartRegression\""}, \""transformation_params\"": {\""0\"": {}, \""1\"": {\""model\"": \""Linear\"", \""phi\"": 1, \""window\"": 30, \""transform_dict\"": null}, \""2\"": {\""regression_model\"": {\""model\"": \""ElasticNet\"", \""model_params\"": {\""l1_ratio\"": 0.5, \""fit_intercept\"": true, \""selection\"": \""cyclic\"", \""max_iter\"": 1000}}, \""datepart_method\"": \""common_fourier\"", \""polynomial_degree\"": null, \""transform_dict\"": null, \""holiday_countries_used\"": false, \""lags\"": null, \""forward_lags\"": null}}}""}}, ""model_weights"": {}, ""point_method"": ""mean""}","{""fillna"": ""ffill"", ""transformations"": {""0"": ""AlignLastValue"", ""1"": ""SeasonalDifference"", ""2"": ""AlignLastValue""}, ""transformation_params"": {""0"": {""rows"": 1, ""lag"": 1, ""method"": ""additive"", ""strength"": 0.7, ""first_value_only"": false, ""threshold"": 1, ""threshold_method"": ""max""}, ""1"": {""lag_1"": 7, ""method"": 20}, ""2"": {""rows"": 1, ""lag"": 28, ""method"": ""multiplicative"", ""strength"": 1.0, ""first_value_only"": false, ""threshold"": null, ""threshold_method"": ""mean""}}}",1,2,18.811616199808405,1.2713879766011584,1.4466273529888003,0.589885403048539,1.2713879766011584,0.0,-115.11218037880832,1.0370617273353533,113.7376554094002,1.0068909928982177,1.237571514615764,0.011111111111111112,0.5444444444444444,3.4720213100159487,0.4388888888888889,1.7914250586769205,1.0594374758924814,4.694963125132554,2.469430820604103,0.32449084148669755,109.00552955048693,54.5885913775156,17.24139814099602,0.18107869168932417,18.811616199808405,1.2713879766011584,1.4466273529888003,0.589885403048539,1.2713879766011584,0.0,1.0370617273353533,1.0068909928982177,1.237571514615764,3.4720213100159487,0.4388888888888889,1.7914250586769205,1.0594374758924814,4.694963125132554,2.469430820604103,0.32449084148669755,109.00552955048693,54.5885913775156,17.24139814099602,0.18107869168932417,0.011111111111111112,0.5444444444444444,12.860949999999999,41.00568783906624,19.20700615397787,Wh,19.20700615397787,Wh
106,34638ac036cb147e12d6bfe102c2e9b7,Ensemble,"{""model_name"": ""BestN"", ""model_count"": 5, ""model_metric"": ""bestn_horizontal"", ""models"": {""5dff957b601bedf73b6f35d824a711b5"": {""Model"": ""Ensemble"", ""ModelParameters"": ""{\""model_name\"": \""BestN\"", \""model_count\"": 5, \""model_metric\"": \""mixed_metric\"", \""models\"": {\""860cd5b05944ecb82d3157f8432afabb\"": {\""Model\"": \""WindowRegression\"", \""ModelParameters\"": \""{\\\""window_size\\\"": 10, \\\""input_dim\\\"": \\\""univariate\\\"", \\\""output_dim\\\"": \\\""1step\\\"", \\\""normalize_window\\\"": false, \\\""max_windows\\\"": 5000000, \\\""fourier_encoding_components\\\"": null, \\\""scale\\\"": true, \\\""datepart_method\\\"": null, \\\""regression_type\\\"": null, \\\""regression_model\\\"": {\\\""model\\\"": \\\""SVM\\\"", \\\""model_params\\\"": {\\\""C\\\"": 0.1, \\\""tol\\\"": 0.001, \\\""epsilon\\\"": 0.0, \\\""loss\\\"": \\\""squared_epsilon_insensitive\\\"", \\\""max_iter\\\"": 50}}}\"", \""TransformationParameters\"": \""{\\\""fillna\\\"": \\\""pchip\\\"", \\\""transformations\\\"": {\\\""0\\\"": \\\""Scaler\\\""}, \\\""transformation_params\\\"": {\\\""0\\\"": {}}}\""}, \""c0b1c7a0ef49e381d5aea93045d68ec6\"": {\""Model\"": \""WindowRegression\"", \""ModelParameters\"": \""{\\\""window_size\\\"": 10, \\\""input_dim\\\"": \\\""univariate\\\"", \\\""output_dim\\\"": \\\""1step\\\"", \\\""normalize_window\\\"": false, \\\""max_windows\\\"": 5000000, \\\""fourier_encoding_components\\\"": null, \\\""scale\\\"": true, \\\""datepart_method\\\"": null, \\\""regression_type\\\"": null, \\\""regression_model\\\"": {\\\""model\\\"": \\\""SVM\\\"", \\\""model_params\\\"": {\\\""C\\\"": 0.1, \\\""tol\\\"": 0.001, \\\""epsilon\\\"": 0.0, \\\""loss\\\"": \\\""squared_epsilon_insensitive\\\"", \\\""max_iter\\\"": 50}}}\"", \""TransformationParameters\"": \""{\\\""fillna\\\"": \\\""ffill\\\"", \\\""transformations\\\"": {\\\""0\\\"": \\\""DatepartRegression\\\"", \\\""1\\\"": \\\""DatepartRegression\\\"", \\\""2\\\"": \\\""MinMaxScaler\\\"", \\\""3\\\"": \\\""Scaler\\\""}, \\\""transformation_params\\\"": {\\\""0\\\"": {\\\""regression_model\\\"": {\\\""model\\\"": \\\""ElasticNet\\\"", \\\""model_params\\\"": {\\\""l1_ratio\\\"": 0.5, \\\""fit_intercept\\\"": true, \\\""selection\\\"": \\\""cyclic\\\"", \\\""max_iter\\\"": 1000}}, \\\""datepart_method\\\"": \\\""anchored_segment_fourier:us_school\\\"", \\\""polynomial_degree\\\"": null, \\\""transform_dict\\\"": null, \\\""holiday_countries_used\\\"": false, \\\""lags\\\"": null, \\\""forward_lags\\\"": null}, \\\""1\\\"": {\\\""regression_model\\\"": {\\\""model\\\"": \\\""ElasticNet\\\"", \\\""model_params\\\"": {\\\""l1_ratio\\\"": 0.9, \\\""fit_intercept\\\"": true, \\\""selection\\\"": \\\""cyclic\\\"", \\\""max_iter\\\"": 200}}, \\\""datepart_method\\\"": \\\""common_fourier\\\"", \\\""polynomial_degree\\\"": null, \\\""transform_dict\\\"": null, \\\""holiday_countries_used\\\"": false, \\\""lags\\\"": null, \\\""forward_lags\\\"": 2}, \\\""2\\\"": {}, \\\""3\\\"": {}}}\""}, \""b56ba147e1633d9995afee23f1bd58c7\"": {\""Model\"": \""WindowRegression\"", \""ModelParameters\"": \""{\\\""window_size\\\"": 20, \\\""input_dim\\\"": \\\""univariate\\\"", \\\""output_dim\\\"": \\\""1step\\\"", \\\""normalize_window\\\"": false, \\\""max_windows\\\"": 5000000, \\\""fourier_encoding_components\\\"": null, \\\""scale\\\"": false, \\\""datepart_method\\\"": null, \\\""regression_type\\\"": null, \\\""regression_model\\\"": {\\\""model\\\"": \\\""xgboost\\\"", \\\""model_params\\\"": {\\\""booster\\\"": \\\""gbtree\\\"", \\\""objective\\\"": \\\""reg:squarederror\\\"", \\\""max_depth\\\"": 6, \\\""eta\\\"": 0.003, \\\""min_child_weight\\\"": 0.5, \\\""subsample\\\"": 1, \\\""colsample_bylevel\\\"": 0.9, \\\""reg_alpha\\\"": 0, \\\""reg_lambda\\\"": 1, \\\""n_estimators\\\"": 7, \\\""multi_strategy\\\"": \\\""multi_output_tree\\\"", \\\""tree_method\\\"": \\\""hist\\\""}}}\"", \""TransformationParameters\"": \""{\\\""fillna\\\"": \\\""ffill\\\"", \\\""transformations\\\"": {\\\""0\\\"": \\\""Scaler\\\"", \\\""1\\\"": \\\""Detrend\\\"", \\\""2\\\"": \\\""MinMaxScaler\\\""}, \\\""transformation_params\\\"": {\\\""0\\\"": {}, \\\""1\\\"": {\\\""model\\\"": \\\""Linear\\\"", \\\""phi\\\"": 1, \\\""window\\\"": 30, \\\""transform_dict\\\"": null}, \\\""2\\\"": {}}}\""}, \""7d046fbef1e1594270dc26a3315f53d9\"": {\""Model\"": \""WindowRegression\"", \""ModelParameters\"": \""{\\\""window_size\\\"": 10, \\\""input_dim\\\"": \\\""univariate\\\"", \\\""output_dim\\\"": \\\""1step\\\"", \\\""normalize_window\\\"": false, \\\""max_windows\\\"": 5000000, \\\""fourier_encoding_components\\\"": null, \\\""scale\\\"": true, \\\""datepart_method\\\"": null, \\\""regression_type\\\"": null, \\\""regression_model\\\"": {\\\""model\\\"": \\\""SVM\\\"", \\\""model_params\\\"": {\\\""C\\\"": 0.1, \\\""tol\\\"": 0.001, \\\""epsilon\\\"": 0.0, \\\""loss\\\"": \\\""squared_epsilon_insensitive\\\"", \\\""max_iter\\\"": 50}}}\"", \""TransformationParameters\"": \""{\\\""fillna\\\"": \\\""ffill\\\"", \\\""transformations\\\"": {\\\""0\\\"": \\\""Scaler\\\"", \\\""1\\\"": \\\""Detrend\\\""}, \\\""transformation_params\\\"": {\\\""0\\\"": {}, \\\""1\\\"": {\\\""model\\\"": \\\""Linear\\\"", \\\""phi\\\"": 1, \\\""window\\\"": 30, \\\""transform_dict\\\"": null}}}\""}, \""e9ab0dee8ad32b476a4ab9bc6aed1fef\"": {\""Model\"": \""RollingRegression\"", \""ModelParameters\"": \""{\\\""regression_model\\\"": {\\\""model\\\"": \\\""RANSAC\\\"", \\\""model_params\\\"": {}}, \\\""holiday\\\"": true, \\\""mean_rolling_periods\\\"": 12, \\\""macd_periods\\\"": 24, \\\""std_rolling_periods\\\"": 30, \\\""max_rolling_periods\\\"": 12, \\\""min_rolling_periods\\\"": null, \\\""ewm_var_alpha\\\"": null, \\\""quantile90_rolling_periods\\\"": null, \\\""quantile10_rolling_periods\\\"": null, \\\""ewm_alpha\\\"": 0.8, \\\""additional_lag_periods\\\"": 6, \\\""abs_energy\\\"": false, \\\""rolling_autocorr_periods\\\"": null, \\\""nonzero_last_n\\\"": null, \\\""add_date_part\\\"": null, \\\""polynomial_degree\\\"": null, \\\""x_transform\\\"": null, \\\""regression_type\\\"": null}\"", \""TransformationParameters\"": \""{\\\""fillna\\\"": \\\""ffill\\\"", \\\""transformations\\\"": {\\\""0\\\"": \\\""Scaler\\\"", \\\""1\\\"": \\\""Detrend\\\"", \\\""2\\\"": \\\""DatepartRegression\\\""}, \\\""transformation_params\\\"": {\\\""0\\\"": {}, \\\""1\\\"": {\\\""model\\\"": \\\""Linear\\\"", \\\""phi\\\"": 1, \\\""window\\\"": 30, \\\""transform_dict\\\"": null}, \\\""2\\\"": {\\\""regression_model\\\"": {\\\""model\\\"": \\\""ElasticNet\\\"", \\\""model_params\\\"": {\\\""l1_ratio\\\"": 0.5, \\\""fit_intercept\\\"": true, \\\""selection\\\"": \\\""cyclic\\\"", \\\""max_iter\\\"": 1000}}, \\\""datepart_method\\\"": \\\""common_fourier\\\"", \\\""polynomial_degree\\\"": null, \\\""transform_dict\\\"": null, \\\""holiday_countries_used\\\"": false, \\\""lags\\\"": null, \\\""forward_lags\\\"": null}}}\""}}, \""point_method\"": \""median\"", \""model_weights\"": {}}"", ""TransformationParameters"": ""{}""}}, ""point_method"": ""median"", ""model_weights"": {}}","{""fillna"": ""median"", ""transformations"": {""0"": ""DiffSmoother"", ""1"": ""AlignLastValue"", ""2"": ""HistoricValues""}, ""transformation_params"": {""0"": {""method"": ""med_diff"", ""method_params"": {""distribution"": ""norm"", ""alpha"": 0.05}, ""transform_dict"": null, ""reverse_alignment"": false, ""isolated_only"": false, ""fillna"": ""linear""}, ""1"": {""rows"": 1, ""lag"": 1, ""method"": ""additive"", ""strength"": 1.0, ""first_value_only"": false, ""threshold"": null, ""threshold_method"": ""mean""}, ""2"": {""window"": 10}}}",1,2,17.742888873973747,1.2403373890452913,1.4217254740165197,0.5770261968201523,1.2403373890452913,0.0,-9.870274543762207,0.7658975563655669,213.39045548439026,1.2254144315881321,1.2720208041370347,0.0,0.5222222222222221,4.142920255661011,0.4777777777777778,1.8779767531807035,1.0298151342492354,5.092363777610458,3.6169206465028654,0.013626184821989431,101.76009047031403,48.80514378963465,25.634551816277344,0.17500309005394324,17.742888873973747,1.2403373890452913,1.4217254740165197,0.5770261968201523,1.2403373890452913,0.0,0.7658975563655669,1.2254144315881321,1.2720208041370347,4.142920255661011,0.4777777777777778,1.8779767531807035,1.0298151342492354,5.092363777610458,3.6169206465028654,0.013626184821989431,101.76009047031403,48.80514378963465,25.634551816277344,0.17500309005394324,0.0,0.5222222222222221,31.945249999999998,40.34920100021324,22.52130919121072,Wh,22.52130919121072,Wh
107,6450281a9556ee071450f1a051ed8667,Ensemble,"{""model_name"": ""BestN"", ""model_count"": 3, ""model_metric"": ""best_score"", ""models"": {}, ""model_weights"": {}, ""point_method"": ""mean""}","{""fillna"": ""median"", ""transformations"": {""0"": ""DiffSmoother"", ""1"": ""AlignLastValue"", ""2"": ""HistoricValues""}, ""transformation_params"": {""0"": {""method"": ""med_diff"", ""method_params"": {""distribution"": ""norm"", ""alpha"": 0.05}, ""transform_dict"": null, ""reverse_alignment"": false, ""isolated_only"": false, ""fillna"": ""linear""}, ""1"": {""rows"": 1, ""lag"": 1, ""method"": ""additive"", ""strength"": 1.0, ""first_value_only"": false, ""threshold"": null, ""threshold_method"": ""mean""}, ""2"": {""window"": 10}}}",1,2,17.742888873973747,1.2403373890452913,1.4217254740165197,0.5770261968201523,1.2403373890452913,0.0,-9.870274543762207,0.7658975563655669,213.39045548439026,1.2254144315881321,1.2720208041370347,0.0,0.5222222222222221,4.142920255661011,0.4777777777777778,1.8779767531807035,1.0298151342492354,5.092363777610458,3.6169206465028654,0.013626184821989431,101.76009047031403,48.80514378963465,25.634551816277344,0.17500309005394324,17.742888873973747,1.2403373890452913,1.4217254740165197,0.5770261968201523,1.2403373890452913,0.0,0.7658975563655669,1.2254144315881321,1.2720208041370347,4.142920255661011,0.4777777777777778,1.8779767531807035,1.0298151342492354,5.092363777610458,3.6169206465028654,0.013626184821989431,101.76009047031403,48.80514378963465,25.634551816277344,0.17500309005394324,0.0,0.5222222222222221,19.278100000000002,40.34693949620977,22.52130919121072,Wh,22.52130919121072,Wh
108,44447814600fc014f875f15d8edaa178,Ensemble,"{""model_name"": ""BestN"", ""model_count"": 5, ""model_metric"": ""mixed_metric"", ""models"": {""9401cafd8f6b338a48dd5f0e109ef608"": {""Model"": ""ARIMA"", ""ModelParameters"": ""{\""p\"": 4, \""d\"": 1, \""q\"": 1, \""regression_type\"": null}"", ""TransformationParameters"": ""{\""fillna\"": \""ffill\"", \""transformations\"": {\""0\"": \""Scaler\"", \""1\"": \""Detrend\"", \""2\"": \""DatepartRegression\""}, \""transformation_params\"": {\""0\"": {}, \""1\"": {\""model\"": \""Linear\"", \""phi\"": 1, \""window\"": 30, \""transform_dict\"": null}, \""2\"": {\""regression_model\"": {\""model\"": \""ElasticNet\"", \""model_params\"": {\""l1_ratio\"": 0.5, \""fit_intercept\"": true, \""selection\"": \""cyclic\"", \""max_iter\"": 1000}}, \""datepart_method\"": \""common_fourier\"", \""polynomial_degree\"": null, \""transform_dict\"": null, \""holiday_countries_used\"": false, \""lags\"": null, \""forward_lags\"": null}}}""}, ""a8ad161bc7623e4bb730ce0012481031"": {""Model"": ""RollingRegression"", ""ModelParameters"": ""{\""regression_model\"": {\""model\"": \""RANSAC\"", \""model_params\"": {}}, \""holiday\"": true, \""mean_rolling_periods\"": 12, \""macd_periods\"": 24, \""std_rolling_periods\"": 10, \""max_rolling_periods\"": null, \""min_rolling_periods\"": 4, \""ewm_var_alpha\"": null, \""quantile90_rolling_periods\"": null, \""quantile10_rolling_periods\"": null, \""ewm_alpha\"": 0.8, \""additional_lag_periods\"": 2, \""abs_energy\"": false, \""rolling_autocorr_periods\"": null, \""nonzero_last_n\"": null, \""add_date_part\"": null, \""polynomial_degree\"": null, \""x_transform\"": null, \""regression_type\"": null}"", ""TransformationParameters"": ""{\""fillna\"": \""ffill\"", \""transformations\"": {\""0\"": \""Detrend\"", \""1\"": \""DatepartRegression\"", \""2\"": \""Scaler\"", \""3\"": \""Scaler\"", \""4\"": \""MinMaxScaler\""}, \""transformation_params\"": {\""0\"": {\""model\"": \""Linear\"", \""phi\"": 1, \""window\"": null, \""transform_dict\"": null}, \""1\"": {\""regression_model\"": {\""model\"": \""ElasticNet\"", \""model_params\"": {\""l1_ratio\"": 0.9, \""fit_intercept\"": true, \""selection\"": \""cyclic\"", \""max_iter\"": 200}}, \""datepart_method\"": \""common_fourier\"", \""polynomial_degree\"": null, \""transform_dict\"": null, \""holiday_countries_used\"": false, \""lags\"": null, \""forward_lags\"": 2}, \""2\"": {}, \""3\"": {}, \""4\"": {}}}""}}, ""point_method"": ""median"", ""model_weights"": {}}","{""fillna"": ""median"", ""transformations"": {""0"": ""DiffSmoother"", ""1"": ""AlignLastValue"", ""2"": ""HistoricValues""}, ""transformation_params"": {""0"": {""method"": ""med_diff"", ""method_params"": {""distribution"": ""norm"", ""alpha"": 0.05}, ""transform_dict"": null, ""reverse_alignment"": false, ""isolated_only"": false, ""fillna"": ""linear""}, ""1"": {""rows"": 1, ""lag"": 1, ""method"": ""additive"", ""strength"": 1.0, ""first_value_only"": false, ""threshold"": null, ""threshold_method"": ""mean""}, ""2"": {""window"": 10}}}",1,2,17.742888873973747,1.2403373890452913,1.4217254740165197,0.5770261968201523,1.2403373890452913,0.0,-9.870274543762207,0.7658975563655669,213.39045548439026,1.2254144315881321,1.2720208041370347,0.0,0.5222222222222221,4.142920255661011,0.4777777777777778,1.8779767531807035,1.0298151342492354,5.092363777610458,3.6169206465028654,0.013626184821989431,101.76009047031403,48.80514378963465,25.634551816277344,0.17500309005394324,17.742888873973747,1.2403373890452913,1.4217254740165197,0.5770261968201523,1.2403373890452913,0.0,0.7658975563655669,1.2254144315881321,1.2720208041370347,4.142920255661011,0.4777777777777778,1.8779767531807035,1.0298151342492354,5.092363777610458,3.6169206465028654,0.013626184821989431,101.76009047031403,48.80514378963465,25.634551816277344,0.17500309005394324,0.0,0.5222222222222221,14.9606,40.346168680080254,22.52130919121072,Wh,22.52130919121072,Wh
109,573e142fe771d3c94c2ba0a49a7e8709,Ensemble,"{""model_name"": ""BestN"", ""model_count"": 3, ""model_metric"": ""horizontal"", ""models"": {""a6a1477ee2b31d009999314fa5df12a0"": {""Model"": ""ARIMA"", ""ModelParameters"": ""{\""p\"": 4, \""d\"": 0, \""q\"": 0, \""regression_type\"": \""Holiday\""}"", ""TransformationParameters"": ""{\""fillna\"": \""ffill\"", \""transformations\"": {\""0\"": \""Scaler\"", \""1\"": \""Detrend\"", \""2\"": \""DatepartRegression\""}, \""transformation_params\"": {\""0\"": {}, \""1\"": {\""model\"": \""Linear\"", \""phi\"": 1, \""window\"": 30, \""transform_dict\"": null}, \""2\"": {\""regression_model\"": {\""model\"": \""ElasticNet\"", \""model_params\"": {\""l1_ratio\"": 0.5, \""fit_intercept\"": true, \""selection\"": \""cyclic\"", \""max_iter\"": 1000}}, \""datepart_method\"": \""common_fourier\"", \""polynomial_degree\"": null, \""transform_dict\"": null, \""holiday_countries_used\"": false, \""lags\"": null, \""forward_lags\"": null}}}""}, ""a8ddd1ef89834c17140b9aab182e2ad4"": {""Model"": ""RollingRegression"", ""ModelParameters"": ""{\""regression_model\"": {\""model\"": \""ExtraTrees\"", \""model_params\"": {\""n_estimators\"": 100, \""min_samples_leaf\"": 1, \""min_samples_split\"": 2, \""max_depth\"": null, \""criterion\"": \""squared_error\"", \""max_features\"": 1}}, \""holiday\"": true, \""mean_rolling_periods\"": 7, \""macd_periods\"": 46, \""std_rolling_periods\"": 7, \""max_rolling_periods\"": 12, \""min_rolling_periods\"": 2, \""ewm_var_alpha\"": null, \""quantile90_rolling_periods\"": null, \""quantile10_rolling_periods\"": null, \""ewm_alpha\"": null, \""additional_lag_periods\"": 90, \""abs_energy\"": false, \""rolling_autocorr_periods\"": null, \""nonzero_last_n\"": null, \""add_date_part\"": \""simple_2\"", \""polynomial_degree\"": null, \""x_transform\"": null, \""regression_type\"": null}"", ""TransformationParameters"": ""{\""fillna\"": \""ffill\"", \""transformations\"": {\""0\"": \""Scaler\"", \""1\"": \""Detrend\"", \""2\"": \""DatepartRegression\""}, \""transformation_params\"": {\""0\"": {}, \""1\"": {\""model\"": \""Linear\"", \""phi\"": 1, \""window\"": 30, \""transform_dict\"": null}, \""2\"": {\""regression_model\"": {\""model\"": \""ElasticNet\"", \""model_params\"": {\""l1_ratio\"": 0.5, \""fit_intercept\"": true, \""selection\"": \""cyclic\"", \""max_iter\"": 1000}}, \""datepart_method\"": \""common_fourier\"", \""polynomial_degree\"": null, \""transform_dict\"": null, \""holiday_countries_used\"": false, \""lags\"": null, \""forward_lags\"": null}}}""}}, ""model_weights"": {}, ""point_method"": ""mean""}","{""fillna"": ""median"", ""transformations"": {""0"": ""DiffSmoother"", ""1"": ""AlignLastValue"", ""2"": ""HistoricValues""}, ""transformation_params"": {""0"": {""method"": ""med_diff"", ""method_params"": {""distribution"": ""norm"", ""alpha"": 0.05}, ""transform_dict"": null, ""reverse_alignment"": false, ""isolated_only"": false, ""fillna"": ""linear""}, ""1"": {""rows"": 1, ""lag"": 1, ""method"": ""additive"", ""strength"": 1.0, ""first_value_only"": false, ""threshold"": null, ""threshold_method"": ""mean""}, ""2"": {""window"": 10}}}",1,2,17.742888873973747,1.2403373890452913,1.4217254740165197,0.5770261968201523,1.2403373890452913,0.0,-9.870274543762207,0.7658975563655669,213.39045548439026,1.2254144315881321,1.2720208041370347,0.0,0.5222222222222221,4.142920255661011,0.4777777777777778,1.8779767531807035,1.0298151342492354,5.092363777610458,3.6169206465028654,0.013626184821989431,101.76009047031403,48.80514378963465,25.634551816277344,0.17500309005394324,17.742888873973747,1.2403373890452913,1.4217254740165197,0.5770261968201523,1.2403373890452913,0.0,0.7658975563655669,1.2254144315881321,1.2720208041370347,4.142920255661011,0.4777777777777778,1.8779767531807035,1.0298151342492354,5.092363777610458,3.6169206465028654,0.013626184821989431,101.76009047031403,48.80514378963465,25.634551816277344,0.17500309005394324,0.0,0.5222222222222221,14.088049999999999,40.346012901130905,22.52130919121072,Wh,22.52130919121072,Wh
110,400af4342684f2dcc0df72da7f51b4ff,Ensemble,"{""model_name"": ""BestN"", ""model_count"": 5, ""model_metric"": ""mixed_metric"", ""models"": {""9401cafd8f6b338a48dd5f0e109ef608"": {""Model"": ""ARIMA"", ""ModelParameters"": ""{\""p\"": 4, \""d\"": 1, \""q\"": 1, \""regression_type\"": null}"", ""TransformationParameters"": ""{\""fillna\"": \""ffill\"", \""transformations\"": {\""0\"": \""Scaler\"", \""1\"": \""Detrend\"", \""2\"": \""DatepartRegression\""}, \""transformation_params\"": {\""0\"": {}, \""1\"": {\""model\"": \""Linear\"", \""phi\"": 1, \""window\"": 30, \""transform_dict\"": null}, \""2\"": {\""regression_model\"": {\""model\"": \""ElasticNet\"", \""model_params\"": {\""l1_ratio\"": 0.5, \""fit_intercept\"": true, \""selection\"": \""cyclic\"", \""max_iter\"": 1000}}, \""datepart_method\"": \""common_fourier\"", \""polynomial_degree\"": null, \""transform_dict\"": null, \""holiday_countries_used\"": false, \""lags\"": null, \""forward_lags\"": null}}}""}, ""a8ad161bc7623e4bb730ce0012481031"": {""Model"": ""RollingRegression"", ""ModelParameters"": ""{\""regression_model\"": {\""model\"": \""RANSAC\"", \""model_params\"": {}}, \""holiday\"": true, \""mean_rolling_periods\"": 12, \""macd_periods\"": 24, \""std_rolling_periods\"": 10, \""max_rolling_periods\"": null, \""min_rolling_periods\"": 4, \""ewm_var_alpha\"": null, \""quantile90_rolling_periods\"": null, \""quantile10_rolling_periods\"": null, \""ewm_alpha\"": 0.8, \""additional_lag_periods\"": 2, \""abs_energy\"": false, \""rolling_autocorr_periods\"": null, \""nonzero_last_n\"": null, \""add_date_part\"": null, \""polynomial_degree\"": null, \""x_transform\"": null, \""regression_type\"": null}"", ""TransformationParameters"": ""{\""fillna\"": \""ffill\"", \""transformations\"": {\""0\"": \""Detrend\"", \""1\"": \""DatepartRegression\"", \""2\"": \""Scaler\"", \""3\"": \""Scaler\"", \""4\"": \""MinMaxScaler\""}, \""transformation_params\"": {\""0\"": {\""model\"": \""Linear\"", \""phi\"": 1, \""window\"": null, \""transform_dict\"": null}, \""1\"": {\""regression_model\"": {\""model\"": \""ElasticNet\"", \""model_params\"": {\""l1_ratio\"": 0.9, \""fit_intercept\"": true, \""selection\"": \""cyclic\"", \""max_iter\"": 200}}, \""datepart_method\"": \""common_fourier\"", \""polynomial_degree\"": null, \""transform_dict\"": null, \""holiday_countries_used\"": false, \""lags\"": null, \""forward_lags\"": 2}, \""2\"": {}, \""3\"": {}, \""4\"": {}}}""}}, ""point_method"": ""kalman"", ""model_weights"": {}}","{""fillna"": ""median"", ""transformations"": {""0"": ""DiffSmoother"", ""1"": ""AlignLastValue"", ""2"": ""HistoricValues""}, ""transformation_params"": {""0"": {""method"": ""med_diff"", ""method_params"": {""distribution"": ""norm"", ""alpha"": 0.05}, ""transform_dict"": null, ""reverse_alignment"": false, ""isolated_only"": false, ""fillna"": ""linear""}, ""1"": {""rows"": 1, ""lag"": 1, ""method"": ""additive"", ""strength"": 1.0, ""first_value_only"": false, ""threshold"": null, ""threshold_method"": ""mean""}, ""2"": {""window"": 10}}}",1,2,17.742888873973747,1.2403373890452913,1.4217254740165197,0.5770261968201523,1.2403373890452913,0.0,-9.870274543762207,0.7658975563655669,213.39045548439026,1.2254144315881321,1.2720208041370347,0.0,0.5222222222222221,4.142920255661011,0.4777777777777778,1.8779767531807035,1.0298151342492354,5.092363777610458,3.6169206465028654,0.013626184821989431,101.76009047031403,48.80514378963465,25.634551816277344,0.17500309005394324,17.742888873973747,1.2403373890452913,1.4217254740165197,0.5770261968201523,1.2403373890452913,0.0,0.7658975563655669,1.2254144315881321,1.2720208041370347,4.142920255661011,0.4777777777777778,1.8779767531807035,1.0298151342492354,5.092363777610458,3.6169206465028654,0.013626184821989431,101.76009047031403,48.80514378963465,25.634551816277344,0.17500309005394324,0.0,0.5222222222222221,14.0832,40.34601203524597,22.52130919121072,Wh,22.52130919121072,Wh
111,3cb11dfab920336dc605bf1c1f0ebffc,Ensemble,"{""model_name"": ""BestN"", ""model_count"": 3, ""model_metric"": ""bestn_horizontal"", ""models"": {""a8ddd1ef89834c17140b9aab182e2ad4"": {""Model"": ""RollingRegression"", ""ModelParameters"": ""{\""regression_model\"": {\""model\"": \""ExtraTrees\"", \""model_params\"": {\""n_estimators\"": 100, \""min_samples_leaf\"": 1, \""min_samples_split\"": 2, \""max_depth\"": null, \""criterion\"": \""squared_error\"", \""max_features\"": 1}}, \""holiday\"": true, \""mean_rolling_periods\"": 7, \""macd_periods\"": 46, \""std_rolling_periods\"": 7, \""max_rolling_periods\"": 12, \""min_rolling_periods\"": 2, \""ewm_var_alpha\"": null, \""quantile90_rolling_periods\"": null, \""quantile10_rolling_periods\"": null, \""ewm_alpha\"": null, \""additional_lag_periods\"": 90, \""abs_energy\"": false, \""rolling_autocorr_periods\"": null, \""nonzero_last_n\"": null, \""add_date_part\"": \""simple_2\"", \""polynomial_degree\"": null, \""x_transform\"": null, \""regression_type\"": null}"", ""TransformationParameters"": ""{\""fillna\"": \""ffill\"", \""transformations\"": {\""0\"": \""Scaler\"", \""1\"": \""Detrend\"", \""2\"": \""DatepartRegression\""}, \""transformation_params\"": {\""0\"": {}, \""1\"": {\""model\"": \""Linear\"", \""phi\"": 1, \""window\"": 30, \""transform_dict\"": null}, \""2\"": {\""regression_model\"": {\""model\"": \""ElasticNet\"", \""model_params\"": {\""l1_ratio\"": 0.5, \""fit_intercept\"": true, \""selection\"": \""cyclic\"", \""max_iter\"": 1000}}, \""datepart_method\"": \""common_fourier\"", \""polynomial_degree\"": null, \""transform_dict\"": null, \""holiday_countries_used\"": false, \""lags\"": null, \""forward_lags\"": null}}}""}, ""a6a1477ee2b31d009999314fa5df12a0"": {""Model"": ""ARIMA"", ""ModelParameters"": ""{\""p\"": 4, \""d\"": 0, \""q\"": 0, \""regression_type\"": \""Holiday\""}"", ""TransformationParameters"": ""{\""fillna\"": \""ffill\"", \""transformations\"": {\""0\"": \""Scaler\"", \""1\"": \""Detrend\"", \""2\"": \""DatepartRegression\""}, \""transformation_params\"": {\""0\"": {}, \""1\"": {\""model\"": \""Linear\"", \""phi\"": 1, \""window\"": 30, \""transform_dict\"": null}, \""2\"": {\""regression_model\"": {\""model\"": \""ElasticNet\"", \""model_params\"": {\""l1_ratio\"": 0.5, \""fit_intercept\"": true, \""selection\"": \""cyclic\"", \""max_iter\"": 1000}}, \""datepart_method\"": \""common_fourier\"", \""polynomial_degree\"": null, \""transform_dict\"": null, \""holiday_countries_used\"": false, \""lags\"": null, \""forward_lags\"": null}}}""}}, ""model_weights"": {""92d666001d3288989025051fecaf3542"": 3.0, ""a8ddd1ef89834c17140b9aab182e2ad4"": 2.0, ""a6a1477ee2b31d009999314fa5df12a0"": 1.0}, ""point_method"": ""mean""}","{""fillna"": ""median"", ""transformations"": {""0"": ""DiffSmoother"", ""1"": ""AlignLastValue"", ""2"": ""HistoricValues""}, ""transformation_params"": {""0"": {""method"": ""med_diff"", ""method_params"": {""distribution"": ""norm"", ""alpha"": 0.05}, ""transform_dict"": null, ""reverse_alignment"": false, ""isolated_only"": false, ""fillna"": ""linear""}, ""1"": {""rows"": 1, ""lag"": 1, ""method"": ""additive"", ""strength"": 1.0, ""first_value_only"": false, ""threshold"": null, ""threshold_method"": ""mean""}, ""2"": {""window"": 10}}}",1,2,17.742888873973747,1.2403373890452913,1.4217254740165197,0.5770261968201523,1.2403373890452913,0.0,-9.870274543762207,0.7658975563655669,213.39045548439026,1.2254144315881321,1.2720208041370347,0.0,0.5222222222222221,4.142920255661011,0.4777777777777778,1.8779767531807035,1.0298151342492354,5.092363777610458,3.6169206465028654,0.013626184821989431,101.76009047031403,48.80514378963465,25.634551816277344,0.17500309005394324,17.742888873973747,1.2403373890452913,1.4217254740165197,0.5770261968201523,1.2403373890452913,0.0,0.7658975563655669,1.2254144315881321,1.2720208041370347,4.142920255661011,0.4777777777777778,1.8779767531807035,1.0298151342492354,5.092363777610458,3.6169206465028654,0.013626184821989431,101.76009047031403,48.80514378963465,25.634551816277344,0.17500309005394324,0.0,0.5222222222222221,13.71095,40.345945576345166,22.52130919121072,Wh,22.52130919121072,Wh
112,22d955f68d1a107489820ffa05252935,Ensemble,"{""model_name"": ""BestN"", ""model_count"": 3, ""model_metric"": ""best_score_unique"", ""models"": {""a8ddd1ef89834c17140b9aab182e2ad4"": {""Model"": ""RollingRegression"", ""ModelParameters"": ""{\""regression_model\"": {\""model\"": \""ExtraTrees\"", \""model_params\"": {\""n_estimators\"": 100, \""min_samples_leaf\"": 1, \""min_samples_split\"": 2, \""max_depth\"": null, \""criterion\"": \""squared_error\"", \""max_features\"": 1}}, \""holiday\"": true, \""mean_rolling_periods\"": 7, \""macd_periods\"": 46, \""std_rolling_periods\"": 7, \""max_rolling_periods\"": 12, \""min_rolling_periods\"": 2, \""ewm_var_alpha\"": null, \""quantile90_rolling_periods\"": null, \""quantile10_rolling_periods\"": null, \""ewm_alpha\"": null, \""additional_lag_periods\"": 90, \""abs_energy\"": false, \""rolling_autocorr_periods\"": null, \""nonzero_last_n\"": null, \""add_date_part\"": \""simple_2\"", \""polynomial_degree\"": null, \""x_transform\"": null, \""regression_type\"": null}"", ""TransformationParameters"": ""{\""fillna\"": \""ffill\"", \""transformations\"": {\""0\"": \""Scaler\"", \""1\"": \""Detrend\"", \""2\"": \""DatepartRegression\""}, \""transformation_params\"": {\""0\"": {}, \""1\"": {\""model\"": \""Linear\"", \""phi\"": 1, \""window\"": 30, \""transform_dict\"": null}, \""2\"": {\""regression_model\"": {\""model\"": \""ElasticNet\"", \""model_params\"": {\""l1_ratio\"": 0.5, \""fit_intercept\"": true, \""selection\"": \""cyclic\"", \""max_iter\"": 1000}}, \""datepart_method\"": \""common_fourier\"", \""polynomial_degree\"": null, \""transform_dict\"": null, \""holiday_countries_used\"": false, \""lags\"": null, \""forward_lags\"": null}}}""}, ""a6a1477ee2b31d009999314fa5df12a0"": {""Model"": ""ARIMA"", ""ModelParameters"": ""{\""p\"": 4, \""d\"": 0, \""q\"": 0, \""regression_type\"": \""Holiday\""}"", ""TransformationParameters"": ""{\""fillna\"": \""ffill\"", \""transformations\"": {\""0\"": \""Scaler\"", \""1\"": \""Detrend\"", \""2\"": \""DatepartRegression\""}, \""transformation_params\"": {\""0\"": {}, \""1\"": {\""model\"": \""Linear\"", \""phi\"": 1, \""window\"": 30, \""transform_dict\"": null}, \""2\"": {\""regression_model\"": {\""model\"": \""ElasticNet\"", \""model_params\"": {\""l1_ratio\"": 0.5, \""fit_intercept\"": true, \""selection\"": \""cyclic\"", \""max_iter\"": 1000}}, \""datepart_method\"": \""common_fourier\"", \""polynomial_degree\"": null, \""transform_dict\"": null, \""holiday_countries_used\"": false, \""lags\"": null, \""forward_lags\"": null}}}""}}, ""model_weights"": {}, ""point_method"": ""mean""}","{""fillna"": ""median"", ""transformations"": {""0"": ""DiffSmoother"", ""1"": ""AlignLastValue"", ""2"": ""HistoricValues""}, ""transformation_params"": {""0"": {""method"": ""med_diff"", ""method_params"": {""distribution"": ""norm"", ""alpha"": 0.05}, ""transform_dict"": null, ""reverse_alignment"": false, ""isolated_only"": false, ""fillna"": ""linear""}, ""1"": {""rows"": 1, ""lag"": 1, ""method"": ""additive"", ""strength"": 1.0, ""first_value_only"": false, ""threshold"": null, ""threshold_method"": ""mean""}, ""2"": {""window"": 10}}}",1,2,17.742888873973747,1.2403373890452913,1.4217254740165197,0.5770261968201523,1.2403373890452913,0.0,-9.870274543762207,0.7658975563655669,213.39045548439026,1.2254144315881321,1.2720208041370347,0.0,0.5222222222222221,4.142920255661011,0.4777777777777778,1.8779767531807035,1.0298151342492354,5.092363777610458,3.6169206465028654,0.013626184821989431,101.76009047031403,48.80514378963465,25.634551816277344,0.17500309005394324,17.742888873973747,1.2403373890452913,1.4217254740165197,0.5770261968201523,1.2403373890452913,0.0,0.7658975563655669,1.2254144315881321,1.2720208041370347,4.142920255661011,0.4777777777777778,1.8779767531807035,1.0298151342492354,5.092363777610458,3.6169206465028654,0.013626184821989431,101.76009047031403,48.80514378963465,25.634551816277344,0.17500309005394324,0.0,0.5222222222222221,12.8747,40.3457962781429,22.52130919121072,Wh,22.52130919121072,Wh
113,e8fe6797655053e60667e09a7715ae0f,Ensemble,"{""model_name"": ""BestN"", ""model_count"": 3, ""model_metric"": ""mixed_metric"", ""models"": {""9401cafd8f6b338a48dd5f0e109ef608"": {""Model"": ""ARIMA"", ""ModelParameters"": ""{\""p\"": 4, \""d\"": 1, \""q\"": 1, \""regression_type\"": null}"", ""TransformationParameters"": ""{\""fillna\"": \""ffill\"", \""transformations\"": {\""0\"": \""Scaler\"", \""1\"": \""Detrend\"", \""2\"": \""DatepartRegression\""}, \""transformation_params\"": {\""0\"": {}, \""1\"": {\""model\"": \""Linear\"", \""phi\"": 1, \""window\"": 30, \""transform_dict\"": null}, \""2\"": {\""regression_model\"": {\""model\"": \""ElasticNet\"", \""model_params\"": {\""l1_ratio\"": 0.5, \""fit_intercept\"": true, \""selection\"": \""cyclic\"", \""max_iter\"": 1000}}, \""datepart_method\"": \""common_fourier\"", \""polynomial_degree\"": null, \""transform_dict\"": null, \""holiday_countries_used\"": false, \""lags\"": null, \""forward_lags\"": null}}}""}}, ""model_weights"": {}, ""point_method"": ""mean""}","{""fillna"": ""median"", ""transformations"": {""0"": ""DiffSmoother"", ""1"": ""AlignLastValue"", ""2"": ""HistoricValues""}, ""transformation_params"": {""0"": {""method"": ""med_diff"", ""method_params"": {""distribution"": ""norm"", ""alpha"": 0.05}, ""transform_dict"": null, ""reverse_alignment"": false, ""isolated_only"": false, ""fillna"": ""linear""}, ""1"": {""rows"": 1, ""lag"": 1, ""method"": ""additive"", ""strength"": 1.0, ""first_value_only"": false, ""threshold"": null, ""threshold_method"": ""mean""}, ""2"": {""window"": 10}}}",1,2,17.742888873973747,1.2403373890452913,1.4217254740165197,0.5770261968201523,1.2403373890452913,0.0,-9.870274543762207,0.7658975563655669,213.39045548439026,1.2254144315881321,1.2720208041370347,0.0,0.5222222222222221,4.142920255661011,0.4777777777777778,1.8779767531807035,1.0298151342492354,5.092363777610458,3.6169206465028654,0.013626184821989431,101.76009047031403,48.80514378963465,25.634551816277344,0.17500309005394324,17.742888873973747,1.2403373890452913,1.4217254740165197,0.5770261968201523,1.2403373890452913,0.0,0.7658975563655669,1.2254144315881321,1.2720208041370347,4.142920255661011,0.4777777777777778,1.8779767531807035,1.0298151342492354,5.092363777610458,3.6169206465028654,0.013626184821989431,101.76009047031403,48.80514378963465,25.634551816277344,0.17500309005394324,0.0,0.5222222222222221,8.15625,40.34495387921613,22.52130919121072,Wh,22.52130919121072,Wh
114,ecb32140b45a23063938b8987ea9a226,Ensemble,"{""model_name"": ""BestN"", ""model_count"": 5, ""model_metric"": ""mixed_metric"", ""models"": {""860cd5b05944ecb82d3157f8432afabb"": {""Model"": ""WindowRegression"", ""ModelParameters"": ""{\""window_size\"": 10, \""input_dim\"": \""univariate\"", \""output_dim\"": \""1step\"", \""normalize_window\"": false, \""max_windows\"": 5000000, \""fourier_encoding_components\"": null, \""scale\"": true, \""datepart_method\"": null, \""regression_type\"": null, \""regression_model\"": {\""model\"": \""SVM\"", \""model_params\"": {\""C\"": 0.1, \""tol\"": 0.001, \""epsilon\"": 0.0, \""loss\"": \""squared_epsilon_insensitive\"", \""max_iter\"": 50}}}"", ""TransformationParameters"": ""{\""fillna\"": \""pchip\"", \""transformations\"": {\""0\"": \""Scaler\""}, \""transformation_params\"": {\""0\"": {}}}""}, ""c0b1c7a0ef49e381d5aea93045d68ec6"": {""Model"": ""WindowRegression"", ""ModelParameters"": ""{\""window_size\"": 10, \""input_dim\"": \""univariate\"", \""output_dim\"": \""1step\"", \""normalize_window\"": false, \""max_windows\"": 5000000, \""fourier_encoding_components\"": null, \""scale\"": true, \""datepart_method\"": null, \""regression_type\"": null, \""regression_model\"": {\""model\"": \""SVM\"", \""model_params\"": {\""C\"": 0.1, \""tol\"": 0.001, \""epsilon\"": 0.0, \""loss\"": \""squared_epsilon_insensitive\"", \""max_iter\"": 50}}}"", ""TransformationParameters"": ""{\""fillna\"": \""ffill\"", \""transformations\"": {\""0\"": \""DatepartRegression\"", \""1\"": \""DatepartRegression\"", \""2\"": \""MinMaxScaler\"", \""3\"": \""Scaler\""}, \""transformation_params\"": {\""0\"": {\""regression_model\"": {\""model\"": \""ElasticNet\"", \""model_params\"": {\""l1_ratio\"": 0.5, \""fit_intercept\"": true, \""selection\"": \""cyclic\"", \""max_iter\"": 1000}}, \""datepart_method\"": \""anchored_segment_fourier:us_school\"", \""polynomial_degree\"": null, \""transform_dict\"": null, \""holiday_countries_used\"": false, \""lags\"": null, \""forward_lags\"": null}, \""1\"": {\""regression_model\"": {\""model\"": \""ElasticNet\"", \""model_params\"": {\""l1_ratio\"": 0.9, \""fit_intercept\"": true, \""selection\"": \""cyclic\"", \""max_iter\"": 200}}, \""datepart_method\"": \""common_fourier\"", \""polynomial_degree\"": null, \""transform_dict\"": null, \""holiday_countries_used\"": false, \""lags\"": null, \""forward_lags\"": 2}, \""2\"": {}, \""3\"": {}}}""}, ""b56ba147e1633d9995afee23f1bd58c7"": {""Model"": ""WindowRegression"", ""ModelParameters"": ""{\""window_size\"": 20, \""input_dim\"": \""univariate\"", \""output_dim\"": \""1step\"", \""normalize_window\"": false, \""max_windows\"": 5000000, \""fourier_encoding_components\"": null, \""scale\"": false, \""datepart_method\"": null, \""regression_type\"": null, \""regression_model\"": {\""model\"": \""xgboost\"", \""model_params\"": {\""booster\"": \""gbtree\"", \""objective\"": \""reg:squarederror\"", \""max_depth\"": 6, \""eta\"": 0.003, \""min_child_weight\"": 0.5, \""subsample\"": 1, \""colsample_bylevel\"": 0.9, \""reg_alpha\"": 0, \""reg_lambda\"": 1, \""n_estimators\"": 7, \""multi_strategy\"": \""multi_output_tree\"", \""tree_method\"": \""hist\""}}}"", ""TransformationParameters"": ""{\""fillna\"": \""ffill\"", \""transformations\"": {\""0\"": \""Scaler\"", \""1\"": \""Detrend\"", \""2\"": \""MinMaxScaler\""}, \""transformation_params\"": {\""0\"": {}, \""1\"": {\""model\"": \""Linear\"", \""phi\"": 1, \""window\"": 30, \""transform_dict\"": null}, \""2\"": {}}}""}, ""7d046fbef1e1594270dc26a3315f53d9"": {""Model"": ""WindowRegression"", ""ModelParameters"": ""{\""window_size\"": 10, \""input_dim\"": \""univariate\"", \""output_dim\"": \""1step\"", \""normalize_window\"": false, \""max_windows\"": 5000000, \""fourier_encoding_components\"": null, \""scale\"": true, \""datepart_method\"": null, \""regression_type\"": null, \""regression_model\"": {\""model\"": \""SVM\"", \""model_params\"": {\""C\"": 0.1, \""tol\"": 0.001, \""epsilon\"": 0.0, \""loss\"": \""squared_epsilon_insensitive\"", \""max_iter\"": 50}}}"", ""TransformationParameters"": ""{\""fillna\"": \""ffill\"", \""transformations\"": {\""0\"": \""Scaler\"", \""1\"": \""Detrend\""}, \""transformation_params\"": {\""0\"": {}, \""1\"": {\""model\"": \""Linear\"", \""phi\"": 1, \""window\"": 30, \""transform_dict\"": null}}}""}, ""e9ab0dee8ad32b476a4ab9bc6aed1fef"": {""Model"": ""RollingRegression"", ""ModelParameters"": ""{\""regression_model\"": {\""model\"": \""RANSAC\"", \""model_params\"": {}}, \""holiday\"": true, \""mean_rolling_periods\"": 12, \""macd_periods\"": 24, \""std_rolling_periods\"": 30, \""max_rolling_periods\"": 12, \""min_rolling_periods\"": null, \""ewm_var_alpha\"": null, \""quantile90_rolling_periods\"": null, \""quantile10_rolling_periods\"": null, \""ewm_alpha\"": 0.8, \""additional_lag_periods\"": 6, \""abs_energy\"": false, \""rolling_autocorr_periods\"": null, \""nonzero_last_n\"": null, \""add_date_part\"": null, \""polynomial_degree\"": null, \""x_transform\"": null, \""regression_type\"": null}"", ""TransformationParameters"": ""{\""fillna\"": \""ffill\"", \""transformations\"": {\""0\"": \""Scaler\"", \""1\"": \""Detrend\"", \""2\"": \""DatepartRegression\""}, \""transformation_params\"": {\""0\"": {}, \""1\"": {\""model\"": \""Linear\"", \""phi\"": 1, \""window\"": 30, \""transform_dict\"": null}, \""2\"": {\""regression_model\"": {\""model\"": \""ElasticNet\"", \""model_params\"": {\""l1_ratio\"": 0.5, \""fit_intercept\"": true, \""selection\"": \""cyclic\"", \""max_iter\"": 1000}}, \""datepart_method\"": \""common_fourier\"", \""polynomial_degree\"": null, \""transform_dict\"": null, \""holiday_countries_used\"": false, \""lags\"": null, \""forward_lags\"": null}}}""}}, ""point_method"": ""median"", ""model_weights"": {}}","{""fillna"": ""median"", ""transformations"": {""0"": ""DiffSmoother"", ""1"": ""AlignLastValue"", ""2"": ""HistoricValues""}, ""transformation_params"": {""0"": {""method"": ""med_diff"", ""method_params"": {""distribution"": ""norm"", ""alpha"": 0.05}, ""transform_dict"": null, ""reverse_alignment"": false, ""isolated_only"": false, ""fillna"": ""linear""}, ""1"": {""rows"": 1, ""lag"": 1, ""method"": ""additive"", ""strength"": 1.0, ""first_value_only"": false, ""threshold"": null, ""threshold_method"": ""mean""}, ""2"": {""window"": 10}}}",1,2,17.742888873973747,1.2403373890452913,1.4217254740165197,0.5770261968201523,1.2403373890452913,0.0,-9.870274543762207,0.7658975563655669,213.39045548439026,1.2254144315881321,1.2720208041370347,0.0,0.5222222222222221,4.142920255661011,0.4777777777777778,1.8779767531807035,1.0298151342492354,5.092363777610458,3.6169206465028654,0.013626184821989431,101.76009047031403,48.80514378963465,25.634551816277344,0.17500309005394324,17.742888873973747,1.2403373890452913,1.4217254740165197,0.5770261968201523,1.2403373890452913,0.0,0.7658975563655669,1.2254144315881321,1.2720208041370347,4.142920255661011,0.4777777777777778,1.8779767531807035,1.0298151342492354,5.092363777610458,3.6169206465028654,0.013626184821989431,101.76009047031403,48.80514378963465,25.634551816277344,0.17500309005394324,0.0,0.5222222222222221,6.8359,40.344718153199544,22.52130919121072,Wh,22.52130919121072,Wh
115,94c6a2a383d27ee798bc352f798c481b,Ensemble,"{""model_name"": ""BestN"", ""model_count"": 5, ""model_metric"": ""bestn_horizontal"", ""models"": {""5dff957b601bedf73b6f35d824a711b5"": {""Model"": ""Ensemble"", ""ModelParameters"": ""{\""model_name\"": \""BestN\"", \""model_count\"": 5, \""model_metric\"": \""mixed_metric\"", \""models\"": {\""860cd5b05944ecb82d3157f8432afabb\"": {\""Model\"": \""WindowRegression\"", \""ModelParameters\"": \""{\\\""window_size\\\"": 10, \\\""input_dim\\\"": \\\""univariate\\\"", \\\""output_dim\\\"": \\\""1step\\\"", \\\""normalize_window\\\"": false, \\\""max_windows\\\"": 5000000, \\\""fourier_encoding_components\\\"": null, \\\""scale\\\"": true, \\\""datepart_method\\\"": null, \\\""regression_type\\\"": null, \\\""regression_model\\\"": {\\\""model\\\"": \\\""SVM\\\"", \\\""model_params\\\"": {\\\""C\\\"": 0.1, \\\""tol\\\"": 0.001, \\\""epsilon\\\"": 0.0, \\\""loss\\\"": \\\""squared_epsilon_insensitive\\\"", \\\""max_iter\\\"": 50}}}\"", \""TransformationParameters\"": \""{\\\""fillna\\\"": \\\""pchip\\\"", \\\""transformations\\\"": {\\\""0\\\"": \\\""Scaler\\\""}, \\\""transformation_params\\\"": {\\\""0\\\"": {}}}\""}, \""c0b1c7a0ef49e381d5aea93045d68ec6\"": {\""Model\"": \""WindowRegression\"", \""ModelParameters\"": \""{\\\""window_size\\\"": 10, \\\""input_dim\\\"": \\\""univariate\\\"", \\\""output_dim\\\"": \\\""1step\\\"", \\\""normalize_window\\\"": false, \\\""max_windows\\\"": 5000000, \\\""fourier_encoding_components\\\"": null, \\\""scale\\\"": true, \\\""datepart_method\\\"": null, \\\""regression_type\\\"": null, \\\""regression_model\\\"": {\\\""model\\\"": \\\""SVM\\\"", \\\""model_params\\\"": {\\\""C\\\"": 0.1, \\\""tol\\\"": 0.001, \\\""epsilon\\\"": 0.0, \\\""loss\\\"": \\\""squared_epsilon_insensitive\\\"", \\\""max_iter\\\"": 50}}}\"", \""TransformationParameters\"": \""{\\\""fillna\\\"": \\\""ffill\\\"", \\\""transformations\\\"": {\\\""0\\\"": \\\""DatepartRegression\\\"", \\\""1\\\"": \\\""DatepartRegression\\\"", \\\""2\\\"": \\\""MinMaxScaler\\\"", \\\""3\\\"": \\\""Scaler\\\""}, \\\""transformation_params\\\"": {\\\""0\\\"": {\\\""regression_model\\\"": {\\\""model\\\"": \\\""ElasticNet\\\"", \\\""model_params\\\"": {\\\""l1_ratio\\\"": 0.5, \\\""fit_intercept\\\"": true, \\\""selection\\\"": \\\""cyclic\\\"", \\\""max_iter\\\"": 1000}}, \\\""datepart_method\\\"": \\\""anchored_segment_fourier:us_school\\\"", \\\""polynomial_degree\\\"": null, \\\""transform_dict\\\"": null, \\\""holiday_countries_used\\\"": false, \\\""lags\\\"": null, \\\""forward_lags\\\"": null}, \\\""1\\\"": {\\\""regression_model\\\"": {\\\""model\\\"": \\\""ElasticNet\\\"", \\\""model_params\\\"": {\\\""l1_ratio\\\"": 0.9, \\\""fit_intercept\\\"": true, \\\""selection\\\"": \\\""cyclic\\\"", \\\""max_iter\\\"": 200}}, \\\""datepart_method\\\"": \\\""common_fourier\\\"", \\\""polynomial_degree\\\"": null, \\\""transform_dict\\\"": null, \\\""holiday_countries_used\\\"": false, \\\""lags\\\"": null, \\\""forward_lags\\\"": 2}, \\\""2\\\"": {}, \\\""3\\\"": {}}}\""}, \""b56ba147e1633d9995afee23f1bd58c7\"": {\""Model\"": \""WindowRegression\"", \""ModelParameters\"": \""{\\\""window_size\\\"": 20, \\\""input_dim\\\"": \\\""univariate\\\"", \\\""output_dim\\\"": \\\""1step\\\"", \\\""normalize_window\\\"": false, \\\""max_windows\\\"": 5000000, \\\""fourier_encoding_components\\\"": null, \\\""scale\\\"": false, \\\""datepart_method\\\"": null, \\\""regression_type\\\"": null, \\\""regression_model\\\"": {\\\""model\\\"": \\\""xgboost\\\"", \\\""model_params\\\"": {\\\""booster\\\"": \\\""gbtree\\\"", \\\""objective\\\"": \\\""reg:squarederror\\\"", \\\""max_depth\\\"": 6, \\\""eta\\\"": 0.003, \\\""min_child_weight\\\"": 0.5, \\\""subsample\\\"": 1, \\\""colsample_bylevel\\\"": 0.9, \\\""reg_alpha\\\"": 0, \\\""reg_lambda\\\"": 1, \\\""n_estimators\\\"": 7, \\\""multi_strategy\\\"": \\\""multi_output_tree\\\"", \\\""tree_method\\\"": \\\""hist\\\""}}}\"", \""TransformationParameters\"": \""{\\\""fillna\\\"": \\\""ffill\\\"", \\\""transformations\\\"": {\\\""0\\\"": \\\""Scaler\\\"", \\\""1\\\"": \\\""Detrend\\\"", \\\""2\\\"": \\\""MinMaxScaler\\\""}, \\\""transformation_params\\\"": {\\\""0\\\"": {}, \\\""1\\\"": {\\\""model\\\"": \\\""Linear\\\"", \\\""phi\\\"": 1, \\\""window\\\"": 30, \\\""transform_dict\\\"": null}, \\\""2\\\"": {}}}\""}, \""7d046fbef1e1594270dc26a3315f53d9\"": {\""Model\"": \""WindowRegression\"", \""ModelParameters\"": \""{\\\""window_size\\\"": 10, \\\""input_dim\\\"": \\\""univariate\\\"", \\\""output_dim\\\"": \\\""1step\\\"", \\\""normalize_window\\\"": false, \\\""max_windows\\\"": 5000000, \\\""fourier_encoding_components\\\"": null, \\\""scale\\\"": true, \\\""datepart_method\\\"": null, \\\""regression_type\\\"": null, \\\""regression_model\\\"": {\\\""model\\\"": \\\""SVM\\\"", \\\""model_params\\\"": {\\\""C\\\"": 0.1, \\\""tol\\\"": 0.001, \\\""epsilon\\\"": 0.0, \\\""loss\\\"": \\\""squared_epsilon_insensitive\\\"", \\\""max_iter\\\"": 50}}}\"", \""TransformationParameters\"": \""{\\\""fillna\\\"": \\\""ffill\\\"", \\\""transformations\\\"": {\\\""0\\\"": \\\""Scaler\\\"", \\\""1\\\"": \\\""Detrend\\\""}, \\\""transformation_params\\\"": {\\\""0\\\"": {}, \\\""1\\\"": {\\\""model\\\"": \\\""Linear\\\"", \\\""phi\\\"": 1, \\\""window\\\"": 30, \\\""transform_dict\\\"": null}}}\""}, \""e9ab0dee8ad32b476a4ab9bc6aed1fef\"": {\""Model\"": \""RollingRegression\"", \""ModelParameters\"": \""{\\\""regression_model\\\"": {\\\""model\\\"": \\\""RANSAC\\\"", \\\""model_params\\\"": {}}, \\\""holiday\\\"": true, \\\""mean_rolling_periods\\\"": 12, \\\""macd_periods\\\"": 24, \\\""std_rolling_periods\\\"": 30, \\\""max_rolling_periods\\\"": 12, \\\""min_rolling_periods\\\"": null, \\\""ewm_var_alpha\\\"": null, \\\""quantile90_rolling_periods\\\"": null, \\\""quantile10_rolling_periods\\\"": null, \\\""ewm_alpha\\\"": 0.8, \\\""additional_lag_periods\\\"": 6, \\\""abs_energy\\\"": false, \\\""rolling_autocorr_periods\\\"": null, \\\""nonzero_last_n\\\"": null, \\\""add_date_part\\\"": null, \\\""polynomial_degree\\\"": null, \\\""x_transform\\\"": null, \\\""regression_type\\\"": null}\"", \""TransformationParameters\"": \""{\\\""fillna\\\"": \\\""ffill\\\"", \\\""transformations\\\"": {\\\""0\\\"": \\\""Scaler\\\"", \\\""1\\\"": \\\""Detrend\\\"", \\\""2\\\"": \\\""DatepartRegression\\\""}, \\\""transformation_params\\\"": {\\\""0\\\"": {}, \\\""1\\\"": {\\\""model\\\"": \\\""Linear\\\"", \\\""phi\\\"": 1, \\\""window\\\"": 30, \\\""transform_dict\\\"": null}, \\\""2\\\"": {\\\""regression_model\\\"": {\\\""model\\\"": \\\""ElasticNet\\\"", \\\""model_params\\\"": {\\\""l1_ratio\\\"": 0.5, \\\""fit_intercept\\\"": true, \\\""selection\\\"": \\\""cyclic\\\"", \\\""max_iter\\\"": 1000}}, \\\""datepart_method\\\"": \\\""common_fourier\\\"", \\\""polynomial_degree\\\"": null, \\\""transform_dict\\\"": null, \\\""holiday_countries_used\\\"": false, \\\""lags\\\"": null, \\\""forward_lags\\\"": null}}}\""}}, \""point_method\"": \""median\"", \""model_weights\"": {}}"", ""TransformationParameters"": ""{}""}}, ""point_method"": ""median"", ""model_weights"": {}}","{""fillna"": ""ffill"", ""transformations"": {""0"": ""AlignLastValue"", ""1"": ""SeasonalDifference"", ""2"": ""AlignLastValue""}, ""transformation_params"": {""0"": {""rows"": 1, ""lag"": 1, ""method"": ""additive"", ""strength"": 0.7, ""first_value_only"": false, ""threshold"": 1, ""threshold_method"": ""max""}, ""1"": {""lag_1"": 7, ""method"": 20}, ""2"": {""rows"": 1, ""lag"": 28, ""method"": ""multiplicative"", ""strength"": 1.0, ""first_value_only"": false, ""threshold"": null, ""threshold_method"": ""mean""}}}",1,2,18.240484771518435,1.2322405799838614,1.4124265551050688,0.5940174018809865,1.2322405799838614,0.0,-111.3519175967724,1.0078732337551644,110.45138680032268,0.9783733030840247,1.1592207904921263,0.005555555555555556,0.538888888888889,3.368433161875714,0.5,1.749332815262782,1.0181994601213937,4.51474469435762,2.3676875575493055,0.3431447511885231,104.78569141396642,52.7581711000517,16.658209431582137,0.17410026103718218,18.240484771518435,1.2322405799838614,1.4124265551050688,0.5940174018809865,1.2322405799838614,0.0,1.0078732337551644,0.9783733030840247,1.1592207904921263,3.368433161875714,0.5,1.749332815262782,1.0181994601213937,4.51474469435762,2.3676875575493055,0.3431447511885231,104.78569141396642,52.7581711000517,16.658209431582137,0.17410026103718218,0.005555555555555556,0.538888888888889,31.9281,39.31050703607365,18.68310978516445,Wh,18.68310978516445,Wh
116,86eb7fe70aeb150788d0189da5e270ac,Ensemble,"{""model_name"": ""BestN"", ""model_count"": 5, ""model_metric"": ""mixed_metric"", ""models"": {""860cd5b05944ecb82d3157f8432afabb"": {""Model"": ""WindowRegression"", ""ModelParameters"": ""{\""window_size\"": 10, \""input_dim\"": \""univariate\"", \""output_dim\"": \""1step\"", \""normalize_window\"": false, \""max_windows\"": 5000000, \""fourier_encoding_components\"": null, \""scale\"": true, \""datepart_method\"": null, \""regression_type\"": null, \""regression_model\"": {\""model\"": \""SVM\"", \""model_params\"": {\""C\"": 0.1, \""tol\"": 0.001, \""epsilon\"": 0.0, \""loss\"": \""squared_epsilon_insensitive\"", \""max_iter\"": 50}}}"", ""TransformationParameters"": ""{\""fillna\"": \""pchip\"", \""transformations\"": {\""0\"": \""Scaler\""}, \""transformation_params\"": {\""0\"": {}}}""}, ""c0b1c7a0ef49e381d5aea93045d68ec6"": {""Model"": ""WindowRegression"", ""ModelParameters"": ""{\""window_size\"": 10, \""input_dim\"": \""univariate\"", \""output_dim\"": \""1step\"", \""normalize_window\"": false, \""max_windows\"": 5000000, \""fourier_encoding_components\"": null, \""scale\"": true, \""datepart_method\"": null, \""regression_type\"": null, \""regression_model\"": {\""model\"": \""SVM\"", \""model_params\"": {\""C\"": 0.1, \""tol\"": 0.001, \""epsilon\"": 0.0, \""loss\"": \""squared_epsilon_insensitive\"", \""max_iter\"": 50}}}"", ""TransformationParameters"": ""{\""fillna\"": \""ffill\"", \""transformations\"": {\""0\"": \""DatepartRegression\"", \""1\"": \""DatepartRegression\"", \""2\"": \""MinMaxScaler\"", \""3\"": \""Scaler\""}, \""transformation_params\"": {\""0\"": {\""regression_model\"": {\""model\"": \""ElasticNet\"", \""model_params\"": {\""l1_ratio\"": 0.5, \""fit_intercept\"": true, \""selection\"": \""cyclic\"", \""max_iter\"": 1000}}, \""datepart_method\"": \""anchored_segment_fourier:us_school\"", \""polynomial_degree\"": null, \""transform_dict\"": null, \""holiday_countries_used\"": false, \""lags\"": null, \""forward_lags\"": null}, \""1\"": {\""regression_model\"": {\""model\"": \""ElasticNet\"", \""model_params\"": {\""l1_ratio\"": 0.9, \""fit_intercept\"": true, \""selection\"": \""cyclic\"", \""max_iter\"": 200}}, \""datepart_method\"": \""common_fourier\"", \""polynomial_degree\"": null, \""transform_dict\"": null, \""holiday_countries_used\"": false, \""lags\"": null, \""forward_lags\"": 2}, \""2\"": {}, \""3\"": {}}}""}, ""b56ba147e1633d9995afee23f1bd58c7"": {""Model"": ""WindowRegression"", ""ModelParameters"": ""{\""window_size\"": 20, \""input_dim\"": \""univariate\"", \""output_dim\"": \""1step\"", \""normalize_window\"": false, \""max_windows\"": 5000000, \""fourier_encoding_components\"": null, \""scale\"": false, \""datepart_method\"": null, \""regression_type\"": null, \""regression_model\"": {\""model\"": \""xgboost\"", \""model_params\"": {\""booster\"": \""gbtree\"", \""objective\"": \""reg:squarederror\"", \""max_depth\"": 6, \""eta\"": 0.003, \""min_child_weight\"": 0.5, \""subsample\"": 1, \""colsample_bylevel\"": 0.9, \""reg_alpha\"": 0, \""reg_lambda\"": 1, \""n_estimators\"": 7, \""multi_strategy\"": \""multi_output_tree\"", \""tree_method\"": \""hist\""}}}"", ""TransformationParameters"": ""{\""fillna\"": \""ffill\"", \""transformations\"": {\""0\"": \""Scaler\"", \""1\"": \""Detrend\"", \""2\"": \""MinMaxScaler\""}, \""transformation_params\"": {\""0\"": {}, \""1\"": {\""model\"": \""Linear\"", \""phi\"": 1, \""window\"": 30, \""transform_dict\"": null}, \""2\"": {}}}""}, ""7d046fbef1e1594270dc26a3315f53d9"": {""Model"": ""WindowRegression"", ""ModelParameters"": ""{\""window_size\"": 10, \""input_dim\"": \""univariate\"", \""output_dim\"": \""1step\"", \""normalize_window\"": false, \""max_windows\"": 5000000, \""fourier_encoding_components\"": null, \""scale\"": true, \""datepart_method\"": null, \""regression_type\"": null, \""regression_model\"": {\""model\"": \""SVM\"", \""model_params\"": {\""C\"": 0.1, \""tol\"": 0.001, \""epsilon\"": 0.0, \""loss\"": \""squared_epsilon_insensitive\"", \""max_iter\"": 50}}}"", ""TransformationParameters"": ""{\""fillna\"": \""ffill\"", \""transformations\"": {\""0\"": \""Scaler\"", \""1\"": \""Detrend\""}, \""transformation_params\"": {\""0\"": {}, \""1\"": {\""model\"": \""Linear\"", \""phi\"": 1, \""window\"": 30, \""transform_dict\"": null}}}""}, ""e9ab0dee8ad32b476a4ab9bc6aed1fef"": {""Model"": ""RollingRegression"", ""ModelParameters"": ""{\""regression_model\"": {\""model\"": \""RANSAC\"", \""model_params\"": {}}, \""holiday\"": true, \""mean_rolling_periods\"": 12, \""macd_periods\"": 24, \""std_rolling_periods\"": 30, \""max_rolling_periods\"": 12, \""min_rolling_periods\"": null, \""ewm_var_alpha\"": null, \""quantile90_rolling_periods\"": null, \""quantile10_rolling_periods\"": null, \""ewm_alpha\"": 0.8, \""additional_lag_periods\"": 6, \""abs_energy\"": false, \""rolling_autocorr_periods\"": null, \""nonzero_last_n\"": null, \""add_date_part\"": null, \""polynomial_degree\"": null, \""x_transform\"": null, \""regression_type\"": null}"", ""TransformationParameters"": ""{\""fillna\"": \""ffill\"", \""transformations\"": {\""0\"": \""Scaler\"", \""1\"": \""Detrend\"", \""2\"": \""DatepartRegression\""}, \""transformation_params\"": {\""0\"": {}, \""1\"": {\""model\"": \""Linear\"", \""phi\"": 1, \""window\"": 30, \""transform_dict\"": null}, \""2\"": {\""regression_model\"": {\""model\"": \""ElasticNet\"", \""model_params\"": {\""l1_ratio\"": 0.5, \""fit_intercept\"": true, \""selection\"": \""cyclic\"", \""max_iter\"": 1000}}, \""datepart_method\"": \""common_fourier\"", \""polynomial_degree\"": null, \""transform_dict\"": null, \""holiday_countries_used\"": false, \""lags\"": null, \""forward_lags\"": null}}}""}}, ""point_method"": ""median"", ""model_weights"": {}}","{""fillna"": ""ffill"", ""transformations"": {""0"": ""AlignLastValue"", ""1"": ""SeasonalDifference"", ""2"": ""AlignLastValue""}, ""transformation_params"": {""0"": {""rows"": 1, ""lag"": 1, ""method"": ""additive"", ""strength"": 0.7, ""first_value_only"": false, ""threshold"": 1, ""threshold_method"": ""max""}, ""1"": {""lag_1"": 7, ""method"": 20}, ""2"": {""rows"": 1, ""lag"": 28, ""method"": ""multiplicative"", ""strength"": 1.0, ""first_value_only"": false, ""threshold"": null, ""threshold_method"": ""mean""}}}",1,2,18.240484771518435,1.2322405799838614,1.4124265551050688,0.5940174018809865,1.2322405799838614,0.0,-111.3519175967724,1.0078732337551644,110.45138680032268,0.9783733030840247,1.1592207904921263,0.005555555555555556,0.538888888888889,3.368433161875714,0.5,1.749332815262782,1.0181994601213937,4.51474469435762,2.3676875575493055,0.3431447511885231,104.78569141396642,52.7581711000517,16.658209431582137,0.17410026103718218,18.240484771518435,1.2322405799838614,1.4124265551050688,0.5940174018809865,1.2322405799838614,0.0,1.0078732337551644,0.9783733030840247,1.1592207904921263,3.368433161875714,0.5,1.749332815262782,1.0181994601213937,4.51474469435762,2.3676875575493055,0.3431447511885231,104.78569141396642,52.7581711000517,16.658209431582137,0.17410026103718218,0.005555555555555556,0.538888888888889,6.81625,39.30602374272751,18.68310978516445,Wh,18.68310978516445,Wh
117,8b12c8d74bcdd04dcf0bd4e42a8ed10c,Ensemble,"{""model_name"": ""BestN"", ""model_count"": 3, ""model_metric"": ""mixed_metric"", ""models"": {""860cd5b05944ecb82d3157f8432afabb"": {""Model"": ""WindowRegression"", ""ModelParameters"": ""{\""window_size\"": 10, \""input_dim\"": \""univariate\"", \""output_dim\"": \""1step\"", \""normalize_window\"": false, \""max_windows\"": 5000000, \""fourier_encoding_components\"": null, \""scale\"": true, \""datepart_method\"": null, \""regression_type\"": null, \""regression_model\"": {\""model\"": \""SVM\"", \""model_params\"": {\""C\"": 0.1, \""tol\"": 0.001, \""epsilon\"": 0.0, \""loss\"": \""squared_epsilon_insensitive\"", \""max_iter\"": 50}}}"", ""TransformationParameters"": ""{\""fillna\"": \""pchip\"", \""transformations\"": {\""0\"": \""Scaler\""}, \""transformation_params\"": {\""0\"": {}}}""}, ""c0b1c7a0ef49e381d5aea93045d68ec6"": {""Model"": ""WindowRegression"", ""ModelParameters"": ""{\""window_size\"": 10, \""input_dim\"": \""univariate\"", \""output_dim\"": \""1step\"", \""normalize_window\"": false, \""max_windows\"": 5000000, \""fourier_encoding_components\"": null, \""scale\"": true, \""datepart_method\"": null, \""regression_type\"": null, \""regression_model\"": {\""model\"": \""SVM\"", \""model_params\"": {\""C\"": 0.1, \""tol\"": 0.001, \""epsilon\"": 0.0, \""loss\"": \""squared_epsilon_insensitive\"", \""max_iter\"": 50}}}"", ""TransformationParameters"": ""{\""fillna\"": \""ffill\"", \""transformations\"": {\""0\"": \""DatepartRegression\"", \""1\"": \""DatepartRegression\"", \""2\"": \""MinMaxScaler\"", \""3\"": \""Scaler\""}, \""transformation_params\"": {\""0\"": {\""regression_model\"": {\""model\"": \""ElasticNet\"", \""model_params\"": {\""l1_ratio\"": 0.5, \""fit_intercept\"": true, \""selection\"": \""cyclic\"", \""max_iter\"": 1000}}, \""datepart_method\"": \""anchored_segment_fourier:us_school\"", \""polynomial_degree\"": null, \""transform_dict\"": null, \""holiday_countries_used\"": false, \""lags\"": null, \""forward_lags\"": null}, \""1\"": {\""regression_model\"": {\""model\"": \""ElasticNet\"", \""model_params\"": {\""l1_ratio\"": 0.9, \""fit_intercept\"": true, \""selection\"": \""cyclic\"", \""max_iter\"": 200}}, \""datepart_method\"": \""common_fourier\"", \""polynomial_degree\"": null, \""transform_dict\"": null, \""holiday_countries_used\"": false, \""lags\"": null, \""forward_lags\"": 2}, \""2\"": {}, \""3\"": {}}}""}, ""b56ba147e1633d9995afee23f1bd58c7"": {""Model"": ""WindowRegression"", ""ModelParameters"": ""{\""window_size\"": 20, \""input_dim\"": \""univariate\"", \""output_dim\"": \""1step\"", \""normalize_window\"": false, \""max_windows\"": 5000000, \""fourier_encoding_components\"": null, \""scale\"": false, \""datepart_method\"": null, \""regression_type\"": null, \""regression_model\"": {\""model\"": \""xgboost\"", \""model_params\"": {\""booster\"": \""gbtree\"", \""objective\"": \""reg:squarederror\"", \""max_depth\"": 6, \""eta\"": 0.003, \""min_child_weight\"": 0.5, \""subsample\"": 1, \""colsample_bylevel\"": 0.9, \""reg_alpha\"": 0, \""reg_lambda\"": 1, \""n_estimators\"": 7, \""multi_strategy\"": \""multi_output_tree\"", \""tree_method\"": \""hist\""}}}"", ""TransformationParameters"": ""{\""fillna\"": \""ffill\"", \""transformations\"": {\""0\"": \""Scaler\"", \""1\"": \""Detrend\"", \""2\"": \""MinMaxScaler\""}, \""transformation_params\"": {\""0\"": {}, \""1\"": {\""model\"": \""Linear\"", \""phi\"": 1, \""window\"": 30, \""transform_dict\"": null}, \""2\"": {}}}""}}, ""model_weights"": {}, ""point_method"": ""mean""}","{""fillna"": ""ffill"", ""transformations"": {""0"": ""AlignLastValue"", ""1"": ""SeasonalDifference"", ""2"": ""AlignLastValue""}, ""transformation_params"": {""0"": {""rows"": 1, ""lag"": 1, ""method"": ""additive"", ""strength"": 0.7, ""first_value_only"": false, ""threshold"": 1, ""threshold_method"": ""max""}, ""1"": {""lag_1"": 7, ""method"": 20}, ""2"": {""rows"": 1, ""lag"": 28, ""method"": ""multiplicative"", ""strength"": 1.0, ""first_value_only"": false, ""threshold"": null, ""threshold_method"": ""mean""}}}",1,6,18.30446662888361,1.2600095244205296,1.469528953746553,0.6003298656673012,1.2600095244205296,0.0,-544.9828695300168,1.1689251755443781,135.4222736570691,0.847526567245514,1.105603703189897,0.001851851851851852,0.5611111111111111,3.3579742141379834,0.5981481481481481,1.6361703106329804,1.033479519906331,4.3157387729664,2.0539491249363597,0.4087424856434352,103.42858119869935,47.55332953851979,18.057680936868127,0.1616873944105414,18.30446662888361,1.2600095244205296,1.469528953746553,0.6003298656673012,1.2600095244205296,0.0,1.1689251755443781,0.847526567245514,1.105603703189897,3.3579742141379834,0.5981481481481481,1.6361703106329804,1.033479519906331,4.3157387729664,2.0539491249363597,0.4087424856434352,103.42858119869935,47.55332953851979,18.057680936868127,0.1616873944105414,0.001851851851851852,0.5611111111111111,1.8509166666666665,39.03531208449891,18.360942215820504,Wh,18.360942215820504,Wh
118,fad9d172448599de995d977fb067e3a6,Ensemble,"{""model_name"": ""BestN"", ""model_count"": 3, ""model_metric"": ""bestn_horizontal"", ""models"": {""860cd5b05944ecb82d3157f8432afabb"": {""Model"": ""WindowRegression"", ""ModelParameters"": ""{\""window_size\"": 10, \""input_dim\"": \""univariate\"", \""output_dim\"": \""1step\"", \""normalize_window\"": false, \""max_windows\"": 5000000, \""fourier_encoding_components\"": null, \""scale\"": true, \""datepart_method\"": null, \""regression_type\"": null, \""regression_model\"": {\""model\"": \""SVM\"", \""model_params\"": {\""C\"": 0.1, \""tol\"": 0.001, \""epsilon\"": 0.0, \""loss\"": \""squared_epsilon_insensitive\"", \""max_iter\"": 50}}}"", ""TransformationParameters"": ""{\""fillna\"": \""pchip\"", \""transformations\"": {\""0\"": \""Scaler\""}, \""transformation_params\"": {\""0\"": {}}}""}, ""e9ab0dee8ad32b476a4ab9bc6aed1fef"": {""Model"": ""RollingRegression"", ""ModelParameters"": ""{\""regression_model\"": {\""model\"": \""RANSAC\"", \""model_params\"": {}}, \""holiday\"": true, \""mean_rolling_periods\"": 12, \""macd_periods\"": 24, \""std_rolling_periods\"": 30, \""max_rolling_periods\"": 12, \""min_rolling_periods\"": null, \""ewm_var_alpha\"": null, \""quantile90_rolling_periods\"": null, \""quantile10_rolling_periods\"": null, \""ewm_alpha\"": 0.8, \""additional_lag_periods\"": 6, \""abs_energy\"": false, \""rolling_autocorr_periods\"": null, \""nonzero_last_n\"": null, \""add_date_part\"": null, \""polynomial_degree\"": null, \""x_transform\"": null, \""regression_type\"": null}"", ""TransformationParameters"": ""{\""fillna\"": \""ffill\"", \""transformations\"": {\""0\"": \""Scaler\"", \""1\"": \""Detrend\"", \""2\"": \""DatepartRegression\""}, \""transformation_params\"": {\""0\"": {}, \""1\"": {\""model\"": \""Linear\"", \""phi\"": 1, \""window\"": 30, \""transform_dict\"": null}, \""2\"": {\""regression_model\"": {\""model\"": \""ElasticNet\"", \""model_params\"": {\""l1_ratio\"": 0.5, \""fit_intercept\"": true, \""selection\"": \""cyclic\"", \""max_iter\"": 1000}}, \""datepart_method\"": \""common_fourier\"", \""polynomial_degree\"": null, \""transform_dict\"": null, \""holiday_countries_used\"": false, \""lags\"": null, \""forward_lags\"": null}}}""}, ""67630d1909fa60ae1f9595fc12ff2a69"": {""Model"": ""ARIMA"", ""ModelParameters"": ""{\""p\"": 4, \""d\"": 0, \""q\"": 1, \""regression_type\"": null}"", ""TransformationParameters"": ""{\""fillna\"": \""ffill\"", \""transformations\"": {\""0\"": \""Scaler\"", \""1\"": \""Detrend\"", \""2\"": \""DatepartRegression\""}, \""transformation_params\"": {\""0\"": {}, \""1\"": {\""model\"": \""Linear\"", \""phi\"": 1, \""window\"": 30, \""transform_dict\"": null}, \""2\"": {\""regression_model\"": {\""model\"": \""ElasticNet\"", \""model_params\"": {\""l1_ratio\"": 0.5, \""fit_intercept\"": true, \""selection\"": \""cyclic\"", \""max_iter\"": 1000}}, \""datepart_method\"": \""common_fourier\"", \""polynomial_degree\"": null, \""transform_dict\"": null, \""holiday_countries_used\"": false, \""lags\"": null, \""forward_lags\"": null}}}""}}, ""model_weights"": {""860cd5b05944ecb82d3157f8432afabb"": 4.0, ""e9ab0dee8ad32b476a4ab9bc6aed1fef"": 3.0, ""67630d1909fa60ae1f9595fc12ff2a69"": 2.0}, ""point_method"": ""mean""}","{""fillna"": ""ffill"", ""transformations"": {""0"": ""AlignLastValue"", ""1"": ""SeasonalDifference"", ""2"": ""AlignLastValue""}, ""transformation_params"": {""0"": {""rows"": 1, ""lag"": 1, ""method"": ""additive"", ""strength"": 0.7, ""first_value_only"": false, ""threshold"": 1, ""threshold_method"": ""max""}, ""1"": {""lag_1"": 7, ""method"": 20}, ""2"": {""rows"": 1, ""lag"": 28, ""method"": ""multiplicative"", ""strength"": 1.0, ""first_value_only"": false, ""threshold"": null, ""threshold_method"": ""mean""}}}",1,1,17.715156997695445,1.1638987717135498,1.3013066224161371,0.5785252550254657,1.1638987717135498,0.0,-0.22064593823391299,0.7380261153751658,104.53024351598555,1.163746382092237,1.20047177093942,0.022222222222222223,0.5333333333333333,2.9538176916405625,0.3333333333333333,1.9281194122191598,0.9695533364447781,4.73457064210704,2.7623455787786115,0.2377830589671769,104.30959757775165,59.48446254874683,14.538492391839988,0.18900080878797873,17.715156997695445,1.1638987717135498,1.3013066224161371,0.5785252550254657,1.1638987717135498,0.0,0.7380261153751658,1.163746382092237,1.20047177093942,2.9538176916405625,0.3333333333333333,1.9281194122191598,0.9695533364447781,4.73457064210704,2.7623455787786115,0.2377830589671769,104.30959757775165,59.48446254874683,14.538492391839988,0.18900080878797873,0.022222222222222223,0.5333333333333333,5.3181,38.68522449268559,16.74200012143805,Wh,16.74200012143805,Wh
119,66a240625caf9fa9d229789a19b0d400,Ensemble,"{""model_name"": ""BestN"", ""model_count"": 3, ""model_metric"": ""best_score_unique"", ""models"": {""860cd5b05944ecb82d3157f8432afabb"": {""Model"": ""WindowRegression"", ""ModelParameters"": ""{\""window_size\"": 10, \""input_dim\"": \""univariate\"", \""output_dim\"": \""1step\"", \""normalize_window\"": false, \""max_windows\"": 5000000, \""fourier_encoding_components\"": null, \""scale\"": true, \""datepart_method\"": null, \""regression_type\"": null, \""regression_model\"": {\""model\"": \""SVM\"", \""model_params\"": {\""C\"": 0.1, \""tol\"": 0.001, \""epsilon\"": 0.0, \""loss\"": \""squared_epsilon_insensitive\"", \""max_iter\"": 50}}}"", ""TransformationParameters"": ""{\""fillna\"": \""pchip\"", \""transformations\"": {\""0\"": \""Scaler\""}, \""transformation_params\"": {\""0\"": {}}}""}, ""e9ab0dee8ad32b476a4ab9bc6aed1fef"": {""Model"": ""RollingRegression"", ""ModelParameters"": ""{\""regression_model\"": {\""model\"": \""RANSAC\"", \""model_params\"": {}}, \""holiday\"": true, \""mean_rolling_periods\"": 12, \""macd_periods\"": 24, \""std_rolling_periods\"": 30, \""max_rolling_periods\"": 12, \""min_rolling_periods\"": null, \""ewm_var_alpha\"": null, \""quantile90_rolling_periods\"": null, \""quantile10_rolling_periods\"": null, \""ewm_alpha\"": 0.8, \""additional_lag_periods\"": 6, \""abs_energy\"": false, \""rolling_autocorr_periods\"": null, \""nonzero_last_n\"": null, \""add_date_part\"": null, \""polynomial_degree\"": null, \""x_transform\"": null, \""regression_type\"": null}"", ""TransformationParameters"": ""{\""fillna\"": \""ffill\"", \""transformations\"": {\""0\"": \""Scaler\"", \""1\"": \""Detrend\"", \""2\"": \""DatepartRegression\""}, \""transformation_params\"": {\""0\"": {}, \""1\"": {\""model\"": \""Linear\"", \""phi\"": 1, \""window\"": 30, \""transform_dict\"": null}, \""2\"": {\""regression_model\"": {\""model\"": \""ElasticNet\"", \""model_params\"": {\""l1_ratio\"": 0.5, \""fit_intercept\"": true, \""selection\"": \""cyclic\"", \""max_iter\"": 1000}}, \""datepart_method\"": \""common_fourier\"", \""polynomial_degree\"": null, \""transform_dict\"": null, \""holiday_countries_used\"": false, \""lags\"": null, \""forward_lags\"": null}}}""}, ""67630d1909fa60ae1f9595fc12ff2a69"": {""Model"": ""ARIMA"", ""ModelParameters"": ""{\""p\"": 4, \""d\"": 0, \""q\"": 1, \""regression_type\"": null}"", ""TransformationParameters"": ""{\""fillna\"": \""ffill\"", \""transformations\"": {\""0\"": \""Scaler\"", \""1\"": \""Detrend\"", \""2\"": \""DatepartRegression\""}, \""transformation_params\"": {\""0\"": {}, \""1\"": {\""model\"": \""Linear\"", \""phi\"": 1, \""window\"": 30, \""transform_dict\"": null}, \""2\"": {\""regression_model\"": {\""model\"": \""ElasticNet\"", \""model_params\"": {\""l1_ratio\"": 0.5, \""fit_intercept\"": true, \""selection\"": \""cyclic\"", \""max_iter\"": 1000}}, \""datepart_method\"": \""common_fourier\"", \""polynomial_degree\"": null, \""transform_dict\"": null, \""holiday_countries_used\"": false, \""lags\"": null, \""forward_lags\"": null}}}""}}, ""model_weights"": {}, ""point_method"": ""mean""}","{""fillna"": ""ffill"", ""transformations"": {""0"": ""AlignLastValue"", ""1"": ""SeasonalDifference"", ""2"": ""AlignLastValue""}, ""transformation_params"": {""0"": {""rows"": 1, ""lag"": 1, ""method"": ""additive"", ""strength"": 0.7, ""first_value_only"": false, ""threshold"": 1, ""threshold_method"": ""max""}, ""1"": {""lag_1"": 7, ""method"": 20}, ""2"": {""rows"": 1, ""lag"": 28, ""method"": ""multiplicative"", ""strength"": 1.0, ""first_value_only"": false, ""threshold"": null, ""threshold_method"": ""mean""}}}",1,1,17.72849513826322,1.1648904541697127,1.3023586617586145,0.578432881836774,1.1648904541697127,0.0,-0.21013039892132568,0.7384169061302349,104.63001047635282,1.1647491219286794,1.1916403749950495,0.022222222222222223,0.5444444444444444,2.9580126027141223,0.32222222222222224,1.932286813685181,0.9705922761033923,4.733363268438665,2.7623612792169863,0.23770534005812796,104.41988007743149,59.61477630285487,14.551388906144545,0.18920063202686252,17.72849513826322,1.1648904541697127,1.3023586617586145,0.578432881836774,1.1648904541697127,0.0,0.7384169061302349,1.1647491219286794,1.1916403749950495,2.9580126027141223,0.32222222222222224,1.932286813685181,0.9705922761033923,4.733363268438665,2.7623612792169863,0.23770534005812796,104.41988007743149,59.61477630285487,14.551388906144545,0.18920063202686252,0.022222222222222223,0.5444444444444444,5.5296,38.59843284489026,16.756264891025413,Wh,16.756264891025413,Wh
120,71ec1f57412201106ccb2ddf3041ab91,Ensemble,"{""model_name"": ""BestN"", ""model_count"": 3, ""model_metric"": ""horizontal"", ""models"": {""67630d1909fa60ae1f9595fc12ff2a69"": {""Model"": ""ARIMA"", ""ModelParameters"": ""{\""p\"": 4, \""d\"": 0, \""q\"": 1, \""regression_type\"": null}"", ""TransformationParameters"": ""{\""fillna\"": \""ffill\"", \""transformations\"": {\""0\"": \""Scaler\"", \""1\"": \""Detrend\"", \""2\"": \""DatepartRegression\""}, \""transformation_params\"": {\""0\"": {}, \""1\"": {\""model\"": \""Linear\"", \""phi\"": 1, \""window\"": 30, \""transform_dict\"": null}, \""2\"": {\""regression_model\"": {\""model\"": \""ElasticNet\"", \""model_params\"": {\""l1_ratio\"": 0.5, \""fit_intercept\"": true, \""selection\"": \""cyclic\"", \""max_iter\"": 1000}}, \""datepart_method\"": \""common_fourier\"", \""polynomial_degree\"": null, \""transform_dict\"": null, \""holiday_countries_used\"": false, \""lags\"": null, \""forward_lags\"": null}}}""}, ""e9ab0dee8ad32b476a4ab9bc6aed1fef"": {""Model"": ""RollingRegression"", ""ModelParameters"": ""{\""regression_model\"": {\""model\"": \""RANSAC\"", \""model_params\"": {}}, \""holiday\"": true, \""mean_rolling_periods\"": 12, \""macd_periods\"": 24, \""std_rolling_periods\"": 30, \""max_rolling_periods\"": 12, \""min_rolling_periods\"": null, \""ewm_var_alpha\"": null, \""quantile90_rolling_periods\"": null, \""quantile10_rolling_periods\"": null, \""ewm_alpha\"": 0.8, \""additional_lag_periods\"": 6, \""abs_energy\"": false, \""rolling_autocorr_periods\"": null, \""nonzero_last_n\"": null, \""add_date_part\"": null, \""polynomial_degree\"": null, \""x_transform\"": null, \""regression_type\"": null}"", ""TransformationParameters"": ""{\""fillna\"": \""ffill\"", \""transformations\"": {\""0\"": \""Scaler\"", \""1\"": \""Detrend\"", \""2\"": \""DatepartRegression\""}, \""transformation_params\"": {\""0\"": {}, \""1\"": {\""model\"": \""Linear\"", \""phi\"": 1, \""window\"": 30, \""transform_dict\"": null}, \""2\"": {\""regression_model\"": {\""model\"": \""ElasticNet\"", \""model_params\"": {\""l1_ratio\"": 0.5, \""fit_intercept\"": true, \""selection\"": \""cyclic\"", \""max_iter\"": 1000}}, \""datepart_method\"": \""common_fourier\"", \""polynomial_degree\"": null, \""transform_dict\"": null, \""holiday_countries_used\"": false, \""lags\"": null, \""forward_lags\"": null}}}""}, ""860cd5b05944ecb82d3157f8432afabb"": {""Model"": ""WindowRegression"", ""ModelParameters"": ""{\""window_size\"": 10, \""input_dim\"": \""univariate\"", \""output_dim\"": \""1step\"", \""normalize_window\"": false, \""max_windows\"": 5000000, \""fourier_encoding_components\"": null, \""scale\"": true, \""datepart_method\"": null, \""regression_type\"": null, \""regression_model\"": {\""model\"": \""SVM\"", \""model_params\"": {\""C\"": 0.1, \""tol\"": 0.001, \""epsilon\"": 0.0, \""loss\"": \""squared_epsilon_insensitive\"", \""max_iter\"": 50}}}"", ""TransformationParameters"": ""{\""fillna\"": \""pchip\"", \""transformations\"": {\""0\"": \""Scaler\""}, \""transformation_params\"": {\""0\"": {}}}""}}, ""model_weights"": {}, ""point_method"": ""mean""}","{""fillna"": ""ffill"", ""transformations"": {""0"": ""AlignLastValue"", ""1"": ""SeasonalDifference"", ""2"": ""AlignLastValue""}, ""transformation_params"": {""0"": {""rows"": 1, ""lag"": 1, ""method"": ""additive"", ""strength"": 0.7, ""first_value_only"": false, ""threshold"": 1, ""threshold_method"": ""max""}, ""1"": {""lag_1"": 7, ""method"": 20}, ""2"": {""rows"": 1, ""lag"": 28, ""method"": ""multiplicative"", ""strength"": 1.0, ""first_value_only"": false, ""threshold"": null, ""threshold_method"": ""mean""}}}",1,1,17.72849513826322,1.1648904541697127,1.3023586617586145,0.578432881836774,1.1648904541697127,0.0,-0.21013039892132568,0.7384169061302349,104.63001047635282,1.1647491219286794,1.1916403749950495,0.022222222222222223,0.5444444444444444,2.9580126027141223,0.32222222222222224,1.932286813685181,0.9705922761033923,4.733363268438665,2.7623612792169863,0.23770534005812796,104.41988007743149,59.61477630285487,14.551388906144545,0.18920063202686252,17.72849513826322,1.1648904541697127,1.3023586617586145,0.578432881836774,1.1648904541697127,0.0,0.7384169061302349,1.1647491219286794,1.1916403749950495,2.9580126027141223,0.32222222222222224,1.932286813685181,0.9705922761033923,4.733363268438665,2.7623612792169863,0.23770534005812796,104.41988007743149,59.61477630285487,14.551388906144545,0.18920063202686252,0.022222222222222223,0.5444444444444444,5.0169,38.5983413110328,16.756264891025413,Wh,16.756264891025413,Wh
121,677b0fefc850c72088fbed7fc0e3ef5b,WindowRegression,"{""window_size"": 20, ""input_dim"": ""univariate"", ""output_dim"": ""1step"", ""normalize_window"": true, ""max_windows"": 5000000, ""fourier_encoding_components"": null, ""scale"": true, ""datepart_method"": null, ""regression_type"": null, ""regression_model"": {""model"": ""PoissonRegresssion"", ""model_params"": {}}}","{""fillna"": ""akima"", ""transformations"": {""0"": ""Scaler"", ""1"": ""Scaler"", ""2"": ""Scaler""}, ""transformation_params"": {""0"": {}, ""1"": {}, ""2"": {}}}",0,1,21.77149172217122,1.4684640910433895,1.5729124754519814,0.5780060705141946,1.4684640910433895,0.0,0.0,0.8788999928173614,132.16176819390506,1.4684640910433895,0.7037304640995412,0.32222222222222224,0.37777777777777777,3.0807870916987827,0.03333333333333333,2.262120403073887,1.2773910203274363,5.945812466782637,3.9004531615836155,0.07396379896133805,132.16176819390506,76.43013145461809,18.63560473927983,0.23946675722604036,21.77149172217122,1.4684640910433895,1.5729124754519814,0.5780060705141946,1.4684640910433895,0.0,0.8788999928173614,1.4684640910433895,0.7037304640995412,3.0807870916987827,0.03333333333333333,2.262120403073887,1.2773910203274363,5.945812466782637,3.9004531615836155,0.07396379896133805,132.16176819390506,76.43013145461809,18.63560473927983,0.23946675722604036,0.32222222222222224,0.37777777777777777,0.4905,38.361351472496615,21.12299332903371,Wh,21.12299332903371,Wh
122,d137d5a733cda56997d1c89d5d1ff258,Ensemble,"{""model_name"": ""BestN"", ""model_count"": 5, ""model_metric"": ""bestn_horizontal"", ""models"": {""860cd5b05944ecb82d3157f8432afabb"": {""Model"": ""WindowRegression"", ""ModelParameters"": ""{\""window_size\"": 10, \""input_dim\"": \""univariate\"", \""output_dim\"": \""1step\"", \""normalize_window\"": false, \""max_windows\"": 5000000, \""fourier_encoding_components\"": null, \""scale\"": true, \""datepart_method\"": null, \""regression_type\"": null, \""regression_model\"": {\""model\"": \""SVM\"", \""model_params\"": {\""C\"": 0.1, \""tol\"": 0.001, \""epsilon\"": 0.0, \""loss\"": \""squared_epsilon_insensitive\"", \""max_iter\"": 50}}}"", ""TransformationParameters"": ""{\""fillna\"": \""pchip\"", \""transformations\"": {\""0\"": \""Scaler\""}, \""transformation_params\"": {\""0\"": {}}}""}, ""c0b1c7a0ef49e381d5aea93045d68ec6"": {""Model"": ""WindowRegression"", ""ModelParameters"": ""{\""window_size\"": 10, \""input_dim\"": \""univariate\"", \""output_dim\"": \""1step\"", \""normalize_window\"": false, \""max_windows\"": 5000000, \""fourier_encoding_components\"": null, \""scale\"": true, \""datepart_method\"": null, \""regression_type\"": null, \""regression_model\"": {\""model\"": \""SVM\"", \""model_params\"": {\""C\"": 0.1, \""tol\"": 0.001, \""epsilon\"": 0.0, \""loss\"": \""squared_epsilon_insensitive\"", \""max_iter\"": 50}}}"", ""TransformationParameters"": ""{\""fillna\"": \""ffill\"", \""transformations\"": {\""0\"": \""DatepartRegression\"", \""1\"": \""DatepartRegression\"", \""2\"": \""MinMaxScaler\"", \""3\"": \""Scaler\""}, \""transformation_params\"": {\""0\"": {\""regression_model\"": {\""model\"": \""ElasticNet\"", \""model_params\"": {\""l1_ratio\"": 0.5, \""fit_intercept\"": true, \""selection\"": \""cyclic\"", \""max_iter\"": 1000}}, \""datepart_method\"": \""anchored_segment_fourier:us_school\"", \""polynomial_degree\"": null, \""transform_dict\"": null, \""holiday_countries_used\"": false, \""lags\"": null, \""forward_lags\"": null}, \""1\"": {\""regression_model\"": {\""model\"": \""ElasticNet\"", \""model_params\"": {\""l1_ratio\"": 0.9, \""fit_intercept\"": true, \""selection\"": \""cyclic\"", \""max_iter\"": 200}}, \""datepart_method\"": \""common_fourier\"", \""polynomial_degree\"": null, \""transform_dict\"": null, \""holiday_countries_used\"": false, \""lags\"": null, \""forward_lags\"": 2}, \""2\"": {}, \""3\"": {}}}""}, ""610f0e543b94fb05cd2d59dc7f408967"": {""Model"": ""WindowRegression"", ""ModelParameters"": ""{\""window_size\"": 10, \""input_dim\"": \""univariate\"", \""output_dim\"": \""1step\"", \""normalize_window\"": false, \""max_windows\"": 5000000, \""fourier_encoding_components\"": null, \""scale\"": true, \""datepart_method\"": null, \""regression_type\"": null, \""regression_model\"": {\""model\"": \""SVM\"", \""model_params\"": {\""C\"": 0.1, \""tol\"": 0.001, \""epsilon\"": 0.0, \""loss\"": \""squared_epsilon_insensitive\"", \""max_iter\"": 50}}}"", ""TransformationParameters"": ""{\""fillna\"": \""rolling_mean_24\"", \""transformations\"": {\""0\"": \""DatepartRegression\"", \""1\"": \""DatepartRegression\"", \""2\"": \""MinMaxScaler\""}, \""transformation_params\"": {\""0\"": {\""regression_model\"": {\""model\"": \""ElasticNet\"", \""model_params\"": {\""l1_ratio\"": 0.5, \""fit_intercept\"": true, \""selection\"": \""cyclic\"", \""max_iter\"": 1000}}, \""datepart_method\"": \""anchored_segment_fourier:us_school\"", \""polynomial_degree\"": null, \""transform_dict\"": null, \""holiday_countries_used\"": false, \""lags\"": null, \""forward_lags\"": null}, \""1\"": {\""regression_model\"": {\""model\"": \""ElasticNet\"", \""model_params\"": {\""l1_ratio\"": 0.9, \""fit_intercept\"": true, \""selection\"": \""cyclic\"", \""max_iter\"": 200}}, \""datepart_method\"": \""common_fourier\"", \""polynomial_degree\"": null, \""transform_dict\"": null, \""holiday_countries_used\"": false, \""lags\"": null, \""forward_lags\"": 2}, \""2\"": {}}}""}, ""727a69c39da55c22e462197e5cede5c2"": {""Model"": ""WindowRegression"", ""ModelParameters"": ""{\""window_size\"": 10, \""input_dim\"": \""univariate\"", \""output_dim\"": \""1step\"", \""normalize_window\"": false, \""max_windows\"": 5000000, \""fourier_encoding_components\"": null, \""scale\"": true, \""datepart_method\"": null, \""regression_type\"": null, \""regression_model\"": {\""model\"": \""SVM\"", \""model_params\"": {\""C\"": 0.1, \""tol\"": 0.001, \""epsilon\"": 0.0, \""loss\"": \""squared_epsilon_insensitive\"", \""max_iter\"": 50}}}"", ""TransformationParameters"": ""{\""fillna\"": \""ffill\"", \""transformations\"": {\""0\"": \""MinMaxScaler\""}, \""transformation_params\"": {\""0\"": {}}}""}, ""474b2b4c4272ab687933f5d9bc0a6613"": {""Model"": ""WindowRegression"", ""ModelParameters"": ""{\""window_size\"": 10, \""input_dim\"": \""univariate\"", \""output_dim\"": \""1step\"", \""normalize_window\"": false, \""max_windows\"": 5000000, \""fourier_encoding_components\"": null, \""scale\"": true, \""datepart_method\"": null, \""regression_type\"": null, \""regression_model\"": {\""model\"": \""SVM\"", \""model_params\"": {\""C\"": 0.1, \""tol\"": 0.001, \""epsilon\"": 0.0, \""loss\"": \""squared_epsilon_insensitive\"", \""max_iter\"": 50}}}"", ""TransformationParameters"": ""{\""fillna\"": \""ffill\"", \""transformations\"": {\""0\"": \""DatepartRegression\"", \""1\"": \""MinMaxScaler\""}, \""transformation_params\"": {\""0\"": {\""regression_model\"": {\""model\"": \""ElasticNet\"", \""model_params\"": {\""l1_ratio\"": 0.5, \""fit_intercept\"": true, \""selection\"": \""cyclic\"", \""max_iter\"": 1000}}, \""datepart_method\"": \""anchored_segment_fourier:us_school\"", \""polynomial_degree\"": null, \""transform_dict\"": null, \""holiday_countries_used\"": false, \""lags\"": null, \""forward_lags\"": null}, \""1\"": {}}}""}}, ""point_method"": ""median"", ""model_weights"": {}}","{""fillna"": ""ffill"", ""transformations"": {""0"": ""AlignLastValue"", ""1"": ""SeasonalDifference"", ""2"": ""AlignLastValue""}, ""transformation_params"": {""0"": {""rows"": 1, ""lag"": 1, ""method"": ""additive"", ""strength"": 0.7, ""first_value_only"": false, ""threshold"": 1, ""threshold_method"": ""max""}, ""1"": {""lag_1"": 7, ""method"": 20}, ""2"": {""rows"": 1, ""lag"": 28, ""method"": ""multiplicative"", ""strength"": 1.0, ""first_value_only"": false, ""threshold"": null, ""threshold_method"": ""mean""}}}",1,7,17.79605172681811,1.2289796322576014,1.4464273774633016,0.6124027225434198,1.2289796322576014,0.0,-630.2248566143322,1.146002612701557,144.0323117079567,0.8232007332038467,1.0814084000971464,0.0015873015873015873,0.5603174603174603,3.276149004919109,0.6190476190476192,1.614726609899552,1.0002804243995718,4.1664867040378555,1.9582787933908552,0.4343667143763491,99.4283261469922,45.70246049949076,17.17952110144852,0.1548592959103414,17.79605172681811,1.2289796322576014,1.4464273774633016,0.6124027225434198,1.2289796322576014,0.0,1.146002612701557,0.8232007332038467,1.0814084000971464,3.276149004919109,0.6190476190476192,1.614726609899552,1.0002804243995718,4.1664867040378555,1.9582787933908552,0.4343667143763491,99.4283261469922,45.70246049949076,17.17952110144852,0.1548592959103414,0.0015873015873015873,0.5603174603174603,4.9224000000000006,38.11710168051815,17.81477214134985,Wh,17.81477214134985,Wh
123,fddb32d14223b6139cc2c61e6dc84f0c,Ensemble,"{""model_name"": ""BestN"", ""model_count"": 3, ""model_metric"": ""best_score"", ""models"": {""860cd5b05944ecb82d3157f8432afabb"": {""Model"": ""WindowRegression"", ""ModelParameters"": ""{\""window_size\"": 10, \""input_dim\"": \""univariate\"", \""output_dim\"": \""1step\"", \""normalize_window\"": false, \""max_windows\"": 5000000, \""fourier_encoding_components\"": null, \""scale\"": true, \""datepart_method\"": null, \""regression_type\"": null, \""regression_model\"": {\""model\"": \""SVM\"", \""model_params\"": {\""C\"": 0.1, \""tol\"": 0.001, \""epsilon\"": 0.0, \""loss\"": \""squared_epsilon_insensitive\"", \""max_iter\"": 50}}}"", ""TransformationParameters"": ""{\""fillna\"": \""pchip\"", \""transformations\"": {\""0\"": \""Scaler\""}, \""transformation_params\"": {\""0\"": {}}}""}, ""c0b1c7a0ef49e381d5aea93045d68ec6"": {""Model"": ""WindowRegression"", ""ModelParameters"": ""{\""window_size\"": 10, \""input_dim\"": \""univariate\"", \""output_dim\"": \""1step\"", \""normalize_window\"": false, \""max_windows\"": 5000000, \""fourier_encoding_components\"": null, \""scale\"": true, \""datepart_method\"": null, \""regression_type\"": null, \""regression_model\"": {\""model\"": \""SVM\"", \""model_params\"": {\""C\"": 0.1, \""tol\"": 0.001, \""epsilon\"": 0.0, \""loss\"": \""squared_epsilon_insensitive\"", \""max_iter\"": 50}}}"", ""TransformationParameters"": ""{\""fillna\"": \""ffill\"", \""transformations\"": {\""0\"": \""DatepartRegression\"", \""1\"": \""DatepartRegression\"", \""2\"": \""MinMaxScaler\"", \""3\"": \""Scaler\""}, \""transformation_params\"": {\""0\"": {\""regression_model\"": {\""model\"": \""ElasticNet\"", \""model_params\"": {\""l1_ratio\"": 0.5, \""fit_intercept\"": true, \""selection\"": \""cyclic\"", \""max_iter\"": 1000}}, \""datepart_method\"": \""anchored_segment_fourier:us_school\"", \""polynomial_degree\"": null, \""transform_dict\"": null, \""holiday_countries_used\"": false, \""lags\"": null, \""forward_lags\"": null}, \""1\"": {\""regression_model\"": {\""model\"": \""ElasticNet\"", \""model_params\"": {\""l1_ratio\"": 0.9, \""fit_intercept\"": true, \""selection\"": \""cyclic\"", \""max_iter\"": 200}}, \""datepart_method\"": \""common_fourier\"", \""polynomial_degree\"": null, \""transform_dict\"": null, \""holiday_countries_used\"": false, \""lags\"": null, \""forward_lags\"": 2}, \""2\"": {}, \""3\"": {}}}""}, ""610f0e543b94fb05cd2d59dc7f408967"": {""Model"": ""WindowRegression"", ""ModelParameters"": ""{\""window_size\"": 10, \""input_dim\"": \""univariate\"", \""output_dim\"": \""1step\"", \""normalize_window\"": false, \""max_windows\"": 5000000, \""fourier_encoding_components\"": null, \""scale\"": true, \""datepart_method\"": null, \""regression_type\"": null, \""regression_model\"": {\""model\"": \""SVM\"", \""model_params\"": {\""C\"": 0.1, \""tol\"": 0.001, \""epsilon\"": 0.0, \""loss\"": \""squared_epsilon_insensitive\"", \""max_iter\"": 50}}}"", ""TransformationParameters"": ""{\""fillna\"": \""rolling_mean_24\"", \""transformations\"": {\""0\"": \""DatepartRegression\"", \""1\"": \""DatepartRegression\"", \""2\"": \""MinMaxScaler\""}, \""transformation_params\"": {\""0\"": {\""regression_model\"": {\""model\"": \""ElasticNet\"", \""model_params\"": {\""l1_ratio\"": 0.5, \""fit_intercept\"": true, \""selection\"": \""cyclic\"", \""max_iter\"": 1000}}, \""datepart_method\"": \""anchored_segment_fourier:us_school\"", \""polynomial_degree\"": null, \""transform_dict\"": null, \""holiday_countries_used\"": false, \""lags\"": null, \""forward_lags\"": null}, \""1\"": {\""regression_model\"": {\""model\"": \""ElasticNet\"", \""model_params\"": {\""l1_ratio\"": 0.9, \""fit_intercept\"": true, \""selection\"": \""cyclic\"", \""max_iter\"": 200}}, \""datepart_method\"": \""common_fourier\"", \""polynomial_degree\"": null, \""transform_dict\"": null, \""holiday_countries_used\"": false, \""lags\"": null, \""forward_lags\"": 2}, \""2\"": {}}}""}}, ""model_weights"": {}, ""point_method"": ""mean""}","{""fillna"": ""ffill"", ""transformations"": {""0"": ""AlignLastValue"", ""1"": ""SeasonalDifference"", ""2"": ""AlignLastValue""}, ""transformation_params"": {""0"": {""rows"": 1, ""lag"": 1, ""method"": ""additive"", ""strength"": 0.7, ""first_value_only"": false, ""threshold"": 1, ""threshold_method"": ""max""}, ""1"": {""lag_1"": 7, ""method"": 20}, ""2"": {""rows"": 1, ""lag"": 28, ""method"": ""multiplicative"", ""strength"": 1.0, ""first_value_only"": false, ""threshold"": null, ""threshold_method"": ""mean""}}}",1,7,17.789474667129703,1.2285410137957875,1.4459931508254722,0.6123806225276545,1.2285410137957875,0.0,-630.015828462578,1.1456392951028493,143.96501022876816,0.8229363117789426,1.0811833407137932,0.0015873015873015873,0.5603174603174603,3.2765596759875253,0.6190476190476192,1.6145084600095483,0.9998368834832502,4.164622146511121,1.9567099137660722,0.4343636715026444,99.37752786261878,45.68264615120966,17.178895889991065,0.15477789515846055,17.789474667129703,1.2285410137957875,1.4459931508254722,0.6123806225276545,1.2285410137957875,0.0,1.1456392951028493,0.8229363117789426,1.0811833407137932,3.2765596759875253,0.6190476190476192,1.6145084600095483,0.9998368834832502,4.164622146511121,1.9567099137660722,0.4343636715026444,99.37752786261878,45.68264615120966,17.178895889991065,0.15477789515846055,0.0015873015873015873,0.5603174603174603,3.2709714285714284,38.10529121674134,17.810241071129855,Wh,17.810241071129855,Wh
124,b2035ae8aff200c5834717d75453690b,Ensemble,"{""model_name"": ""BestN"", ""model_count"": 5, ""model_metric"": ""bestn_horizontal"", ""models"": {""860cd5b05944ecb82d3157f8432afabb"": {""Model"": ""WindowRegression"", ""ModelParameters"": ""{\""window_size\"": 10, \""input_dim\"": \""univariate\"", \""output_dim\"": \""1step\"", \""normalize_window\"": false, \""max_windows\"": 5000000, \""fourier_encoding_components\"": null, \""scale\"": true, \""datepart_method\"": null, \""regression_type\"": null, \""regression_model\"": {\""model\"": \""SVM\"", \""model_params\"": {\""C\"": 0.1, \""tol\"": 0.001, \""epsilon\"": 0.0, \""loss\"": \""squared_epsilon_insensitive\"", \""max_iter\"": 50}}}"", ""TransformationParameters"": ""{\""fillna\"": \""pchip\"", \""transformations\"": {\""0\"": \""Scaler\""}, \""transformation_params\"": {\""0\"": {}}}""}, ""c0b1c7a0ef49e381d5aea93045d68ec6"": {""Model"": ""WindowRegression"", ""ModelParameters"": ""{\""window_size\"": 10, \""input_dim\"": \""univariate\"", \""output_dim\"": \""1step\"", \""normalize_window\"": false, \""max_windows\"": 5000000, \""fourier_encoding_components\"": null, \""scale\"": true, \""datepart_method\"": null, \""regression_type\"": null, \""regression_model\"": {\""model\"": \""SVM\"", \""model_params\"": {\""C\"": 0.1, \""tol\"": 0.001, \""epsilon\"": 0.0, \""loss\"": \""squared_epsilon_insensitive\"", \""max_iter\"": 50}}}"", ""TransformationParameters"": ""{\""fillna\"": \""ffill\"", \""transformations\"": {\""0\"": \""DatepartRegression\"", \""1\"": \""DatepartRegression\"", \""2\"": \""MinMaxScaler\"", \""3\"": \""Scaler\""}, \""transformation_params\"": {\""0\"": {\""regression_model\"": {\""model\"": \""ElasticNet\"", \""model_params\"": {\""l1_ratio\"": 0.5, \""fit_intercept\"": true, \""selection\"": \""cyclic\"", \""max_iter\"": 1000}}, \""datepart_method\"": \""anchored_segment_fourier:us_school\"", \""polynomial_degree\"": null, \""transform_dict\"": null, \""holiday_countries_used\"": false, \""lags\"": null, \""forward_lags\"": null}, \""1\"": {\""regression_model\"": {\""model\"": \""ElasticNet\"", \""model_params\"": {\""l1_ratio\"": 0.9, \""fit_intercept\"": true, \""selection\"": \""cyclic\"", \""max_iter\"": 200}}, \""datepart_method\"": \""common_fourier\"", \""polynomial_degree\"": null, \""transform_dict\"": null, \""holiday_countries_used\"": false, \""lags\"": null, \""forward_lags\"": 2}, \""2\"": {}, \""3\"": {}}}""}, ""610f0e543b94fb05cd2d59dc7f408967"": {""Model"": ""WindowRegression"", ""ModelParameters"": ""{\""window_size\"": 10, \""input_dim\"": \""univariate\"", \""output_dim\"": \""1step\"", \""normalize_window\"": false, \""max_windows\"": 5000000, \""fourier_encoding_components\"": null, \""scale\"": true, \""datepart_method\"": null, \""regression_type\"": null, \""regression_model\"": {\""model\"": \""SVM\"", \""model_params\"": {\""C\"": 0.1, \""tol\"": 0.001, \""epsilon\"": 0.0, \""loss\"": \""squared_epsilon_insensitive\"", \""max_iter\"": 50}}}"", ""TransformationParameters"": ""{\""fillna\"": \""rolling_mean_24\"", \""transformations\"": {\""0\"": \""DatepartRegression\"", \""1\"": \""DatepartRegression\"", \""2\"": \""MinMaxScaler\""}, \""transformation_params\"": {\""0\"": {\""regression_model\"": {\""model\"": \""ElasticNet\"", \""model_params\"": {\""l1_ratio\"": 0.5, \""fit_intercept\"": true, \""selection\"": \""cyclic\"", \""max_iter\"": 1000}}, \""datepart_method\"": \""anchored_segment_fourier:us_school\"", \""polynomial_degree\"": null, \""transform_dict\"": null, \""holiday_countries_used\"": false, \""lags\"": null, \""forward_lags\"": null}, \""1\"": {\""regression_model\"": {\""model\"": \""ElasticNet\"", \""model_params\"": {\""l1_ratio\"": 0.9, \""fit_intercept\"": true, \""selection\"": \""cyclic\"", \""max_iter\"": 200}}, \""datepart_method\"": \""common_fourier\"", \""polynomial_degree\"": null, \""transform_dict\"": null, \""holiday_countries_used\"": false, \""lags\"": null, \""forward_lags\"": 2}, \""2\"": {}}}""}, ""727a69c39da55c22e462197e5cede5c2"": {""Model"": ""WindowRegression"", ""ModelParameters"": ""{\""window_size\"": 10, \""input_dim\"": \""univariate\"", \""output_dim\"": \""1step\"", \""normalize_window\"": false, \""max_windows\"": 5000000, \""fourier_encoding_components\"": null, \""scale\"": true, \""datepart_method\"": null, \""regression_type\"": null, \""regression_model\"": {\""model\"": \""SVM\"", \""model_params\"": {\""C\"": 0.1, \""tol\"": 0.001, \""epsilon\"": 0.0, \""loss\"": \""squared_epsilon_insensitive\"", \""max_iter\"": 50}}}"", ""TransformationParameters"": ""{\""fillna\"": \""ffill\"", \""transformations\"": {\""0\"": \""MinMaxScaler\""}, \""transformation_params\"": {\""0\"": {}}}""}, ""474b2b4c4272ab687933f5d9bc0a6613"": {""Model"": ""WindowRegression"", ""ModelParameters"": ""{\""window_size\"": 10, \""input_dim\"": \""univariate\"", \""output_dim\"": \""1step\"", \""normalize_window\"": false, \""max_windows\"": 5000000, \""fourier_encoding_components\"": null, \""scale\"": true, \""datepart_method\"": null, \""regression_type\"": null, \""regression_model\"": {\""model\"": \""SVM\"", \""model_params\"": {\""C\"": 0.1, \""tol\"": 0.001, \""epsilon\"": 0.0, \""loss\"": \""squared_epsilon_insensitive\"", \""max_iter\"": 50}}}"", ""TransformationParameters"": ""{\""fillna\"": \""ffill\"", \""transformations\"": {\""0\"": \""DatepartRegression\"", \""1\"": \""MinMaxScaler\""}, \""transformation_params\"": {\""0\"": {\""regression_model\"": {\""model\"": \""ElasticNet\"", \""model_params\"": {\""l1_ratio\"": 0.5, \""fit_intercept\"": true, \""selection\"": \""cyclic\"", \""max_iter\"": 1000}}, \""datepart_method\"": \""anchored_segment_fourier:us_school\"", \""polynomial_degree\"": null, \""transform_dict\"": null, \""holiday_countries_used\"": false, \""lags\"": null, \""forward_lags\"": null}, \""1\"": {}}}""}}, ""point_method"": ""median"", ""model_weights"": {}}","{""fillna"": ""quadratic"", ""transformations"": {""0"": ""AlignLastValue"", ""1"": ""ChangepointDetrend""}, ""transformation_params"": {""0"": {""rows"": 1, ""lag"": 1, ""method"": ""multiplicative"", ""strength"": 1.0, ""first_value_only"": false, ""threshold"": null, ""threshold_method"": ""mean""}, ""1"": {""model"": ""Linear"", ""changepoint_spacing"": 180, ""changepoint_distance_end"": 360, ""datepart_method"": null}}}",1,7,20.298915748668293,1.369031073014742,1.5986752613548485,0.6563321529932293,1.369031073014742,0.0,-789.7447020871468,1.33556869166323,72.74487391214055,0.8219897098981507,0.7984949159918179,0.23174603174603176,0.5126984126984127,4.02059395149822,0.4714285714285714,1.7991469232287653,1.1145670501703113,4.58496352678903,2.2515120787330125,0.4073550369897075,114.3877172800244,50.97920325567305,16.098048935782064,0.17478487214236224,20.298915748668293,1.369031073014742,1.5986752613548485,0.6563321529932293,1.369031073014742,0.0,1.33556869166323,0.8219897098981507,0.7984949159918179,4.02059395149822,0.4714285714285714,1.7991469232287653,1.1145670501703113,4.58496352678903,2.2515120787330125,0.4073550369897075,114.3877172800244,50.97920325567305,16.098048935782064,0.17478487214236224,0.23174603174603176,0.5126984126984127,5.068757142857143,37.88315371049982,21.69449807957801,Wh,21.69449807957801,Wh
125,c3165f3dbc0cf0a44d396a9774efa326,Ensemble,"{""model_name"": ""BestN"", ""model_count"": 3, ""model_metric"": ""best_score"", ""models"": {""860cd5b05944ecb82d3157f8432afabb"": {""Model"": ""WindowRegression"", ""ModelParameters"": ""{\""window_size\"": 10, \""input_dim\"": \""univariate\"", \""output_dim\"": \""1step\"", \""normalize_window\"": false, \""max_windows\"": 5000000, \""fourier_encoding_components\"": null, \""scale\"": true, \""datepart_method\"": null, \""regression_type\"": null, \""regression_model\"": {\""model\"": \""SVM\"", \""model_params\"": {\""C\"": 0.1, \""tol\"": 0.001, \""epsilon\"": 0.0, \""loss\"": \""squared_epsilon_insensitive\"", \""max_iter\"": 50}}}"", ""TransformationParameters"": ""{\""fillna\"": \""pchip\"", \""transformations\"": {\""0\"": \""Scaler\""}, \""transformation_params\"": {\""0\"": {}}}""}, ""c0b1c7a0ef49e381d5aea93045d68ec6"": {""Model"": ""WindowRegression"", ""ModelParameters"": ""{\""window_size\"": 10, \""input_dim\"": \""univariate\"", \""output_dim\"": \""1step\"", \""normalize_window\"": false, \""max_windows\"": 5000000, \""fourier_encoding_components\"": null, \""scale\"": true, \""datepart_method\"": null, \""regression_type\"": null, \""regression_model\"": {\""model\"": \""SVM\"", \""model_params\"": {\""C\"": 0.1, \""tol\"": 0.001, \""epsilon\"": 0.0, \""loss\"": \""squared_epsilon_insensitive\"", \""max_iter\"": 50}}}"", ""TransformationParameters"": ""{\""fillna\"": \""ffill\"", \""transformations\"": {\""0\"": \""DatepartRegression\"", \""1\"": \""DatepartRegression\"", \""2\"": \""MinMaxScaler\"", \""3\"": \""Scaler\""}, \""transformation_params\"": {\""0\"": {\""regression_model\"": {\""model\"": \""ElasticNet\"", \""model_params\"": {\""l1_ratio\"": 0.5, \""fit_intercept\"": true, \""selection\"": \""cyclic\"", \""max_iter\"": 1000}}, \""datepart_method\"": \""anchored_segment_fourier:us_school\"", \""polynomial_degree\"": null, \""transform_dict\"": null, \""holiday_countries_used\"": false, \""lags\"": null, \""forward_lags\"": null}, \""1\"": {\""regression_model\"": {\""model\"": \""ElasticNet\"", \""model_params\"": {\""l1_ratio\"": 0.9, \""fit_intercept\"": true, \""selection\"": \""cyclic\"", \""max_iter\"": 200}}, \""datepart_method\"": \""common_fourier\"", \""polynomial_degree\"": null, \""transform_dict\"": null, \""holiday_countries_used\"": false, \""lags\"": null, \""forward_lags\"": 2}, \""2\"": {}, \""3\"": {}}}""}, ""610f0e543b94fb05cd2d59dc7f408967"": {""Model"": ""WindowRegression"", ""ModelParameters"": ""{\""window_size\"": 10, \""input_dim\"": \""univariate\"", \""output_dim\"": \""1step\"", \""normalize_window\"": false, \""max_windows\"": 5000000, \""fourier_encoding_components\"": null, \""scale\"": true, \""datepart_method\"": null, \""regression_type\"": null, \""regression_model\"": {\""model\"": \""SVM\"", \""model_params\"": {\""C\"": 0.1, \""tol\"": 0.001, \""epsilon\"": 0.0, \""loss\"": \""squared_epsilon_insensitive\"", \""max_iter\"": 50}}}"", ""TransformationParameters"": ""{\""fillna\"": \""rolling_mean_24\"", \""transformations\"": {\""0\"": \""DatepartRegression\"", \""1\"": \""DatepartRegression\"", \""2\"": \""MinMaxScaler\""}, \""transformation_params\"": {\""0\"": {\""regression_model\"": {\""model\"": \""ElasticNet\"", \""model_params\"": {\""l1_ratio\"": 0.5, \""fit_intercept\"": true, \""selection\"": \""cyclic\"", \""max_iter\"": 1000}}, \""datepart_method\"": \""anchored_segment_fourier:us_school\"", \""polynomial_degree\"": null, \""transform_dict\"": null, \""holiday_countries_used\"": false, \""lags\"": null, \""forward_lags\"": null}, \""1\"": {\""regression_model\"": {\""model\"": \""ElasticNet\"", \""model_params\"": {\""l1_ratio\"": 0.9, \""fit_intercept\"": true, \""selection\"": \""cyclic\"", \""max_iter\"": 200}}, \""datepart_method\"": \""common_fourier\"", \""polynomial_degree\"": null, \""transform_dict\"": null, \""holiday_countries_used\"": false, \""lags\"": null, \""forward_lags\"": 2}, \""2\"": {}}}""}}, ""model_weights"": {}, ""point_method"": ""mean""}","{""fillna"": ""quadratic"", ""transformations"": {""0"": ""AlignLastValue"", ""1"": ""ChangepointDetrend""}, ""transformation_params"": {""0"": {""rows"": 1, ""lag"": 1, ""method"": ""multiplicative"", ""strength"": 1.0, ""first_value_only"": false, ""threshold"": null, ""threshold_method"": ""mean""}, ""1"": {""model"": ""Linear"", ""changepoint_spacing"": 180, ""changepoint_distance_end"": 360, ""datepart_method"": null}}}",1,7,20.30072199212712,1.369112111945006,1.5985619686449242,0.6562361331207907,1.369112111945006,0.0,-790.1475534478716,1.3358491078212438,72.39307707748229,0.8218070338546716,0.7983868624142642,0.23174603174603176,0.5126984126984127,4.019409576792254,0.4714285714285714,1.7991512215471466,1.1147389881858543,4.585647368609144,2.2518654426548466,0.4070403848942962,114.37088929682726,50.96372982459234,16.108466320914,0.17474075351486135,20.30072199212712,1.369112111945006,1.5985619686449242,0.6562361331207907,1.369112111945006,0.0,1.3358491078212438,0.8218070338546716,0.7983868624142642,4.019409576792254,0.4714285714285714,1.7991512215471466,1.1147389881858543,4.585647368609144,2.2518654426548466,0.4070403848942962,114.37088929682726,50.96372982459234,16.108466320914,0.17474075351486135,0.23174603174603176,0.5126984126984127,3.4305857142857143,37.882810199155,21.70134452783207,Wh,21.70134452783207,Wh
126,ee36ae3904233168ae7de68e7a50a28f,Ensemble,"{""model_name"": ""BestN"", ""model_count"": 5, ""model_metric"": ""mixed_metric"", ""models"": {""860cd5b05944ecb82d3157f8432afabb"": {""Model"": ""WindowRegression"", ""ModelParameters"": ""{\""window_size\"": 10, \""input_dim\"": \""univariate\"", \""output_dim\"": \""1step\"", \""normalize_window\"": false, \""max_windows\"": 5000000, \""fourier_encoding_components\"": null, \""scale\"": true, \""datepart_method\"": null, \""regression_type\"": null, \""regression_model\"": {\""model\"": \""SVM\"", \""model_params\"": {\""C\"": 0.1, \""tol\"": 0.001, \""epsilon\"": 0.0, \""loss\"": \""squared_epsilon_insensitive\"", \""max_iter\"": 50}}}"", ""TransformationParameters"": ""{\""fillna\"": \""pchip\"", \""transformations\"": {\""0\"": \""Scaler\""}, \""transformation_params\"": {\""0\"": {}}}""}, ""c0b1c7a0ef49e381d5aea93045d68ec6"": {""Model"": ""WindowRegression"", ""ModelParameters"": ""{\""window_size\"": 10, \""input_dim\"": \""univariate\"", \""output_dim\"": \""1step\"", \""normalize_window\"": false, \""max_windows\"": 5000000, \""fourier_encoding_components\"": null, \""scale\"": true, \""datepart_method\"": null, \""regression_type\"": null, \""regression_model\"": {\""model\"": \""SVM\"", \""model_params\"": {\""C\"": 0.1, \""tol\"": 0.001, \""epsilon\"": 0.0, \""loss\"": \""squared_epsilon_insensitive\"", \""max_iter\"": 50}}}"", ""TransformationParameters"": ""{\""fillna\"": \""ffill\"", \""transformations\"": {\""0\"": \""DatepartRegression\"", \""1\"": \""DatepartRegression\"", \""2\"": \""MinMaxScaler\"", \""3\"": \""Scaler\""}, \""transformation_params\"": {\""0\"": {\""regression_model\"": {\""model\"": \""ElasticNet\"", \""model_params\"": {\""l1_ratio\"": 0.5, \""fit_intercept\"": true, \""selection\"": \""cyclic\"", \""max_iter\"": 1000}}, \""datepart_method\"": \""anchored_segment_fourier:us_school\"", \""polynomial_degree\"": null, \""transform_dict\"": null, \""holiday_countries_used\"": false, \""lags\"": null, \""forward_lags\"": null}, \""1\"": {\""regression_model\"": {\""model\"": \""ElasticNet\"", \""model_params\"": {\""l1_ratio\"": 0.9, \""fit_intercept\"": true, \""selection\"": \""cyclic\"", \""max_iter\"": 200}}, \""datepart_method\"": \""common_fourier\"", \""polynomial_degree\"": null, \""transform_dict\"": null, \""holiday_countries_used\"": false, \""lags\"": null, \""forward_lags\"": 2}, \""2\"": {}, \""3\"": {}}}""}, ""b56ba147e1633d9995afee23f1bd58c7"": {""Model"": ""WindowRegression"", ""ModelParameters"": ""{\""window_size\"": 20, \""input_dim\"": \""univariate\"", \""output_dim\"": \""1step\"", \""normalize_window\"": false, \""max_windows\"": 5000000, \""fourier_encoding_components\"": null, \""scale\"": false, \""datepart_method\"": null, \""regression_type\"": null, \""regression_model\"": {\""model\"": \""xgboost\"", \""model_params\"": {\""booster\"": \""gbtree\"", \""objective\"": \""reg:squarederror\"", \""max_depth\"": 6, \""eta\"": 0.003, \""min_child_weight\"": 0.5, \""subsample\"": 1, \""colsample_bylevel\"": 0.9, \""reg_alpha\"": 0, \""reg_lambda\"": 1, \""n_estimators\"": 7, \""multi_strategy\"": \""multi_output_tree\"", \""tree_method\"": \""hist\""}}}"", ""TransformationParameters"": ""{\""fillna\"": \""ffill\"", \""transformations\"": {\""0\"": \""Scaler\"", \""1\"": \""Detrend\"", \""2\"": \""MinMaxScaler\""}, \""transformation_params\"": {\""0\"": {}, \""1\"": {\""model\"": \""Linear\"", \""phi\"": 1, \""window\"": 30, \""transform_dict\"": null}, \""2\"": {}}}""}, ""7d046fbef1e1594270dc26a3315f53d9"": {""Model"": ""WindowRegression"", ""ModelParameters"": ""{\""window_size\"": 10, \""input_dim\"": \""univariate\"", \""output_dim\"": \""1step\"", \""normalize_window\"": false, \""max_windows\"": 5000000, \""fourier_encoding_components\"": null, \""scale\"": true, \""datepart_method\"": null, \""regression_type\"": null, \""regression_model\"": {\""model\"": \""SVM\"", \""model_params\"": {\""C\"": 0.1, \""tol\"": 0.001, \""epsilon\"": 0.0, \""loss\"": \""squared_epsilon_insensitive\"", \""max_iter\"": 50}}}"", ""TransformationParameters"": ""{\""fillna\"": \""ffill\"", \""transformations\"": {\""0\"": \""Scaler\"", \""1\"": \""Detrend\""}, \""transformation_params\"": {\""0\"": {}, \""1\"": {\""model\"": \""Linear\"", \""phi\"": 1, \""window\"": 30, \""transform_dict\"": null}}}""}, ""e9ab0dee8ad32b476a4ab9bc6aed1fef"": {""Model"": ""RollingRegression"", ""ModelParameters"": ""{\""regression_model\"": {\""model\"": \""RANSAC\"", \""model_params\"": {}}, \""holiday\"": true, \""mean_rolling_periods\"": 12, \""macd_periods\"": 24, \""std_rolling_periods\"": 30, \""max_rolling_periods\"": 12, \""min_rolling_periods\"": null, \""ewm_var_alpha\"": null, \""quantile90_rolling_periods\"": null, \""quantile10_rolling_periods\"": null, \""ewm_alpha\"": 0.8, \""additional_lag_periods\"": 6, \""abs_energy\"": false, \""rolling_autocorr_periods\"": null, \""nonzero_last_n\"": null, \""add_date_part\"": null, \""polynomial_degree\"": null, \""x_transform\"": null, \""regression_type\"": null}"", ""TransformationParameters"": ""{\""fillna\"": \""ffill\"", \""transformations\"": {\""0\"": \""Scaler\"", \""1\"": \""Detrend\"", \""2\"": \""DatepartRegression\""}, \""transformation_params\"": {\""0\"": {}, \""1\"": {\""model\"": \""Linear\"", \""phi\"": 1, \""window\"": 30, \""transform_dict\"": null}, \""2\"": {\""regression_model\"": {\""model\"": \""ElasticNet\"", \""model_params\"": {\""l1_ratio\"": 0.5, \""fit_intercept\"": true, \""selection\"": \""cyclic\"", \""max_iter\"": 1000}}, \""datepart_method\"": \""common_fourier\"", \""polynomial_degree\"": null, \""transform_dict\"": null, \""holiday_countries_used\"": false, \""lags\"": null, \""forward_lags\"": null}}}""}}, ""point_method"": ""kalman"", ""model_weights"": {}}","{""fillna"": ""linear"", ""transformations"": {""0"": ""Constraint""}, ""transformation_params"": {""0"": {""constraint_method"": ""quantile"", ""constraint_direction"": ""lower"", ""constraint_regularization"": 0.7, ""constraint_value"": 0.5, ""bounds_only"": false, ""fillna"": ""linear""}}}",1,1,16.44216495403738,1.0694013142558503,1.1994272074222145,0.5501184552516946,1.0694013142558503,0.0,-0.05238381905045042,0.6952860691345408,96.19373446397609,1.0693865817639694,1.2499752431671678,0.011111111111111112,0.5333333333333333,2.7504930632600573,0.5222222222222223,1.7395193953928016,0.8816824797010002,4.257531243486494,2.1615558641570476,0.010477610382227814,96.14135064492564,56.07613585431066,22.944724537997132,0.17420058606127037,16.44216495403738,1.0694013142558503,1.1994272074222145,0.5501184552516946,1.0694013142558503,0.0,0.6952860691345408,1.0693865817639694,1.2499752431671678,2.7504930632600573,0.5222222222222223,1.7395193953928016,0.8816824797010002,4.257531243486494,2.1615558641570476,0.010477610382227814,96.14135064492564,56.07613585431066,22.944724537997132,0.17420058606127037,0.011111111111111112,0.5333333333333333,7.7031,37.45974388301039,15.38270970659967,Wh,15.38270970659967,Wh
127,03cca691c100009e8a7c2641f72dbbfa,RollingRegression,"{""regression_model"": {""model"": ""ExtraTrees"", ""model_params"": {""n_estimators"": 100, ""min_samples_leaf"": 1, ""min_samples_split"": 2, ""max_depth"": null, ""criterion"": ""squared_error"", ""max_features"": 1}}, ""holiday"": false, ""mean_rolling_periods"": 30, ""macd_periods"": 24, ""std_rolling_periods"": 30, ""max_rolling_periods"": null, ""min_rolling_periods"": 28, ""ewm_var_alpha"": null, ""quantile90_rolling_periods"": null, ""quantile10_rolling_periods"": null, ""ewm_alpha"": null, ""additional_lag_periods"": 6, ""abs_energy"": false, ""rolling_autocorr_periods"": null, ""nonzero_last_n"": null, ""add_date_part"": null, ""polynomial_degree"": null, ""x_transform"": null, ""regression_type"": null}","{""fillna"": ""mean"", ""transformations"": {""0"": ""Scaler"", ""1"": ""DatepartRegression"", ""2"": ""DatepartRegression""}, ""transformation_params"": {""0"": {}, ""1"": {""regression_model"": {""model"": ""DecisionTree"", ""model_params"": {""max_depth"": 9, ""min_samples_split"": 1.0}}, ""datepart_method"": ""common_fourier_rw"", ""polynomial_degree"": null, ""transform_dict"": null, ""holiday_countries_used"": false, ""lags"": null, ""forward_lags"": null}, ""2"": {""regression_model"": {""model"": ""ElasticNet"", ""model_params"": {""l1_ratio"": 0.5, ""fit_intercept"": true, ""selection"": ""cyclic"", ""max_iter"": 1000}}, ""datepart_method"": ""common_fourier"", ""polynomial_degree"": null, ""transform_dict"": null, ""holiday_countries_used"": false, ""lags"": null, ""forward_lags"": null}}}",0,1,21.82904949440576,1.4736882850593989,1.5938082265253701,0.6029526724368292,1.4736882850593989,0.0,-0.20662158250808638,0.8757937578433346,132.4253240728378,1.473479427186078,0.5790625159834236,0.7111111111111111,0.4888888888888889,3.375796418190003,0.03333333333333333,2.278593685039244,1.272752859498325,6.0255823108601145,3.869305046825487,0.26423735700770873,132.21870249032972,75.00888916613229,15.968343876556878,0.23956991770524758,21.82904949440576,1.4736882850593989,1.5938082265253701,0.6029526724368292,1.4736882850593989,0.0,0.8757937578433346,1.473479427186078,0.5790625159834236,3.375796418190003,0.03333333333333333,2.278593685039244,1.272752859498325,6.0255823108601145,3.869305046825487,0.26423735700770873,132.21870249032972,75.00888916613229,15.968343876556878,0.23956991770524758,0.7111111111111111,0.4888888888888889,3.1268,37.00460554167752,21.198140291102995,Wh,21.198140291102995,Wh
128,927f8c402d93eba11011ff9ae8879530,WindowRegression,"{""window_size"": 24, ""input_dim"": ""univariate"", ""output_dim"": ""1step"", ""normalize_window"": false, ""max_windows"": 5000000, ""fourier_encoding_components"": null, ""scale"": true, ""datepart_method"": null, ""regression_type"": null, ""regression_model"": {""model"": ""ElasticNet"", ""model_params"": {""l1_ratio"": 0.5, ""fit_intercept"": true, ""selection"": ""cyclic"", ""max_iter"": 2000}}}","{""fillna"": ""akima"", ""transformations"": {""0"": ""DatepartRegression"", ""1"": ""Scaler"", ""2"": ""Scaler""}, ""transformation_params"": {""0"": {""regression_model"": {""model"": ""ElasticNet"", ""model_params"": {""l1_ratio"": 0.5, ""fit_intercept"": true, ""selection"": ""cyclic"", ""max_iter"": 1000}}, ""datepart_method"": ""recurring"", ""polynomial_degree"": null, ""transform_dict"": null, ""holiday_countries_used"": false, ""lags"": null, ""forward_lags"": null}, ""1"": {}, ""2"": {}}}",0,1,21.22685835450794,1.426232047496581,1.533213246395147,0.5558348448687945,1.426232047496581,0.0,0.0,0.8608326323214556,128.3608842746923,1.426232047496581,0.6502410727894868,0.4111111111111111,0.5111111111111111,3.0270219965586067,0.03333333333333333,2.229095906323514,1.2344633158030875,5.808315201903128,3.690262774186739,0.01171737699921363,128.3608842746923,73.50584771509433,22.81291448312974,0.23257985370496245,21.22685835450794,1.426232047496581,1.533213246395147,0.5558348448687945,1.426232047496581,0.0,0.8608326323214556,1.426232047496581,0.6502410727894868,3.0270219965586067,0.03333333333333333,2.229095906323514,1.2344633158030875,5.808315201903128,3.690262774186739,0.01171737699921363,128.3608842746923,73.50584771509433,22.81291448312974,0.23257985370496245,0.4111111111111111,0.5111111111111111,0.3944,36.93512417902787,20.5155101910042,Wh,20.5155101910042,Wh
129,c98086b5bca62d70046ebd9922680ff0,WindowRegression,"{""window_size"": 10, ""input_dim"": ""univariate"", ""output_dim"": ""1step"", ""normalize_window"": false, ""max_windows"": 5000000, ""fourier_encoding_components"": null, ""scale"": true, ""datepart_method"": null, ""regression_type"": null, ""regression_model"": {""model"": ""ElasticNet"", ""model_params"": {""l1_ratio"": 0.5, ""fit_intercept"": true, ""selection"": ""cyclic"", ""max_iter"": 1000}}}","{""fillna"": ""ffill"", ""transformations"": {""0"": ""Scaler"", ""1"": ""Scaler"", ""2"": ""MinMaxScaler""}, ""transformation_params"": {""0"": {}, ""1"": {}, ""2"": {}}}",0,1,21.07783486893663,1.4147306660324164,1.5235980350443492,0.5510895172841198,1.4147306660324164,0.0,0.0,0.8552878890644594,127.32575994291747,1.4147306660324164,0.6594207522104901,0.4222222222222222,0.5333333333333333,3.0510557445727944,0.03333333333333333,2.220963142402833,1.2220267993526501,5.798351324071657,3.6377431414234005,0.004025658785463177,127.32575994291747,72.46631244777275,23.336083301028165,0.23070428961072148,21.07783486893663,1.4147306660324164,1.5235980350443492,0.5510895172841198,1.4147306660324164,0.0,0.8552878890644594,1.4147306660324164,0.6594207522104901,3.0510557445727944,0.03333333333333333,2.220963142402833,1.2220267993526501,5.798351324071657,3.6377431414234005,0.004025658785463177,127.32575994291747,72.46631244777275,23.336083301028165,0.23070428961072148,0.4222222222222222,0.5333333333333333,0.3073,36.83509794042195,20.35006957490469,Wh,20.35006957490469,Wh
130,b535de41a7a794847a51ec59941f3f28,Ensemble,"{""model_name"": ""BestN"", ""model_count"": 3, ""model_metric"": ""mixed_metric"", ""models"": {""860cd5b05944ecb82d3157f8432afabb"": {""Model"": ""WindowRegression"", ""ModelParameters"": ""{\""window_size\"": 10, \""input_dim\"": \""univariate\"", \""output_dim\"": \""1step\"", \""normalize_window\"": false, \""max_windows\"": 5000000, \""fourier_encoding_components\"": null, \""scale\"": true, \""datepart_method\"": null, \""regression_type\"": null, \""regression_model\"": {\""model\"": \""SVM\"", \""model_params\"": {\""C\"": 0.1, \""tol\"": 0.001, \""epsilon\"": 0.0, \""loss\"": \""squared_epsilon_insensitive\"", \""max_iter\"": 50}}}"", ""TransformationParameters"": ""{\""fillna\"": \""pchip\"", \""transformations\"": {\""0\"": \""Scaler\""}, \""transformation_params\"": {\""0\"": {}}}""}, ""c0b1c7a0ef49e381d5aea93045d68ec6"": {""Model"": ""WindowRegression"", ""ModelParameters"": ""{\""window_size\"": 10, \""input_dim\"": \""univariate\"", \""output_dim\"": \""1step\"", \""normalize_window\"": false, \""max_windows\"": 5000000, \""fourier_encoding_components\"": null, \""scale\"": true, \""datepart_method\"": null, \""regression_type\"": null, \""regression_model\"": {\""model\"": \""SVM\"", \""model_params\"": {\""C\"": 0.1, \""tol\"": 0.001, \""epsilon\"": 0.0, \""loss\"": \""squared_epsilon_insensitive\"", \""max_iter\"": 50}}}"", ""TransformationParameters"": ""{\""fillna\"": \""ffill\"", \""transformations\"": {\""0\"": \""DatepartRegression\"", \""1\"": \""DatepartRegression\"", \""2\"": \""MinMaxScaler\"", \""3\"": \""Scaler\""}, \""transformation_params\"": {\""0\"": {\""regression_model\"": {\""model\"": \""ElasticNet\"", \""model_params\"": {\""l1_ratio\"": 0.5, \""fit_intercept\"": true, \""selection\"": \""cyclic\"", \""max_iter\"": 1000}}, \""datepart_method\"": \""anchored_segment_fourier:us_school\"", \""polynomial_degree\"": null, \""transform_dict\"": null, \""holiday_countries_used\"": false, \""lags\"": null, \""forward_lags\"": null}, \""1\"": {\""regression_model\"": {\""model\"": \""ElasticNet\"", \""model_params\"": {\""l1_ratio\"": 0.9, \""fit_intercept\"": true, \""selection\"": \""cyclic\"", \""max_iter\"": 200}}, \""datepart_method\"": \""common_fourier\"", \""polynomial_degree\"": null, \""transform_dict\"": null, \""holiday_countries_used\"": false, \""lags\"": null, \""forward_lags\"": 2}, \""2\"": {}, \""3\"": {}}}""}, ""b56ba147e1633d9995afee23f1bd58c7"": {""Model"": ""WindowRegression"", ""ModelParameters"": ""{\""window_size\"": 20, \""input_dim\"": \""univariate\"", \""output_dim\"": \""1step\"", \""normalize_window\"": false, \""max_windows\"": 5000000, \""fourier_encoding_components\"": null, \""scale\"": false, \""datepart_method\"": null, \""regression_type\"": null, \""regression_model\"": {\""model\"": \""xgboost\"", \""model_params\"": {\""booster\"": \""gbtree\"", \""objective\"": \""reg:squarederror\"", \""max_depth\"": 6, \""eta\"": 0.003, \""min_child_weight\"": 0.5, \""subsample\"": 1, \""colsample_bylevel\"": 0.9, \""reg_alpha\"": 0, \""reg_lambda\"": 1, \""n_estimators\"": 7, \""multi_strategy\"": \""multi_output_tree\"", \""tree_method\"": \""hist\""}}}"", ""TransformationParameters"": ""{\""fillna\"": \""ffill\"", \""transformations\"": {\""0\"": \""Scaler\"", \""1\"": \""Detrend\"", \""2\"": \""MinMaxScaler\""}, \""transformation_params\"": {\""0\"": {}, \""1\"": {\""model\"": \""Linear\"", \""phi\"": 1, \""window\"": 30, \""transform_dict\"": null}, \""2\"": {}}}""}}, ""model_weights"": {}, ""point_method"": ""mean""}","{""fillna"": ""fake_date"", ""transformations"": {""0"": ""AlignLastValue"", ""1"": ""AlignLastValue""}, ""transformation_params"": {""0"": {""rows"": 4, ""lag"": 28, ""method"": ""additive"", ""strength"": 0.2, ""first_value_only"": false, ""threshold"": 1, ""threshold_method"": ""max""}, ""1"": {""rows"": 1, ""lag"": 1, ""method"": ""additive"", ""strength"": 1.0, ""first_value_only"": false, ""threshold"": 1, ""threshold_method"": ""mean""}}}",1,6,21.051263955977078,1.3960967986746307,1.6369971149094624,0.7599097068656779,1.3960967986746307,0.0,-700.3038165730648,1.3683147642155526,53.58845471123574,0.8153979591090003,0.6025387766134868,0.4537037037037037,0.5222222222222223,4.0503444606224175,0.48518518518518516,1.8419794247151904,1.1386616139173098,4.97510914363338,2.401986686889509,0.5932871272132486,114.29133030248506,48.46241916239844,7.443022278794295,0.17382219240946706,21.051263955977078,1.3960967986746307,1.6369971149094624,0.7599097068656779,1.3960967986746307,0.0,1.3683147642155526,0.8153979591090003,0.6025387766134868,4.0503444606224175,0.48518518518518516,1.8419794247151904,1.1386616139173098,4.97510914363338,2.401986686889509,0.5932871272132486,114.29133030248506,48.46241916239844,7.443022278794295,0.17382219240946706,0.4537037037037037,0.5222222222222223,1.8274333333333335,36.36518650632822,22.83002367119446,Wh,22.83002367119446,Wh
131,ee6cab1fc1e23fe4e3191555aa3f5c52,WindowRegression,"{""window_size"": 10, ""input_dim"": ""univariate"", ""output_dim"": ""forecast_length"", ""normalize_window"": false, ""max_windows"": 50000, ""fourier_encoding_components"": 2, ""scale"": true, ""datepart_method"": null, ""regression_type"": null, ""regression_model"": {""model"": ""ExtraTrees"", ""model_params"": {""n_estimators"": 100, ""min_samples_leaf"": 1, ""min_samples_split"": 2, ""max_depth"": 20, ""criterion"": ""squared_error"", ""max_features"": 0.3}}}","{""fillna"": ""ffill"", ""transformations"": {""0"": ""DatepartRegression"", ""1"": ""Scaler"", ""2"": ""DatepartRegression""}, ""transformation_params"": {""0"": {""regression_model"": {""model"": ""ElasticNet"", ""model_params"": {""l1_ratio"": 0.5, ""fit_intercept"": true, ""selection"": ""cyclic"", ""max_iter"": 1000}}, ""datepart_method"": ""common_fourier"", ""polynomial_degree"": null, ""transform_dict"": null, ""holiday_countries_used"": false, ""lags"": 2, ""forward_lags"": null}, ""1"": {}, ""2"": {""regression_model"": {""model"": ""ElasticNet"", ""model_params"": {""l1_ratio"": 0.5, ""fit_intercept"": true, ""selection"": ""cyclic"", ""max_iter"": 1000}}, ""datepart_method"": ""common_fourier"", ""polynomial_degree"": null, ""transform_dict"": null, ""holiday_countries_used"": false, ""lags"": null, ""forward_lags"": null}}}",0,1,20.04340657557342,1.3493502417912389,1.4974077789387366,0.6028444537480577,1.3493502417912389,0.0,0.0,0.8140597349848578,121.4415217612115,1.3493502417912389,0.697423698629106,0.4222222222222222,0.5333333333333333,3.4202496346125475,0.3333333333333333,2.0840098152668753,1.1668599001948086,4.666596122014727,3.234392978910274,0.27442452716800747,121.4415217612115,79.8461974108295,11.948688585574153,0.2200425115838763,20.04340657557342,1.3493502417912389,1.4974077789387366,0.6028444537480577,1.3493502417912389,0.0,0.8140597349848578,1.3493502417912389,0.697423698629106,3.4202496346125475,0.3333333333333333,2.0840098152668753,1.1668599001948086,4.666596122014727,3.234392978910274,0.27442452716800747,121.4415217612115,79.8461974108295,11.948688585574153,0.2200425115838763,0.4222222222222222,0.5333333333333333,0.1636,36.13537861792741,19.409610578651996,Wh,19.409610578651996,Wh
132,c8bbd7c38dcb99bbae08e68887ec8e83,WindowRegression,"{""window_size"": 10, ""input_dim"": ""univariate"", ""output_dim"": ""forecast_length"", ""normalize_window"": false, ""max_windows"": 5000, ""fourier_encoding_components"": 2, ""scale"": true, ""datepart_method"": null, ""regression_type"": null, ""regression_model"": {""model"": ""ElasticNet"", ""model_params"": {""l1_ratio"": 0.9, ""fit_intercept"": true, ""selection"": ""cyclic"", ""max_iter"": 200}}}","{""fillna"": ""ffill"", ""transformations"": {""0"": ""Scaler"", ""1"": ""DatepartRegression"", ""2"": ""MinMaxScaler""}, ""transformation_params"": {""0"": {}, ""1"": {""regression_model"": {""model"": ""ElasticNet"", ""model_params"": {""l1_ratio"": 0.9, ""fit_intercept"": true, ""selection"": ""cyclic"", ""max_iter"": 200}}, ""datepart_method"": ""common_fourier"", ""polynomial_degree"": null, ""transform_dict"": null, ""holiday_countries_used"": false, ""lags"": null, ""forward_lags"": 2}, ""2"": {}}}",0,1,20.158618615631443,1.355910065492206,1.493599117954493,0.5765033582332331,1.355910065492206,0.0,0.0,0.8211388946879605,122.03190589429855,1.355910065492206,0.688682319914147,0.43333333333333335,0.6222222222222222,3.319441263584504,0.34444444444444444,2.0796468120404477,1.1708044167699894,4.6851461934340906,3.4423219274527876,0.22285410139882444,122.03190589429855,80.30162279898438,15.611170141655805,0.22111224132342275,20.158618615631443,1.355910065492206,1.493599117954493,0.5765033582332331,1.355910065492206,0.0,0.8211388946879605,1.355910065492206,0.688682319914147,3.319441263584504,0.34444444444444444,2.0796468120404477,1.1708044167699894,4.6851461934340906,3.4423219274527876,0.22285410139882444,122.03190589429855,80.30162279898438,15.611170141655805,0.22111224132342275,0.43333333333333335,0.6222222222222222,0.0656,36.13296560848373,19.50396978914976,Wh,19.50396978914976,Wh
133,5001591e3e225f51b094b8fe435b4662,RollingRegression,"{""regression_model"": {""model"": ""ElasticNet"", ""model_params"": {""l1_ratio"": 0.5, ""fit_intercept"": true, ""selection"": ""random"", ""max_iter"": 2000}}, ""holiday"": false, ""mean_rolling_periods"": 12, ""macd_periods"": 24, ""std_rolling_periods"": 30, ""max_rolling_periods"": 7, ""min_rolling_periods"": null, ""ewm_var_alpha"": null, ""quantile90_rolling_periods"": null, ""quantile10_rolling_periods"": null, ""ewm_alpha"": 0.8, ""additional_lag_periods"": 6, ""abs_energy"": false, ""rolling_autocorr_periods"": null, ""nonzero_last_n"": null, ""add_date_part"": null, ""polynomial_degree"": null, ""x_transform"": null, ""regression_type"": null}","{""fillna"": ""rolling_mean"", ""transformations"": {""0"": ""DatepartRegression""}, ""transformation_params"": {""0"": {""regression_model"": {""model"": ""ElasticNet"", ""model_params"": {""l1_ratio"": 0.5, ""fit_intercept"": true, ""selection"": ""cyclic"", ""max_iter"": 1000}}, ""datepart_method"": ""anchored_segment_fourier:us_school"", ""polynomial_degree"": null, ""transform_dict"": null, ""holiday_countries_used"": false, ""lags"": null, ""forward_lags"": null}}}",0,1,21.19487064947835,1.423688945495243,1.531919817909487,0.5512083391144941,1.423688945495243,0.0,0.0,0.8591903886234504,128.13200509457187,1.423688945495243,0.560937966983737,0.8555555555555555,0.5333333333333333,3.0600140240356213,0.03333333333333333,2.227821124133806,1.2309850788154773,5.833526434756239,3.6827196509372317,0.004125904198252434,128.13200509457187,72.95288784315477,23.32586462361598,0.232165142583819,21.19487064947835,1.423688945495243,1.531919817909487,0.5512083391144941,1.423688945495243,0.0,0.8591903886234504,1.423688945495243,0.560937966983737,3.0600140240356213,0.03333333333333333,2.227821124133806,1.2309850788154773,5.833526434756239,3.6827196509372317,0.004125904198252434,128.13200509457187,72.95288784315477,23.32586462361598,0.232165142583819,0.8555555555555555,0.5333333333333333,1.7509,35.817775570794,20.478929162610683,Wh,20.478929162610683,Wh
134,4597814533265222b338e51fe9353b43,DatepartRegression,"{""regression_model"": {""model"": ""ElasticNet"", ""model_params"": {""l1_ratio"": 0.1, ""fit_intercept"": true, ""selection"": ""cyclic"", ""max_iter"": 1000}}, ""datepart_method"": ""anchored_warped_fourier:us_school"", ""polynomial_degree"": null, ""holiday_countries_used"": true, ""lags"": null, ""forward_lags"": null, ""regression_type"": null}","{""fillna"": ""linear"", ""transformations"": {}, ""transformation_params"": {}}",0,1,21.128655803982124,1.4186192145601215,1.5272094129154827,0.5511410946495591,1.4186192145601215,0.0,0.0,0.8569838345312506,127.67572931041093,1.4186192145601215,0.5602094852802749,0.8555555555555555,0.5333333333333333,3.0549442931004993,0.03333333333333333,2.2239374910502194,1.2259153478803555,5.813619894943103,3.657216750569518,0.004069173860928814,127.67572931041093,72.67752175924605,23.33164764760039,0.231338406653096,21.128655803982124,1.4186192145601215,1.5272094129154827,0.5511410946495591,1.4186192145601215,0.0,0.8569838345312506,1.4186192145601215,0.5602094852802749,3.0549442931004993,0.03333333333333333,2.2239374910502194,1.2259153478803555,5.813619894943103,3.657216750569518,0.004069173860928814,127.67572931041093,72.67752175924605,23.33164764760039,0.231338406653096,0.8555555555555555,0.5333333333333333,0.7412,35.7152491509387,20.406004061223644,Wh,20.406004061223644,Wh
135,f3bcff70845c7ac69bfe78aa85c43cff,WindowRegression,"{""window_size"": 20, ""input_dim"": ""univariate"", ""output_dim"": ""forecast_length"", ""normalize_window"": false, ""max_windows"": 5000000, ""fourier_encoding_components"": null, ""scale"": true, ""datepart_method"": ""simple_binarized"", ""regression_type"": null, ""regression_model"": {""model"": ""xgboost"", ""model_params"": {""booster"": ""gblinear"", ""objective"": ""reg:squarederror"", ""max_depth"": 2, ""eta"": 0.05, ""min_child_weight"": 0.5, ""subsample"": 1, ""colsample_bylevel"": 1, ""reg_alpha"": 0, ""reg_lambda"": 1, ""grow_policy"": ""lossguide""}}}","{""fillna"": ""quadratic"", ""transformations"": {""0"": ""Detrend"", ""1"": ""Detrend"", ""2"": ""Scaler""}, ""transformation_params"": {""0"": {""model"": ""GLS"", ""phi"": 1, ""window"": null, ""transform_dict"": null}, ""1"": {""model"": ""GLS"", ""phi"": 1, ""window"": null, ""transform_dict"": null}, ""2"": {}}}",0,1,19.407294312597287,1.3065160738335553,1.490259492796142,0.7491361813341038,1.3065160738335553,0.0,-0.2536759082889217,0.784856671797597,117.33277073673105,1.3062094522133134,0.7135235175122688,0.4111111111111111,0.5555555555555556,3.349233626262932,0.4,2.0838685241264843,1.1001555504499514,4.622098158455842,3.2715847093188084,0.4163163189882909,117.07909482844212,76.72597965708066,3.988917949073893,0.2121381361695498,19.407294312597287,1.3065160738335553,1.490259492796142,0.7491361813341038,1.3065160738335553,0.0,0.784856671797597,1.3062094522133134,0.7135235175122688,3.349233626262932,0.4,2.0838685241264843,1.1001555504499514,4.622098158455842,3.2715847093188084,0.4163163189882909,117.07909482844212,76.72597965708066,3.988917949073893,0.2121381361695498,0.4111111111111111,0.5555555555555556,0.3593,35.61164805503789,18.793466234678302,Wh,18.793466234678302,Wh
136,30f7465952cd95ec17baaadefe6bcbb7,ARIMA,"{""p"": 4, ""d"": 0, ""q"": 1, ""regression_type"": null}","{""fillna"": ""nearest"", ""transformations"": {""0"": ""MinMaxScaler"", ""1"": ""DatepartRegression""}, ""transformation_params"": {""0"": {}, ""1"": {""regression_model"": {""model"": ""DecisionTree"", ""model_params"": {""max_depth"": 3, ""min_samples_split"": 1.0}}, ""datepart_method"": ""recurring"", ""polynomial_degree"": null, ""transform_dict"": {""fillna"": null, ""transformations"": {""0"": ""EWMAFilter""}, ""transformation_params"": {""0"": {""span"": 7}}}, ""holiday_countries_used"": false, ""lags"": null, ""forward_lags"": null}}}",0,1,20.970065572567282,1.406611179492395,1.5197743786504394,0.5481586329435889,1.406611179492395,0.0,-0.04801433254589149,0.8501226092719969,126.54699182176967,1.4065987675963156,0.5666609239854777,0.8777777777777778,0.4888888888888889,3.0435058055132815,0.03333333333333333,2.21730748832944,1.2126743152499946,5.786534613657205,3.5207923499714258,0.026073614062379305,126.49897748922378,71.5622673920515,22.39192715612911,0.22920622465727036,20.970065572567282,1.406611179492395,1.5197743786504394,0.5481586329435889,1.406611179492395,0.0,0.8501226092719969,1.4065987675963156,0.5666609239854777,3.0435058055132815,0.03333333333333333,2.21730748832944,1.2126743152499946,5.786534613657205,3.5207923499714258,0.026073614062379305,126.49897748922378,71.5622673920515,22.39192715612911,0.22920622465727036,0.8777777777777778,0.4888888888888889,0.2396,35.58187216385901,20.233275530660688,Wh,20.233275530660688,Wh
137,22378d71a90064e7de95a22c153eff67,WindowRegression,"{""window_size"": 20, ""input_dim"": ""univariate"", ""output_dim"": ""forecast_length"", ""normalize_window"": false, ""max_windows"": 5000000, ""fourier_encoding_components"": null, ""scale"": true, ""datepart_method"": ""simple_binarized"", ""regression_type"": null, ""regression_model"": {""model"": ""xgboost"", ""model_params"": {""booster"": ""gblinear"", ""objective"": ""reg:squarederror"", ""max_depth"": 2, ""eta"": 0.05, ""min_child_weight"": 0.5, ""subsample"": 1, ""colsample_bylevel"": 1, ""reg_alpha"": 0, ""reg_lambda"": 1, ""grow_policy"": ""lossguide""}}}","{""fillna"": ""rolling_mean_24"", ""transformations"": {""0"": ""Scaler"", ""1"": ""Detrend"", ""2"": ""DatepartRegression"", ""3"": ""DatepartRegression""}, ""transformation_params"": {""0"": {}, ""1"": {""model"": ""GLS"", ""phi"": 1, ""window"": null, ""transform_dict"": {""fillna"": null, ""transformations"": {""0"": ""ScipyFilter""}, ""transformation_params"": {""0"": {""method"": ""savgol_filter"", ""method_args"": {""window_length"": 31, ""polyorder"": 3, ""deriv"": 0, ""mode"": ""interp""}}}}}, ""2"": {""regression_model"": {""model"": ""ElasticNet"", ""model_params"": {""l1_ratio"": 0.5, ""fit_intercept"": true, ""selection"": ""cyclic"", ""max_iter"": 1000}}, ""datepart_method"": ""common_fourier"", ""polynomial_degree"": null, ""transform_dict"": null, ""holiday_countries_used"": false, ""lags"": null, ""forward_lags"": null}, ""3"": {""regression_model"": {""model"": ""ElasticNet"", ""model_params"": {""l1_ratio"": 0.5, ""fit_intercept"": true, ""selection"": ""cyclic"", ""max_iter"": 2000}}, ""datepart_method"": ""recurring"", ""polynomial_degree"": null, ""transform_dict"": null, ""holiday_countries_used"": false, ""lags"": null, ""forward_lags"": null}}}",0,1,19.560707824825084,1.3168765333173087,1.4910623662706388,0.7302134679145073,1.3168765333173087,0.0,-0.2638824311124566,0.7923150539077216,118.25500556744532,1.316546598283151,0.6850567382659837,0.43333333333333335,0.5555555555555556,3.2830041423042884,0.3888888888888889,2.0919679572163243,1.1177473336427195,4.629258207321166,3.2984210652678447,0.39004209521273836,117.99112313633287,77.62091809990629,5.1724293244376085,0.21379065992413906,19.560707824825084,1.3168765333173087,1.4910623662706388,0.7302134679145073,1.3168765333173087,0.0,0.7923150539077216,1.316546598283151,0.6850567382659837,3.2830041423042884,0.3888888888888889,2.0919679572163243,1.1177473336427195,4.629258207321166,3.2984210652678447,0.39004209521273836,117.99112313633287,77.62091809990629,5.1724293244376085,0.21379065992413906,0.43333333333333335,0.5555555555555556,0.3407,35.4414536817408,18.94254163973433,Wh,18.94254163973433,Wh
138,a117b82f31b215570684eff8a96a8b03,WindowRegression,"{""window_size"": 20, ""input_dim"": ""univariate"", ""output_dim"": ""forecast_length"", ""normalize_window"": false, ""max_windows"": 50000, ""fourier_encoding_components"": null, ""scale"": true, ""datepart_method"": null, ""regression_type"": null, ""regression_model"": {""model"": ""SVM"", ""model_params"": {""C"": 0.5, ""tol"": 0.0001, ""epsilon"": 0.05, ""loss"": ""squared_epsilon_insensitive"", ""max_iter"": 100}}}","{""fillna"": ""ffill"", ""transformations"": {""0"": ""MinMaxScaler"", ""1"": ""DatepartRegression""}, ""transformation_params"": {""0"": {}, ""1"": {""regression_model"": {""model"": ""ElasticNet"", ""model_params"": {""l1_ratio"": 0.5, ""fit_intercept"": true, ""selection"": ""cyclic"", ""max_iter"": 1000}}, ""datepart_method"": ""common_fourier"", ""polynomial_degree"": null, ""transform_dict"": null, ""holiday_countries_used"": false, ""lags"": null, ""forward_lags"": null}}}",0,1,19.21514329186913,1.2917913995130934,1.5089934669631264,0.9618000752356092,1.2917913995130934,0.0,-6.294433665138462,0.7902027143688106,109.96679229103995,1.2731929479212365,0.71394828016807,0.4666666666666667,0.5222222222222223,3.464669721739094,0.4222222222222222,2.094286695154744,1.049728462459318,4.817107258145085,3.73631683658236,0.6353961209962659,103.6723586259015,65.24707415171929,13.441480047150078,0.18784618179211568,19.21514329186913,1.2917913995130934,1.5089934669631264,0.9618000752356092,1.2917913995130934,0.0,0.7902027143688106,1.2731929479212365,0.71394828016807,3.464669721739094,0.4222222222222222,2.094286695154744,1.049728462459318,4.817107258145085,3.73631683658236,0.6353961209962659,103.6723586259015,65.24707415171929,13.441480047150078,0.18784618179211568,0.4666666666666667,0.5222222222222223,0.1887,35.43469845083517,18.58166044430156,Wh,18.58166044430156,Wh
139,63967e98c091acf15136a386cf15379b,WindowRegression,"{""window_size"": 20, ""input_dim"": ""univariate"", ""output_dim"": ""forecast_length"", ""normalize_window"": false, ""max_windows"": 5000000, ""fourier_encoding_components"": null, ""scale"": true, ""datepart_method"": ""simple_binarized"", ""regression_type"": null, ""regression_model"": {""model"": ""xgboost"", ""model_params"": {""booster"": ""gblinear"", ""objective"": ""reg:squarederror"", ""max_depth"": 2, ""eta"": 0.05, ""min_child_weight"": 0.5, ""subsample"": 1, ""colsample_bylevel"": 1, ""reg_alpha"": 0, ""reg_lambda"": 1, ""grow_policy"": ""lossguide""}}}","{""fillna"": ""rolling_mean_24"", ""transformations"": {""0"": ""Scaler"", ""1"": ""Detrend"", ""2"": ""Scaler"", ""3"": ""Detrend"", ""4"": ""DatepartRegression""}, ""transformation_params"": {""0"": {}, ""1"": {""model"": ""GLS"", ""phi"": 1, ""window"": null, ""transform_dict"": {""fillna"": null, ""transformations"": {""0"": ""ScipyFilter""}, ""transformation_params"": {""0"": {""method"": ""savgol_filter"", ""method_args"": {""window_length"": 31, ""polyorder"": 3, ""deriv"": 0, ""mode"": ""interp""}}}}}, ""2"": {}, ""3"": {""model"": ""GLS"", ""phi"": 1, ""window"": 30, ""transform_dict"": null}, ""4"": {""regression_model"": {""model"": ""ElasticNet"", ""model_params"": {""l1_ratio"": 0.5, ""fit_intercept"": true, ""selection"": ""cyclic"", ""max_iter"": 2000}}, ""datepart_method"": ""recurring"", ""polynomial_degree"": null, ""transform_dict"": null, ""holiday_countries_used"": false, ""lags"": null, ""forward_lags"": null}}}",0,1,19.538826047042637,1.3152214472031223,1.4895196963096136,0.7300078517715707,1.3152214472031223,0.0,-0.26526068020537874,0.7915554907040477,118.10466956807562,1.3148883082259326,0.6841806969638375,0.43333333333333335,0.5555555555555556,3.281276000298363,0.3888888888888889,2.0907396961446283,1.1161325715989368,4.622652054934923,3.2907899393759257,0.3898435705774655,117.83940888787025,77.53000297873447,5.185743429530767,0.21351576560635854,19.538826047042637,1.3152214472031223,1.4895196963096136,0.7300078517715707,1.3152214472031223,0.0,0.7915554907040477,1.3148883082259326,0.6841806969638375,3.281276000298363,0.3888888888888889,2.0907396961446283,1.1161325715989368,4.622652054934923,3.2907899393759257,0.3898435705774655,117.83940888787025,77.53000297873447,5.185743429530767,0.21351576560635854,0.43333333333333335,0.5555555555555556,0.3329,35.400135932277465,18.918687916797513,Wh,18.918687916797513,Wh
140,24916668d872c930013fee8556dd01b0,WindowRegression,"{""window_size"": 10, ""input_dim"": ""univariate"", ""output_dim"": ""1step"", ""normalize_window"": false, ""max_windows"": 50000, ""fourier_encoding_components"": null, ""scale"": true, ""datepart_method"": null, ""regression_type"": null, ""regression_model"": {""model"": ""PoissonRegresssion"", ""model_params"": {}}}","{""fillna"": ""ffill"", ""transformations"": {""0"": ""Scaler"", ""1"": ""DatepartRegression"", ""2"": ""MinMaxScaler"", ""3"": ""Scaler""}, ""transformation_params"": {""0"": {}, ""1"": {""regression_model"": {""model"": ""ElasticNet"", ""model_params"": {""l1_ratio"": 0.9, ""fit_intercept"": true, ""selection"": ""cyclic"", ""max_iter"": 200}}, ""datepart_method"": ""common_fourier"", ""polynomial_degree"": null, ""transform_dict"": null, ""holiday_countries_used"": false, ""lags"": null, ""forward_lags"": 2}, ""2"": {}, ""3"": {}}}",0,1,20.300014973288707,1.3556200836249053,1.472584437077876,0.5538544959851895,1.3556200836249053,0.0,-0.187827846214363,0.8279040192352101,121.81797968002711,1.3554456219985893,0.6259748679792888,0.4666666666666667,0.45555555555555555,2.994560455201956,0.03333333333333333,2.178887081664016,1.161764890639973,5.604580922511398,3.3127596360838414,0.01367118128856993,121.63015183381275,68.19275999986922,22.700421777293496,0.22038429447932653,20.300014973288707,1.3556200836249053,1.472584437077876,0.5538544959851895,1.3556200836249053,0.0,0.8279040192352101,1.3554456219985893,0.6259748679792888,2.994560455201956,0.03333333333333333,2.178887081664016,1.161764890639973,5.604580922511398,3.3127596360838414,0.01367118128856993,121.63015183381275,68.19275999986922,22.700421777293496,0.22038429447932653,0.4666666666666667,0.45555555555555555,0.384,35.348994339419306,19.49979857033284,Wh,19.49979857033284,Wh
141,8ced09dff41de5286284139d66b3dd2f,Ensemble,"{""model_name"": ""BestN"", ""model_count"": 3, ""model_metric"": ""mixed_metric"", ""models"": {""860cd5b05944ecb82d3157f8432afabb"": {""Model"": ""WindowRegression"", ""ModelParameters"": ""{\""window_size\"": 10, \""input_dim\"": \""univariate\"", \""output_dim\"": \""1step\"", \""normalize_window\"": false, \""max_windows\"": 5000000, \""fourier_encoding_components\"": null, \""scale\"": true, \""datepart_method\"": null, \""regression_type\"": null, \""regression_model\"": {\""model\"": \""SVM\"", \""model_params\"": {\""C\"": 0.1, \""tol\"": 0.001, \""epsilon\"": 0.0, \""loss\"": \""squared_epsilon_insensitive\"", \""max_iter\"": 50}}}"", ""TransformationParameters"": ""{\""fillna\"": \""pchip\"", \""transformations\"": {\""0\"": \""Scaler\""}, \""transformation_params\"": {\""0\"": {}}}""}, ""c0b1c7a0ef49e381d5aea93045d68ec6"": {""Model"": ""WindowRegression"", ""ModelParameters"": ""{\""window_size\"": 10, \""input_dim\"": \""univariate\"", \""output_dim\"": \""1step\"", \""normalize_window\"": false, \""max_windows\"": 5000000, \""fourier_encoding_components\"": null, \""scale\"": true, \""datepart_method\"": null, \""regression_type\"": null, \""regression_model\"": {\""model\"": \""SVM\"", \""model_params\"": {\""C\"": 0.1, \""tol\"": 0.001, \""epsilon\"": 0.0, \""loss\"": \""squared_epsilon_insensitive\"", \""max_iter\"": 50}}}"", ""TransformationParameters"": ""{\""fillna\"": \""ffill\"", \""transformations\"": {\""0\"": \""DatepartRegression\"", \""1\"": \""DatepartRegression\"", \""2\"": \""MinMaxScaler\"", \""3\"": \""Scaler\""}, \""transformation_params\"": {\""0\"": {\""regression_model\"": {\""model\"": \""ElasticNet\"", \""model_params\"": {\""l1_ratio\"": 0.5, \""fit_intercept\"": true, \""selection\"": \""cyclic\"", \""max_iter\"": 1000}}, \""datepart_method\"": \""anchored_segment_fourier:us_school\"", \""polynomial_degree\"": null, \""transform_dict\"": null, \""holiday_countries_used\"": false, \""lags\"": null, \""forward_lags\"": null}, \""1\"": {\""regression_model\"": {\""model\"": \""ElasticNet\"", \""model_params\"": {\""l1_ratio\"": 0.9, \""fit_intercept\"": true, \""selection\"": \""cyclic\"", \""max_iter\"": 200}}, \""datepart_method\"": \""common_fourier\"", \""polynomial_degree\"": null, \""transform_dict\"": null, \""holiday_countries_used\"": false, \""lags\"": null, \""forward_lags\"": 2}, \""2\"": {}, \""3\"": {}}}""}, ""b56ba147e1633d9995afee23f1bd58c7"": {""Model"": ""WindowRegression"", ""ModelParameters"": ""{\""window_size\"": 20, \""input_dim\"": \""univariate\"", \""output_dim\"": \""1step\"", \""normalize_window\"": false, \""max_windows\"": 5000000, \""fourier_encoding_components\"": null, \""scale\"": false, \""datepart_method\"": null, \""regression_type\"": null, \""regression_model\"": {\""model\"": \""xgboost\"", \""model_params\"": {\""booster\"": \""gbtree\"", \""objective\"": \""reg:squarederror\"", \""max_depth\"": 6, \""eta\"": 0.003, \""min_child_weight\"": 0.5, \""subsample\"": 1, \""colsample_bylevel\"": 0.9, \""reg_alpha\"": 0, \""reg_lambda\"": 1, \""n_estimators\"": 7, \""multi_strategy\"": \""multi_output_tree\"", \""tree_method\"": \""hist\""}}}"", ""TransformationParameters"": ""{\""fillna\"": \""ffill\"", \""transformations\"": {\""0\"": \""Scaler\"", \""1\"": \""Detrend\"", \""2\"": \""MinMaxScaler\""}, \""transformation_params\"": {\""0\"": {}, \""1\"": {\""model\"": \""Linear\"", \""phi\"": 1, \""window\"": 30, \""transform_dict\"": null}, \""2\"": {}}}""}}, ""model_weights"": {}, ""point_method"": ""mean""}","{""fillna"": ""quadratic"", ""transformations"": {""0"": ""AlignLastValue"", ""1"": ""ChangepointDetrend""}, ""transformation_params"": {""0"": {""rows"": 1, ""lag"": 1, ""method"": ""multiplicative"", ""strength"": 1.0, ""first_value_only"": false, ""threshold"": null, ""threshold_method"": ""mean""}, ""1"": {""model"": ""Linear"", ""changepoint_spacing"": 180, ""changepoint_distance_end"": 360, ""datepart_method"": null}}}",1,6,18.69971593981305,1.2722005394932137,1.4961449421616244,0.6161857502209904,1.2722005394932137,0.0,-615.09761893522,1.2324513831649275,71.89067239111544,0.788652100898949,0.7299986038486367,0.24444444444444446,0.5092592592592592,3.8568840083645,0.512962962962963,1.7235655852560532,1.030024744655648,4.203943734957197,1.9838529692925768,0.2826148867355189,105.3438753565055,47.98290340239057,20.376630109216638,0.1615344074714644,18.69971593981305,1.2722005394932137,1.4961449421616244,0.6161857502209904,1.2722005394932137,0.0,1.2324513831649275,0.788652100898949,0.7299986038486367,3.8568840083645,0.512962962962963,1.7235655852560532,1.030024744655648,4.203943734957197,1.9838529692925768,0.2826148867355189,105.3438753565055,47.98290340239057,20.376630109216638,0.1615344074714644,0.24444444444444446,0.5092592592592592,1.9851666666666665,34.98309075504088,20.351968695488903,Wh,20.351968695488903,Wh
142,2226cad8d4b70fa600d07bad64c76b59,DatepartRegression,"{""regression_model"": {""model"": ""ElasticNet"", ""model_params"": {""l1_ratio"": 0.5, ""fit_intercept"": true, ""selection"": ""cyclic"", ""max_iter"": 2000}}, ""datepart_method"": ""common_fourier_rw_lag"", ""polynomial_degree"": null, ""holiday_countries_used"": true, ""lags"": null, ""forward_lags"": null, ""regression_type"": null}","{""fillna"": ""linear"", ""transformations"": {""0"": ""Scaler"", ""1"": ""DatepartRegression""}, ""transformation_params"": {""0"": {}, ""1"": {""regression_model"": {""model"": ""ElasticNet"", ""model_params"": {""l1_ratio"": 0.5, ""fit_intercept"": true, ""selection"": ""cyclic"", ""max_iter"": 1000}}, ""datepart_method"": ""common_fourier"", ""polynomial_degree"": null, ""transform_dict"": null, ""holiday_countries_used"": false, ""lags"": null, ""forward_lags"": null}}}",0,1,20.5497993647018,1.374458743812347,1.486278894898496,0.5505553540521363,1.374458743812347,0.0,0.0,0.83754266312387,123.70128694311123,1.374458743812347,0.5540744584986285,0.8666666666666667,0.5333333333333333,3.0107838223527255,0.03333333333333333,2.1903901302033204,1.181754877132581,5.64022170471228,3.440528059276031,0.0035748816155415416,123.70128694311123,70.27891401280009,23.382021338978745,0.22413702883797276,20.5497993647018,1.374458743812347,1.486278894898496,0.5505553540521363,1.374458743812347,0.0,0.83754266312387,1.374458743812347,0.5540744584986285,3.0107838223527255,0.03333333333333333,2.1903901302033204,1.181754877132581,5.64022170471228,3.440528059276031,0.0035748816155415416,123.70128694311123,70.27891401280009,23.382021338978745,0.22413702883797276,0.8666666666666667,0.5333333333333333,0.359,34.82502925953741,19.770781630725224,Wh,19.770781630725224,Wh
143,54823ae7972cfddcba7cc22489e01476,ARIMA,"{""p"": 5, ""d"": 0, ""q"": 1, ""regression_type"": null}","{""fillna"": ""SeasonalityMotifImputerLinMix"", ""transformations"": {""0"": ""Scaler"", ""1"": ""DatepartRegression""}, ""transformation_params"": {""0"": {}, ""1"": {""regression_model"": {""model"": ""ElasticNet"", ""model_params"": {""l1_ratio"": 0.5, ""fit_intercept"": true, ""selection"": ""cyclic"", ""max_iter"": 1000}}, ""datepart_method"": ""common_fourier"", ""polynomial_degree"": null, ""transform_dict"": null, ""holiday_countries_used"": false, ""lags"": null, ""forward_lags"": null}}}",0,1,20.492653731931107,1.3701799914476116,1.484432949343919,0.548056146837165,1.3701799914476116,0.0,-0.06765135217164264,0.8347708723885824,123.24854787811338,1.3701556568453082,0.5570489244187119,0.8777777777777778,0.4888888888888889,3.000452260707317,0.03333333333333333,2.18860871826774,1.1765658400606962,5.635597135495196,3.364818462307907,0.03504224745317267,123.18089652594176,69.6741451817805,21.980570957525448,0.22319412222137663,20.492653731931107,1.3701799914476116,1.484432949343919,0.548056146837165,1.3701799914476116,0.0,0.8347708723885824,1.3701556568453082,0.5570489244187119,3.000452260707317,0.03333333333333333,2.18860871826774,1.1765658400606962,5.635597135495196,3.364818462307907,0.03504224745317267,123.18089652594176,69.6741451817805,21.980570957525448,0.22319412222137663,0.8777777777777778,0.4888888888888889,0.1914,34.78754582093172,19.70923429142824,Wh,19.70923429142824,Wh
144,b365eda1abe5eb6abf63604b65644bbe,WindowRegression,"{""window_size"": 20, ""input_dim"": ""univariate"", ""output_dim"": ""1step"", ""normalize_window"": false, ""max_windows"": 5000, ""fourier_encoding_components"": null, ""scale"": false, ""datepart_method"": null, ""regression_type"": null, ""regression_model"": {""model"": ""RadiusNeighbors"", ""model_params"": {""radius"": 2.0, ""weights"": ""distance"", ""algorithm"": ""auto"", ""leaf_size"": 10, ""p"": 2, ""metric"": ""minkowski""}}}","{""fillna"": ""ffill"", ""transformations"": {""0"": ""DatepartRegression"", ""1"": ""DatepartRegression"", ""2"": ""MinMaxScaler"", ""3"": ""Scaler""}, ""transformation_params"": {""0"": {""regression_model"": {""model"": ""ElasticNet"", ""model_params"": {""l1_ratio"": 0.5, ""fit_intercept"": true, ""selection"": ""cyclic"", ""max_iter"": 1000}}, ""datepart_method"": ""anchored_segment_fourier:us_school"", ""polynomial_degree"": null, ""transform_dict"": null, ""holiday_countries_used"": false, ""lags"": null, ""forward_lags"": null}, ""1"": {""regression_model"": {""model"": ""ElasticNet"", ""model_params"": {""l1_ratio"": 0.9, ""fit_intercept"": true, ""selection"": ""cyclic"", ""max_iter"": 200}}, ""datepart_method"": ""common_fourier"", ""polynomial_degree"": null, ""transform_dict"": null, ""holiday_countries_used"": false, ""lags"": null, ""forward_lags"": 2}, ""2"": {}, ""3"": {}}}",0,1,19.973727027425202,1.3308239593706068,1.44741108772147,0.5497825862284524,1.3308239593706068,0.0,0.0,0.8172992923252911,119.77415634335462,1.3308239593706068,0.607189083142466,0.5,0.43333333333333335,2.9684571014991947,0.03333333333333333,2.1586266380483976,1.1377723784575153,5.478419606645732,3.226994927701152,0.005591209836794689,119.77415634335462,67.74989995620635,23.278716595894938,0.21702137623451254,19.973727027425202,1.3308239593706068,1.44741108772147,0.5497825862284524,1.3308239593706068,0.0,0.8172992923252911,1.3308239593706068,0.607189083142466,2.9684571014991947,0.03333333333333333,2.1586266380483976,1.1377723784575153,5.478419606645732,3.226994927701152,0.005591209836794689,119.77415634335462,67.74989995620635,23.278716595894938,0.21702137623451254,0.5,0.43333333333333335,2.48,34.6605728649263,19.143120888934934,Wh,19.143120888934934,Wh
145,4595848be90a3bd339b43cf5de9eea9b,RollingRegression,"{""regression_model"": {""model"": ""RadiusNeighbors"", ""model_params"": {""radius"": 2.0, ""weights"": ""distance"", ""algorithm"": ""ball_tree"", ""leaf_size"": 20, ""p"": 1.5, ""metric"": ""minkowski""}}, ""holiday"": true, ""mean_rolling_periods"": 5, ""macd_periods"": 7, ""std_rolling_periods"": 10, ""max_rolling_periods"": null, ""min_rolling_periods"": 4, ""ewm_var_alpha"": null, ""quantile90_rolling_periods"": null, ""quantile10_rolling_periods"": null, ""ewm_alpha"": 0.8, ""additional_lag_periods"": 2, ""abs_energy"": false, ""rolling_autocorr_periods"": null, ""nonzero_last_n"": null, ""add_date_part"": null, ""polynomial_degree"": null, ""x_transform"": null, ""regression_type"": null}","{""fillna"": ""median"", ""transformations"": {""0"": ""MinMaxScaler"", ""1"": ""DatepartRegression""}, ""transformation_params"": {""0"": {}, ""1"": {""regression_model"": {""model"": ""ElasticNet"", ""model_params"": {""l1_ratio"": 0.5, ""fit_intercept"": true, ""selection"": ""cyclic"", ""max_iter"": 1000}}, ""datepart_method"": [""db2_365.25_12_0.5"", ""morlet_7_7_1""], ""polynomial_degree"": null, ""transform_dict"": null, ""holiday_countries_used"": false, ""lags"": null, ""forward_lags"": 2}}}",0,1,20.240552230834155,1.3511273401371149,1.4675080610919262,0.5519245115230608,1.3511273401371149,0.0,-0.009487641562398785,0.8256576218422781,121.59197297077793,1.3511268431926273,0.5509589313698982,0.8777777777777778,0.5,2.9860223200543032,0.03333333333333333,2.174589758983615,1.1590467913360527,5.5777653518564385,3.275387784516271,0.030029079595269476,121.58248532921553,68.55649820486357,22.998145851858816,0.22029792651194696,20.240552230834155,1.3511273401371149,1.4675080610919262,0.5519245115230608,1.3511273401371149,0.0,0.8256576218422781,1.3511268431926273,0.5509589313698982,2.9860223200543032,0.03333333333333333,2.174589758983615,1.1590467913360527,5.5777653518564385,3.275387784516271,0.030029079595269476,121.58248532921553,68.55649820486357,22.998145851858816,0.22029792651194696,0.8777777777777778,0.5,5.5808,34.3638525337851,19.43517309443562,Wh,19.43517309443562,Wh
146,5073e1777334dd9df95ec6567d7c8fe5,ARIMA,"{""p"": 5, ""d"": 0, ""q"": 2, ""regression_type"": null}","{""fillna"": ""ffill"", ""transformations"": {""0"": ""Scaler"", ""1"": ""Scaler"", ""2"": ""DatepartRegression""}, ""transformation_params"": {""0"": {}, ""1"": {}, ""2"": {""regression_model"": {""model"": ""ElasticNet"", ""model_params"": {""l1_ratio"": 0.5, ""fit_intercept"": true, ""selection"": ""cyclic"", ""max_iter"": 1000}}, ""datepart_method"": ""common_fourier"", ""polynomial_degree"": null, ""transform_dict"": null, ""holiday_countries_used"": false, ""lags"": null, ""forward_lags"": null}}}",0,1,20.02109752933931,1.334598132640731,1.4540599935669174,0.5475963061131944,1.334598132640731,0.0,-0.14887042301838171,0.8183362603208592,119.9649615146474,1.3344860081494925,0.5534146044065987,0.8777777777777778,0.4888888888888889,2.934137079282828,0.03333333333333333,2.164071266078865,1.139059936231184,5.560862441523491,3.2386711348303727,0.035420548487492425,119.81609109162902,66.65358987787967,21.99849840812955,0.2170973587090329,20.02109752933931,1.334598132640731,1.4540599935669174,0.5475963061131944,1.334598132640731,0.0,0.8183362603208592,1.3344860081494925,0.5534146044065987,2.934137079282828,0.03333333333333333,2.164071266078865,1.139059936231184,5.560862441523491,3.2386711348303727,0.035420548487492425,119.81609109162902,66.65358987787967,21.99849840812955,0.2170973587090329,0.8777777777777778,0.4888888888888889,0.2491,34.08670225375226,19.1974101543611,Wh,19.1974101543611,Wh
147,3f2ede668b032f5d2bfd3cc5a150278a,WindowRegression,"{""window_size"": 20, ""input_dim"": ""univariate"", ""output_dim"": ""1step"", ""normalize_window"": false, ""max_windows"": 5000000, ""fourier_encoding_components"": null, ""scale"": false, ""datepart_method"": null, ""regression_type"": null, ""regression_model"": {""model"": ""xgboost"", ""model_params"": {""booster"": ""gbtree"", ""objective"": ""reg:squarederror"", ""max_depth"": 6, ""eta"": 0.003, ""min_child_weight"": 0.5, ""subsample"": 1, ""colsample_bylevel"": 0.9, ""reg_alpha"": 0, ""reg_lambda"": 1, ""n_estimators"": 7, ""multi_strategy"": ""multi_output_tree"", ""tree_method"": ""hist""}}}","{""fillna"": ""zero"", ""transformations"": {""0"": ""Scaler"", ""1"": ""DatepartRegression"", ""2"": ""DatepartRegression"", ""3"": ""Scaler""}, ""transformation_params"": {""0"": {}, ""1"": {""regression_model"": {""model"": ""DecisionTree"", ""model_params"": {""max_depth"": null, ""min_samples_split"": 1.0}}, ""datepart_method"": ""anchored_segment_fourier:us_school"", ""polynomial_degree"": null, ""transform_dict"": null, ""holiday_countries_used"": false, ""lags"": null, ""forward_lags"": null}, ""2"": {""regression_model"": {""model"": ""ElasticNet"", ""model_params"": {""l1_ratio"": 0.5, ""fit_intercept"": true, ""selection"": ""cyclic"", ""max_iter"": 2000}}, ""datepart_method"": ""common_fourier_rw_lag"", ""polynomial_degree"": null, ""transform_dict"": null, ""holiday_countries_used"": true, ""lags"": null, ""forward_lags"": null}, ""3"": {}}}",0,1,19.576696350854803,1.300861146214484,1.418496382905422,0.5493948096620397,1.300861146214484,0.0,0.0,0.8042247301745162,117.07750315930356,1.300861146214484,0.597128333990052,0.4777777777777778,0.5333333333333333,2.937026476318186,0.03333333333333333,2.1356604953751015,1.108186706878316,5.350828514794334,3.0945625995902932,0.003947596380376239,117.07750315930356,66.28752413355112,23.389028413351358,0.2121352521899209,19.576696350854803,1.300861146214484,1.418496382905422,0.5493948096620397,1.300861146214484,0.0,0.8042247301745162,1.300861146214484,0.597128333990052,2.937026476318186,0.03333333333333333,2.1356604953751015,1.108186706878316,5.350828514794334,3.0945625995902932,0.003947596380376239,117.07750315930356,66.28752413355112,23.389028413351358,0.2121352521899209,0.4777777777777778,0.5333333333333333,1.4183,33.97705045135732,18.712123422755038,Wh,18.712123422755038,Wh
148,b92d89b4a001688287ab8d06996a188a,WindowRegression,"{""window_size"": 10, ""input_dim"": ""univariate"", ""output_dim"": ""1step"", ""normalize_window"": false, ""max_windows"": 5000000, ""fourier_encoding_components"": null, ""scale"": true, ""datepart_method"": null, ""regression_type"": null, ""regression_model"": {""model"": ""SVM"", ""model_params"": {""C"": 0.1, ""tol"": 0.001, ""epsilon"": 0.0, ""loss"": ""squared_epsilon_insensitive"", ""max_iter"": 50}}}","{""fillna"": ""ffill"", ""transformations"": {""0"": ""MinMaxScaler"", ""1"": ""Scaler"", ""2"": ""Detrend"", ""3"": ""Scaler""}, ""transformation_params"": {""0"": {}, ""1"": {}, ""2"": {""model"": ""GLS"", ""phi"": 1, ""window"": null, ""transform_dict"": null}, ""3"": {}}}",0,1,19.18123024187459,1.271315711454369,1.391925185632425,0.5617129661303722,1.271315711454369,0.0,-0.7626694688329891,0.7927294048673883,113.6557445620602,1.269862489161846,0.5751222378584117,0.5777777777777777,0.4777777777777778,2.821242681481526,0.05555555555555555,2.1070873426684864,1.0749760621786002,5.342661144943539,2.995237619370937,0.04410641015381307,112.89307509322721,61.50483235883712,20.78912768756115,0.20455339675984846,19.18123024187459,1.271315711454369,1.391925185632425,0.5617129661303722,1.271315711454369,0.0,0.7927294048673883,1.269862489161846,0.5751222378584117,2.821242681481526,0.05555555555555555,2.1070873426684864,1.0749760621786002,5.342661144943539,2.995237619370937,0.04410641015381307,112.89307509322721,61.50483235883712,20.78912768756115,0.20455339675984846,0.5777777777777777,0.4777777777777778,0.3457,33.150110018969826,18.287129699620905,Wh,18.287129699620905,Wh
149,28e1f152a88a6e3a59fd9218ff718143,WindowRegression,"{""window_size"": 10, ""input_dim"": ""univariate"", ""output_dim"": ""1step"", ""normalize_window"": false, ""max_windows"": 5000000, ""fourier_encoding_components"": null, ""scale"": true, ""datepart_method"": null, ""regression_type"": null, ""regression_model"": {""model"": ""SVM"", ""model_params"": {""C"": 0.1, ""tol"": 0.001, ""epsilon"": 0.0, ""loss"": ""squared_epsilon_insensitive"", ""max_iter"": 50}}}","{""fillna"": ""rolling_mean_24"", ""transformations"": {""0"": ""DatepartRegression"", ""1"": ""Scaler""}, ""transformation_params"": {""0"": {""regression_model"": {""model"": ""ElasticNet"", ""model_params"": {""l1_ratio"": 0.5, ""fit_intercept"": true, ""selection"": ""cyclic"", ""max_iter"": 1000}}, ""datepart_method"": ""simple"", ""polynomial_degree"": null, ""transform_dict"": null, ""holiday_countries_used"": false, ""lags"": null, ""forward_lags"": null}, ""1"": {}}}",0,1,19.20683868514121,1.2732804987815585,1.3935010761803233,0.5663807068988655,1.2732804987815585,0.0,-0.557596819507526,0.7930481172655128,114.03764807083273,1.2723438635600368,0.5629261713817355,0.6,0.4666666666666667,2.8130745697104773,0.022222222222222223,2.1189293981738118,1.0786168285398658,5.2889903150355435,2.971586513319279,0.05028407994232557,113.4800512513252,62.77664927771511,20.57036097648719,0.20561695151603554,19.20683868514121,1.2732804987815585,1.3935010761803233,0.5663807068988655,1.2732804987815585,0.0,0.7930481172655128,1.2723438635600368,0.5629261713817355,2.8130745697104773,0.022222222222222223,2.1189293981738118,1.0786168285398658,5.2889903150355435,2.971586513319279,0.05028407994232557,113.4800512513252,62.77664927771511,20.57036097648719,0.20561695151603554,0.6,0.4666666666666667,0.3669,33.04520126107897,18.315392011146482,Wh,18.315392011146482,Wh
150,fdf9737aab8ad9c96464dfaf7c5d1f73,WindowRegression,"{""window_size"": 10, ""input_dim"": ""univariate"", ""output_dim"": ""1step"", ""normalize_window"": false, ""max_windows"": 5000000, ""fourier_encoding_components"": null, ""scale"": true, ""datepart_method"": null, ""regression_type"": null, ""regression_model"": {""model"": ""SVM"", ""model_params"": {""C"": 0.1, ""tol"": 0.001, ""epsilon"": 0.0, ""loss"": ""squared_epsilon_insensitive"", ""max_iter"": 50}}}","{""fillna"": ""ffill"", ""transformations"": {""0"": ""DatepartRegression"", ""1"": ""DatepartRegression"", ""2"": ""DatepartRegression"", ""3"": ""Scaler""}, ""transformation_params"": {""0"": {""regression_model"": {""model"": ""ElasticNet"", ""model_params"": {""l1_ratio"": 0.5, ""fit_intercept"": true, ""selection"": ""cyclic"", ""max_iter"": 1000}}, ""datepart_method"": ""anchored_segment_fourier:us_school"", ""polynomial_degree"": null, ""transform_dict"": null, ""holiday_countries_used"": false, ""lags"": null, ""forward_lags"": null}, ""1"": {""regression_model"": {""model"": ""ElasticNet"", ""model_params"": {""l1_ratio"": 0.9, ""fit_intercept"": true, ""selection"": ""cyclic"", ""max_iter"": 200}}, ""datepart_method"": ""common_fourier"", ""polynomial_degree"": null, ""transform_dict"": null, ""holiday_countries_used"": false, ""lags"": null, ""forward_lags"": 2}, ""2"": {""regression_model"": {""model"": ""ElasticNet"", ""model_params"": {""l1_ratio"": 0.5, ""fit_intercept"": true, ""selection"": ""cyclic"", ""max_iter"": 1000}}, ""datepart_method"": ""common_fourier"", ""polynomial_degree"": null, ""transform_dict"": null, ""holiday_countries_used"": false, ""lags"": null, ""forward_lags"": null}, ""3"": {}}}",0,1,18.925545826247934,1.2520861506043703,1.3727444558675503,0.5617185634565705,1.2520861506043703,0.0,-0.7604646560419068,0.7842425680840037,111.92728889835143,1.2506383250403357,0.5635860761025431,0.5888888888888889,0.4666666666666667,2.814659699500636,0.05555555555555555,2.0920120896512473,1.057010123390693,5.236334496771386,2.8996574056652733,0.044068131964891566,111.16682424230953,60.861841428339865,20.79576152235982,0.20142556562473948,18.925545826247934,1.2520861506043703,1.3727444558675503,0.5617185634565705,1.2520861506043703,0.0,0.7842425680840037,1.2506383250403357,0.5635860761025431,2.814659699500636,0.05555555555555555,2.0920120896512473,1.057010123390693,5.236334496771386,2.8996574056652733,0.044068131964891566,111.16682424230953,60.861841428339865,20.79576152235982,0.20142556562473948,0.5888888888888889,0.4666666666666667,1.3159,32.650580421294784,18.010523762824615,Wh,18.010523762824615,Wh
151,ffb4be7014584332c4ad3a8f3ee2e932,WindowRegression,"{""window_size"": 10, ""input_dim"": ""univariate"", ""output_dim"": ""1step"", ""normalize_window"": false, ""max_windows"": 5000000, ""fourier_encoding_components"": null, ""scale"": true, ""datepart_method"": null, ""regression_type"": null, ""regression_model"": {""model"": ""SVM"", ""model_params"": {""C"": 0.1, ""tol"": 0.001, ""epsilon"": 0.0, ""loss"": ""squared_epsilon_insensitive"", ""max_iter"": 50}}}","{""fillna"": ""rolling_mean_24"", ""transformations"": {""0"": ""DatepartRegression"", ""1"": ""DatepartRegression"", ""2"": ""Scaler""}, ""transformation_params"": {""0"": {""regression_model"": {""model"": ""ElasticNet"", ""model_params"": {""l1_ratio"": 0.5, ""fit_intercept"": true, ""selection"": ""cyclic"", ""max_iter"": 1000}}, ""datepart_method"": ""anchored_segment_fourier:us_school"", ""polynomial_degree"": null, ""transform_dict"": null, ""holiday_countries_used"": false, ""lags"": null, ""forward_lags"": null}, ""1"": {""regression_model"": {""model"": ""ElasticNet"", ""model_params"": {""l1_ratio"": 0.9, ""fit_intercept"": true, ""selection"": ""cyclic"", ""max_iter"": 200}}, ""datepart_method"": ""common_fourier"", ""polynomial_degree"": null, ""transform_dict"": null, ""holiday_countries_used"": false, ""lags"": null, ""forward_lags"": 2}, ""2"": {}}}",0,1,18.925545826247937,1.2520861506043703,1.3727444558675506,0.5617185634565705,1.2520861506043703,0.0,-0.7604646560419068,0.7842425680840037,111.92728889835143,1.2506383250403357,0.5635860761025431,0.5888888888888889,0.4666666666666667,2.814659699500636,0.05555555555555555,2.0920120896512473,1.0570101233906934,5.236334496771387,2.899657405665274,0.044068131964891566,111.16682424230953,60.861841428339865,20.795761522359825,0.20142556562473948,18.925545826247937,1.2520861506043703,1.3727444558675506,0.5617185634565705,1.2520861506043703,0.0,0.7842425680840037,1.2506383250403357,0.5635860761025431,2.814659699500636,0.05555555555555555,2.0920120896512473,1.0570101233906934,5.236334496771387,2.899657405665274,0.044068131964891566,111.16682424230953,60.861841428339865,20.795761522359825,0.20142556562473948,0.5888888888888889,0.4666666666666667,1.2596,32.650570369888165,18.010523762824615,Wh,18.010523762824615,Wh
152,13a255f9402e6c7c644bb8413b65d4be,WindowRegression,"{""window_size"": 10, ""input_dim"": ""univariate"", ""output_dim"": ""1step"", ""normalize_window"": false, ""max_windows"": 5000000, ""fourier_encoding_components"": null, ""scale"": true, ""datepart_method"": null, ""regression_type"": null, ""regression_model"": {""model"": ""SVM"", ""model_params"": {""C"": 0.1, ""tol"": 0.001, ""epsilon"": 0.0, ""loss"": ""squared_epsilon_insensitive"", ""max_iter"": 50}}}","{""fillna"": ""pchip"", ""transformations"": {""0"": ""DatepartRegression""}, ""transformation_params"": {""0"": {""regression_model"": {""model"": ""ElasticNet"", ""model_params"": {""l1_ratio"": 0.5, ""fit_intercept"": true, ""selection"": ""cyclic"", ""max_iter"": 1000}}, ""datepart_method"": ""anchored_segment_fourier:us_school"", ""polynomial_degree"": null, ""transform_dict"": null, ""holiday_countries_used"": false, ""lags"": null, ""forward_lags"": null}}}",0,1,18.925545826247944,1.2520861506043706,1.3727444558675508,0.5617185634565705,1.2520861506043706,0.0,-0.7604646560419059,0.7842425680840037,111.92728889835145,1.250638325040336,0.5635860761025431,0.5888888888888889,0.4666666666666667,2.814659699500636,0.05555555555555555,2.0920120896512477,1.0570101233906934,5.236334496771387,2.8996574056652755,0.044068131964891566,111.16682424230954,60.86184142833993,20.79576152235982,0.2014255656247395,18.925545826247944,1.2520861506043706,1.3727444558675508,0.5617185634565705,1.2520861506043706,0.0,0.7842425680840037,1.250638325040336,0.5635860761025431,2.814659699500636,0.05555555555555555,2.0920120896512477,1.0570101233906934,5.236334496771387,2.8996574056652755,0.044068131964891566,111.16682424230954,60.86184142833993,20.79576152235982,0.2014255656247395,0.5888888888888889,0.4666666666666667,1.2209,32.65056346066195,18.01052376282462,Wh,18.01052376282462,Wh
153,60ef3e99a8c874d56f0c9b9bf12c4411,WindowRegression,"{""window_size"": 10, ""input_dim"": ""univariate"", ""output_dim"": ""1step"", ""normalize_window"": false, ""max_windows"": 5000000, ""fourier_encoding_components"": null, ""scale"": true, ""datepart_method"": null, ""regression_type"": null, ""regression_model"": {""model"": ""SVM"", ""model_params"": {""C"": 0.1, ""tol"": 0.001, ""epsilon"": 0.0, ""loss"": ""squared_epsilon_insensitive"", ""max_iter"": 50}}}","{""fillna"": ""time"", ""transformations"": {""0"": ""DatepartRegression"", ""1"": ""DatepartRegression""}, ""transformation_params"": {""0"": {""regression_model"": {""model"": ""ElasticNet"", ""model_params"": {""l1_ratio"": 0.5, ""fit_intercept"": true, ""selection"": ""cyclic"", ""max_iter"": 1000}}, ""datepart_method"": ""anchored_segment_fourier:us_school"", ""polynomial_degree"": null, ""transform_dict"": null, ""holiday_countries_used"": false, ""lags"": null, ""forward_lags"": null}, ""1"": {""regression_model"": {""model"": ""ElasticNet"", ""model_params"": {""l1_ratio"": 0.9, ""fit_intercept"": true, ""selection"": ""cyclic"", ""max_iter"": 200}}, ""datepart_method"": ""common_fourier"", ""polynomial_degree"": null, ""transform_dict"": null, ""holiday_countries_used"": false, ""lags"": null, ""forward_lags"": 2}}}",0,1,18.925545826247937,1.2520861506043703,1.3727444558675506,0.5617185634565705,1.2520861506043703,0.0,-0.7604646560419068,0.7842425680840037,111.92728889835143,1.2506383250403357,0.5635860761025431,0.5888888888888889,0.4666666666666667,2.814659699500636,0.05555555555555555,2.0920120896512473,1.0570101233906934,5.236334496771387,2.899657405665274,0.044068131964891566,111.16682424230953,60.861841428339865,20.795761522359825,0.20142556562473948,18.925545826247937,1.2520861506043703,1.3727444558675506,0.5617185634565705,1.2520861506043703,0.0,0.7842425680840037,1.2506383250403357,0.5635860761025431,2.814659699500636,0.05555555555555555,2.0920120896512473,1.0570101233906934,5.236334496771387,2.899657405665274,0.044068131964891566,111.16682424230953,60.861841428339865,20.795761522359825,0.20142556562473948,0.5888888888888889,0.4666666666666667,1.2205,32.650563389248745,18.010523762824615,Wh,18.010523762824615,Wh
154,3dfc6dd0a6aa4c25366e6ed3b4aa5444,WindowRegression,"{""window_size"": 10, ""input_dim"": ""univariate"", ""output_dim"": ""1step"", ""normalize_window"": false, ""max_windows"": 5000000, ""fourier_encoding_components"": null, ""scale"": true, ""datepart_method"": null, ""regression_type"": null, ""regression_model"": {""model"": ""SVM"", ""model_params"": {""C"": 0.1, ""tol"": 0.001, ""epsilon"": 0.0, ""loss"": ""squared_epsilon_insensitive"", ""max_iter"": 50}}}","{""fillna"": ""ffill"", ""transformations"": {""0"": ""MinMaxScaler"", ""1"": ""Scaler"", ""2"": ""DatepartRegression""}, ""transformation_params"": {""0"": {}, ""1"": {}, ""2"": {""regression_model"": {""model"": ""ElasticNet"", ""model_params"": {""l1_ratio"": 0.5, ""fit_intercept"": true, ""selection"": ""cyclic"", ""max_iter"": 1000}}, ""datepart_method"": ""common_fourier"", ""polynomial_degree"": null, ""transform_dict"": null, ""holiday_countries_used"": false, ""lags"": 2, ""forward_lags"": 2}}}",0,1,18.925545833634338,1.2520861511483101,1.3727444564109246,0.5617185639688896,1.2520861511483101,0.0,-0.7604646520082099,0.7842425683036477,111.92728895133969,1.2506383255701243,0.5635860764690358,0.5888888888888889,0.4666666666666667,2.8146597028856943,0.05555555555555555,2.092012090045637,1.0570101240374512,5.2363344955564814,2.899657405409201,0.044068132847143004,111.1668242993315,60.86184150792669,20.795761454103243,0.20142556572805884,18.925545833634338,1.2520861511483101,1.3727444564109246,0.5617185639688896,1.2520861511483101,0.0,0.7842425683036477,1.2506383255701243,0.5635860764690358,2.8146597028856943,0.05555555555555555,2.092012090045637,1.0570101240374512,5.2363344955564814,2.899657405409201,0.044068132847143004,111.1668242993315,60.86184150792669,20.795761454103243,0.20142556572805884,0.5888888888888889,0.4666666666666667,0.361,32.6504099552376,18.010523770648867,Wh,18.010523770648867,Wh
155,cd5e4415dfc079b1cfb49d635b5ca9d1,WindowRegression,"{""window_size"": 10, ""input_dim"": ""univariate"", ""output_dim"": ""1step"", ""normalize_window"": false, ""max_windows"": 5000000, ""fourier_encoding_components"": null, ""scale"": true, ""datepart_method"": null, ""regression_type"": null, ""regression_model"": {""model"": ""SVM"", ""model_params"": {""C"": 0.1, ""tol"": 0.001, ""epsilon"": 0.0, ""loss"": ""squared_epsilon_insensitive"", ""max_iter"": 50}}}","{""fillna"": ""ffill"", ""transformations"": {""0"": ""Scaler"", ""1"": ""Scaler"", ""2"": ""DatepartRegression""}, ""transformation_params"": {""0"": {}, ""1"": {}, ""2"": {""regression_model"": {""model"": ""ElasticNet"", ""model_params"": {""l1_ratio"": 0.5, ""fit_intercept"": true, ""selection"": ""cyclic"", ""max_iter"": 1000}}, ""datepart_method"": ""common_fourier"", ""polynomial_degree"": null, ""transform_dict"": null, ""holiday_countries_used"": false, ""lags"": null, ""forward_lags"": null}}}",0,1,18.925545826247944,1.2520861506043706,1.3727444558675508,0.5617185634565705,1.2520861506043706,0.0,-0.7604646560419059,0.7842425680840037,111.92728889835145,1.250638325040336,0.5635860761025431,0.5888888888888889,0.4666666666666667,2.814659699500636,0.05555555555555555,2.0920120896512477,1.0570101233906934,5.236334496771387,2.8996574056652755,0.044068131964891566,111.16682424230954,60.86184142833993,20.79576152235982,0.2014255656247395,18.925545826247944,1.2520861506043706,1.3727444558675508,0.5617185634565705,1.2520861506043706,0.0,0.7842425680840037,1.250638325040336,0.5635860761025431,2.814659699500636,0.05555555555555555,2.0920120896512477,1.0570101233906934,5.236334496771387,2.8996574056652755,0.044068131964891566,111.16682424230954,60.86184142833993,20.79576152235982,0.2014255656247395,0.5888888888888889,0.4666666666666667,0.3431,32.65040674441447,18.01052376282462,Wh,18.01052376282462,Wh
156,67459dc55c1eafb11279c6d54db313e7,WindowRegression,"{""window_size"": 10, ""input_dim"": ""univariate"", ""output_dim"": ""1step"", ""normalize_window"": false, ""max_windows"": 5000000, ""fourier_encoding_components"": null, ""scale"": true, ""datepart_method"": null, ""regression_type"": null, ""regression_model"": {""model"": ""SVM"", ""model_params"": {""C"": 0.1, ""tol"": 0.001, ""epsilon"": 0.0, ""loss"": ""squared_epsilon_insensitive"", ""max_iter"": 50}}}","{""fillna"": ""ffill"", ""transformations"": {""0"": ""MinMaxScaler"", ""1"": ""DatepartRegression""}, ""transformation_params"": {""0"": {}, ""1"": {""regression_model"": {""model"": ""ElasticNet"", ""model_params"": {""l1_ratio"": 0.5, ""fit_intercept"": true, ""selection"": ""cyclic"", ""max_iter"": 1000}}, ""datepart_method"": ""common_fourier"", ""polynomial_degree"": null, ""transform_dict"": null, ""holiday_countries_used"": false, ""lags"": null, ""forward_lags"": null}}}",0,1,18.925545833634338,1.2520861511483101,1.3727444564109246,0.5617185639688896,1.2520861511483101,0.0,-0.7604646520082099,0.7842425683036477,111.92728895133969,1.2506383255701243,0.5635860764690358,0.5888888888888889,0.4666666666666667,2.8146597028856943,0.05555555555555555,2.092012090045637,1.0570101240374512,5.2363344955564814,2.899657405409201,0.044068132847143004,111.1668242993315,60.86184150792669,20.795761454103243,0.20142556572805884,18.925545833634338,1.2520861511483101,1.3727444564109246,0.5617185639688896,1.2520861511483101,0.0,0.7842425683036477,1.2506383255701243,0.5635860764690358,2.8146597028856943,0.05555555555555555,2.092012090045637,1.0570101240374512,5.2363344955564814,2.899657405409201,0.044068132847143004,111.1668242993315,60.86184150792669,20.795761454103243,0.20142556572805884,0.5888888888888889,0.4666666666666667,0.2845,32.65039629746484,18.010523770648867,Wh,18.010523770648867,Wh
157,4b82dcacd7659e893fb208a37b278a4f,WindowRegression,"{""window_size"": 10, ""input_dim"": ""univariate"", ""output_dim"": ""1step"", ""normalize_window"": false, ""max_windows"": 5000000, ""fourier_encoding_components"": null, ""scale"": true, ""datepart_method"": null, ""regression_type"": null, ""regression_model"": {""model"": ""Ridge"", ""model_params"": {""alpha"": 1e-05}}}","{""fillna"": ""ffill"", ""transformations"": {""0"": ""MinMaxScaler"", ""1"": ""DatepartRegression"", ""2"": ""DatepartRegression"", ""3"": ""Scaler""}, ""transformation_params"": {""0"": {}, ""1"": {""regression_model"": {""model"": ""DecisionTree"", ""model_params"": {""max_depth"": 9, ""min_samples_split"": 1.0}}, ""datepart_method"": ""simple_2"", ""polynomial_degree"": null, ""transform_dict"": null, ""holiday_countries_used"": true, ""lags"": null, ""forward_lags"": null}, ""2"": {""regression_model"": {""model"": ""ElasticNet"", ""model_params"": {""l1_ratio"": 0.5, ""fit_intercept"": true, ""selection"": ""cyclic"", ""max_iter"": 1000}}, ""datepart_method"": ""common_fourier"", ""polynomial_degree"": null, ""transform_dict"": null, ""holiday_countries_used"": false, ""lags"": null, ""forward_lags"": null}, ""3"": {}}}",0,1,18.838385656384805,1.2455219749156687,1.366084948540641,0.5645508808622551,1.2455219749156687,0.0,-0.7529968799050968,0.7813407872711802,111.34398086250509,1.2440754195599717,0.5715717723664412,0.5888888888888889,0.4888888888888889,2.8271760821993004,0.044444444444444446,2.089101774610564,1.0512358144626537,5.190492789972162,2.8683875513190613,0.04600293996157815,110.5909839826,60.790129463366775,20.64394555422352,0.20038218824293474,18.838385656384805,1.2455219749156687,1.366084948540641,0.5645508808622551,1.2455219749156687,0.0,0.7813407872711802,1.2440754195599717,0.5715717723664412,2.8271760821993004,0.044444444444444446,2.089101774610564,1.0512358144626537,5.190492789972162,2.8683875513190613,0.04600293996157815,110.5909839826,60.790129463366775,20.64394555422352,0.20038218824293474,0.5888888888888889,0.4888888888888889,0.6533,32.62329064410594,17.916101951539783,Wh,17.916101951539783,Wh
158,3a99b07281b2281927a0803f86db0fc4,RollingRegression,"{""regression_model"": {""model"": ""ExtraTrees"", ""model_params"": {""n_estimators"": 100, ""min_samples_leaf"": 1, ""min_samples_split"": 2, ""max_depth"": null, ""criterion"": ""squared_error"", ""max_features"": 1}}, ""holiday"": true, ""mean_rolling_periods"": 12, ""macd_periods"": 24, ""std_rolling_periods"": 7, ""max_rolling_periods"": null, ""min_rolling_periods"": 2, ""ewm_var_alpha"": null, ""quantile90_rolling_periods"": null, ""quantile10_rolling_periods"": null, ""ewm_alpha"": 0.2, ""additional_lag_periods"": 6, ""abs_energy"": false, ""rolling_autocorr_periods"": 7, ""nonzero_last_n"": null, ""add_date_part"": null, ""polynomial_degree"": null, ""x_transform"": null, ""regression_type"": null}","{""fillna"": ""zero"", ""transformations"": {""0"": ""DatepartRegression""}, ""transformation_params"": {""0"": {""regression_model"": {""model"": ""DecisionTree"", ""model_params"": {""max_depth"": null, ""min_samples_split"": 2}}, ""datepart_method"": [""simple""], ""polynomial_degree"": null, ""transform_dict"": null, ""holiday_countries_used"": true, ""lags"": 2, ""forward_lags"": null}}}",0,1,17.94534427726232,1.169359106487698,1.4563782630290327,1.23919482499411,1.169359106487698,0.0,-13.635049819946289,0.7487553481402668,91.60726976394653,1.1148462563512525,0.6239534473382017,0.7222222222222222,0.4222222222222222,3.179349899291992,0.5555555555555556,2.0041429169090383,0.8922197128597059,4.451130403811937,6.310045670208616,0.7994433499730954,77.97221994400024,44.90843650614656,22.417834725419922,0.14127954641398643,17.94534427726232,1.169359106487698,1.4563782630290327,1.23919482499411,1.169359106487698,0.0,0.7487553481402668,1.1148462563512525,0.6239534473382017,3.179349899291992,0.5555555555555556,2.0041429169090383,0.8922197128597059,4.451130403811937,6.310045670208616,0.7994433499730954,77.97221994400024,44.90843650614656,22.417834725419922,0.14127954641398643,0.7222222222222222,0.4222222222222222,12.0557,32.530524188691516,16.820543829596872,Wh,16.820543829596872,Wh
159,3b1fc96c3da6ed66b76acf7ba54bbf20,Ensemble,"{""model_name"": ""BestN"", ""model_count"": 3, ""model_metric"": ""bestn_horizontal"", ""models"": {""860cd5b05944ecb82d3157f8432afabb"": {""Model"": ""WindowRegression"", ""ModelParameters"": ""{\""window_size\"": 10, \""input_dim\"": \""univariate\"", \""output_dim\"": \""1step\"", \""normalize_window\"": false, \""max_windows\"": 5000000, \""fourier_encoding_components\"": null, \""scale\"": true, \""datepart_method\"": null, \""regression_type\"": null, \""regression_model\"": {\""model\"": \""SVM\"", \""model_params\"": {\""C\"": 0.1, \""tol\"": 0.001, \""epsilon\"": 0.0, \""loss\"": \""squared_epsilon_insensitive\"", \""max_iter\"": 50}}}"", ""TransformationParameters"": ""{\""fillna\"": \""pchip\"", \""transformations\"": {\""0\"": \""Scaler\""}, \""transformation_params\"": {\""0\"": {}}}""}, ""e9ab0dee8ad32b476a4ab9bc6aed1fef"": {""Model"": ""RollingRegression"", ""ModelParameters"": ""{\""regression_model\"": {\""model\"": \""RANSAC\"", \""model_params\"": {}}, \""holiday\"": true, \""mean_rolling_periods\"": 12, \""macd_periods\"": 24, \""std_rolling_periods\"": 30, \""max_rolling_periods\"": 12, \""min_rolling_periods\"": null, \""ewm_var_alpha\"": null, \""quantile90_rolling_periods\"": null, \""quantile10_rolling_periods\"": null, \""ewm_alpha\"": 0.8, \""additional_lag_periods\"": 6, \""abs_energy\"": false, \""rolling_autocorr_periods\"": null, \""nonzero_last_n\"": null, \""add_date_part\"": null, \""polynomial_degree\"": null, \""x_transform\"": null, \""regression_type\"": null}"", ""TransformationParameters"": ""{\""fillna\"": \""ffill\"", \""transformations\"": {\""0\"": \""Scaler\"", \""1\"": \""Detrend\"", \""2\"": \""DatepartRegression\""}, \""transformation_params\"": {\""0\"": {}, \""1\"": {\""model\"": \""Linear\"", \""phi\"": 1, \""window\"": 30, \""transform_dict\"": null}, \""2\"": {\""regression_model\"": {\""model\"": \""ElasticNet\"", \""model_params\"": {\""l1_ratio\"": 0.5, \""fit_intercept\"": true, \""selection\"": \""cyclic\"", \""max_iter\"": 1000}}, \""datepart_method\"": \""common_fourier\"", \""polynomial_degree\"": null, \""transform_dict\"": null, \""holiday_countries_used\"": false, \""lags\"": null, \""forward_lags\"": null}}}""}, ""67630d1909fa60ae1f9595fc12ff2a69"": {""Model"": ""ARIMA"", ""ModelParameters"": ""{\""p\"": 4, \""d\"": 0, \""q\"": 1, \""regression_type\"": null}"", ""TransformationParameters"": ""{\""fillna\"": \""ffill\"", \""transformations\"": {\""0\"": \""Scaler\"", \""1\"": \""Detrend\"", \""2\"": \""DatepartRegression\""}, \""transformation_params\"": {\""0\"": {}, \""1\"": {\""model\"": \""Linear\"", \""phi\"": 1, \""window\"": 30, \""transform_dict\"": null}, \""2\"": {\""regression_model\"": {\""model\"": \""ElasticNet\"", \""model_params\"": {\""l1_ratio\"": 0.5, \""fit_intercept\"": true, \""selection\"": \""cyclic\"", \""max_iter\"": 1000}}, \""datepart_method\"": \""common_fourier\"", \""polynomial_degree\"": null, \""transform_dict\"": null, \""holiday_countries_used\"": false, \""lags\"": null, \""forward_lags\"": null}}}""}}, ""model_weights"": {""860cd5b05944ecb82d3157f8432afabb"": 4.0, ""e9ab0dee8ad32b476a4ab9bc6aed1fef"": 3.0, ""67630d1909fa60ae1f9595fc12ff2a69"": 2.0}, ""point_method"": ""mean""}","{""fillna"": ""linear"", ""transformations"": {""0"": ""Constraint""}, ""transformation_params"": {""0"": {""constraint_method"": ""quantile"", ""constraint_direction"": ""lower"", ""constraint_regularization"": 0.7, ""constraint_value"": 0.5, ""bounds_only"": false, ""fillna"": ""linear""}}}",1,1,16.32642207912431,1.0609881376209163,1.1913015721457008,0.5500799060672819,1.0609881376209163,0.0,-0.03934008606731876,0.691201441100112,95.44959229981514,1.060979758654887,0.8439940440156135,0.07777777777777778,0.5111111111111111,2.7324274774732364,0.5333333333333333,1.7287939426362309,0.8732629756323235,4.22945333875512,2.143956528709825,0.013270754567604182,95.41025221374782,55.60650843648813,22.916606344513198,0.17287589305118345,16.32642207912431,1.0609881376209163,1.1913015721457008,0.5500799060672819,1.0609881376209163,0.0,0.691201441100112,1.060979758654887,0.8439940440156135,2.7324274774732364,0.5333333333333333,1.7287939426362309,0.8732629756323235,4.22945333875512,2.143956528709825,0.013270754567604182,95.41025221374782,55.60650843648813,22.916606344513198,0.17287589305118345,0.07777777777777778,0.5111111111111111,5.3651,32.422140747397,15.261691102862876,Wh,15.261691102862876,Wh
160,26b6bc01599d0be156fdb85141825b87,Ensemble,"{""model_name"": ""BestN"", ""model_count"": 3, ""model_metric"": ""best_score_unique"", ""models"": {""860cd5b05944ecb82d3157f8432afabb"": {""Model"": ""WindowRegression"", ""ModelParameters"": ""{\""window_size\"": 10, \""input_dim\"": \""univariate\"", \""output_dim\"": \""1step\"", \""normalize_window\"": false, \""max_windows\"": 5000000, \""fourier_encoding_components\"": null, \""scale\"": true, \""datepart_method\"": null, \""regression_type\"": null, \""regression_model\"": {\""model\"": \""SVM\"", \""model_params\"": {\""C\"": 0.1, \""tol\"": 0.001, \""epsilon\"": 0.0, \""loss\"": \""squared_epsilon_insensitive\"", \""max_iter\"": 50}}}"", ""TransformationParameters"": ""{\""fillna\"": \""pchip\"", \""transformations\"": {\""0\"": \""Scaler\""}, \""transformation_params\"": {\""0\"": {}}}""}, ""e9ab0dee8ad32b476a4ab9bc6aed1fef"": {""Model"": ""RollingRegression"", ""ModelParameters"": ""{\""regression_model\"": {\""model\"": \""RANSAC\"", \""model_params\"": {}}, \""holiday\"": true, \""mean_rolling_periods\"": 12, \""macd_periods\"": 24, \""std_rolling_periods\"": 30, \""max_rolling_periods\"": 12, \""min_rolling_periods\"": null, \""ewm_var_alpha\"": null, \""quantile90_rolling_periods\"": null, \""quantile10_rolling_periods\"": null, \""ewm_alpha\"": 0.8, \""additional_lag_periods\"": 6, \""abs_energy\"": false, \""rolling_autocorr_periods\"": null, \""nonzero_last_n\"": null, \""add_date_part\"": null, \""polynomial_degree\"": null, \""x_transform\"": null, \""regression_type\"": null}"", ""TransformationParameters"": ""{\""fillna\"": \""ffill\"", \""transformations\"": {\""0\"": \""Scaler\"", \""1\"": \""Detrend\"", \""2\"": \""DatepartRegression\""}, \""transformation_params\"": {\""0\"": {}, \""1\"": {\""model\"": \""Linear\"", \""phi\"": 1, \""window\"": 30, \""transform_dict\"": null}, \""2\"": {\""regression_model\"": {\""model\"": \""ElasticNet\"", \""model_params\"": {\""l1_ratio\"": 0.5, \""fit_intercept\"": true, \""selection\"": \""cyclic\"", \""max_iter\"": 1000}}, \""datepart_method\"": \""common_fourier\"", \""polynomial_degree\"": null, \""transform_dict\"": null, \""holiday_countries_used\"": false, \""lags\"": null, \""forward_lags\"": null}}}""}, ""67630d1909fa60ae1f9595fc12ff2a69"": {""Model"": ""ARIMA"", ""ModelParameters"": ""{\""p\"": 4, \""d\"": 0, \""q\"": 1, \""regression_type\"": null}"", ""TransformationParameters"": ""{\""fillna\"": \""ffill\"", \""transformations\"": {\""0\"": \""Scaler\"", \""1\"": \""Detrend\"", \""2\"": \""DatepartRegression\""}, \""transformation_params\"": {\""0\"": {}, \""1\"": {\""model\"": \""Linear\"", \""phi\"": 1, \""window\"": 30, \""transform_dict\"": null}, \""2\"": {\""regression_model\"": {\""model\"": \""ElasticNet\"", \""model_params\"": {\""l1_ratio\"": 0.5, \""fit_intercept\"": true, \""selection\"": \""cyclic\"", \""max_iter\"": 1000}}, \""datepart_method\"": \""common_fourier\"", \""polynomial_degree\"": null, \""transform_dict\"": null, \""holiday_countries_used\"": false, \""lags\"": null, \""forward_lags\"": null}}}""}}, ""model_weights"": {}, ""point_method"": ""mean""}","{""fillna"": ""linear"", ""transformations"": {""0"": ""Constraint""}, ""transformation_params"": {""0"": {""constraint_method"": ""quantile"", ""constraint_direction"": ""lower"", ""constraint_regularization"": 0.7, ""constraint_value"": 0.5, ""bounds_only"": false, ""fillna"": ""linear""}}}",1,1,16.287746506432878,1.0582233118462274,1.1890837834819885,0.5496084515120886,1.0582233118462274,0.0,-0.0329550230486193,0.689662813281298,95.20714304311186,1.058217407690825,0.8250103607754856,0.07777777777777778,0.4888888888888889,2.736802880158038,0.5333333333333333,1.7283034081355129,0.870511459477877,4.2057161821523845,2.1250068242192675,0.012139932871612788,95.17418802006324,55.60945324686792,22.996288471457703,0.1724481632490527,16.287746506432878,1.0582233118462274,1.1890837834819885,0.5496084515120886,1.0582233118462274,0.0,0.689662813281298,1.058217407690825,0.8250103607754856,2.736802880158038,0.5333333333333333,1.7283034081355129,0.870511459477877,4.2057161821523845,2.1250068242192675,0.012139932871612788,95.17418802006324,55.60945324686792,22.996288471457703,0.1724481632490527,0.07777777777777778,0.4888888888888889,5.5705,32.14360328701366,15.221920708237018,Wh,15.221920708237018,Wh
161,c9a260ffbf03352d247965ef5f97ff30,Ensemble,"{""model_name"": ""BestN"", ""model_count"": 3, ""model_metric"": ""horizontal"", ""models"": {""67630d1909fa60ae1f9595fc12ff2a69"": {""Model"": ""ARIMA"", ""ModelParameters"": ""{\""p\"": 4, \""d\"": 0, \""q\"": 1, \""regression_type\"": null}"", ""TransformationParameters"": ""{\""fillna\"": \""ffill\"", \""transformations\"": {\""0\"": \""Scaler\"", \""1\"": \""Detrend\"", \""2\"": \""DatepartRegression\""}, \""transformation_params\"": {\""0\"": {}, \""1\"": {\""model\"": \""Linear\"", \""phi\"": 1, \""window\"": 30, \""transform_dict\"": null}, \""2\"": {\""regression_model\"": {\""model\"": \""ElasticNet\"", \""model_params\"": {\""l1_ratio\"": 0.5, \""fit_intercept\"": true, \""selection\"": \""cyclic\"", \""max_iter\"": 1000}}, \""datepart_method\"": \""common_fourier\"", \""polynomial_degree\"": null, \""transform_dict\"": null, \""holiday_countries_used\"": false, \""lags\"": null, \""forward_lags\"": null}}}""}, ""e9ab0dee8ad32b476a4ab9bc6aed1fef"": {""Model"": ""RollingRegression"", ""ModelParameters"": ""{\""regression_model\"": {\""model\"": \""RANSAC\"", \""model_params\"": {}}, \""holiday\"": true, \""mean_rolling_periods\"": 12, \""macd_periods\"": 24, \""std_rolling_periods\"": 30, \""max_rolling_periods\"": 12, \""min_rolling_periods\"": null, \""ewm_var_alpha\"": null, \""quantile90_rolling_periods\"": null, \""quantile10_rolling_periods\"": null, \""ewm_alpha\"": 0.8, \""additional_lag_periods\"": 6, \""abs_energy\"": false, \""rolling_autocorr_periods\"": null, \""nonzero_last_n\"": null, \""add_date_part\"": null, \""polynomial_degree\"": null, \""x_transform\"": null, \""regression_type\"": null}"", ""TransformationParameters"": ""{\""fillna\"": \""ffill\"", \""transformations\"": {\""0\"": \""Scaler\"", \""1\"": \""Detrend\"", \""2\"": \""DatepartRegression\""}, \""transformation_params\"": {\""0\"": {}, \""1\"": {\""model\"": \""Linear\"", \""phi\"": 1, \""window\"": 30, \""transform_dict\"": null}, \""2\"": {\""regression_model\"": {\""model\"": \""ElasticNet\"", \""model_params\"": {\""l1_ratio\"": 0.5, \""fit_intercept\"": true, \""selection\"": \""cyclic\"", \""max_iter\"": 1000}}, \""datepart_method\"": \""common_fourier\"", \""polynomial_degree\"": null, \""transform_dict\"": null, \""holiday_countries_used\"": false, \""lags\"": null, \""forward_lags\"": null}}}""}, ""860cd5b05944ecb82d3157f8432afabb"": {""Model"": ""WindowRegression"", ""ModelParameters"": ""{\""window_size\"": 10, \""input_dim\"": \""univariate\"", \""output_dim\"": \""1step\"", \""normalize_window\"": false, \""max_windows\"": 5000000, \""fourier_encoding_components\"": null, \""scale\"": true, \""datepart_method\"": null, \""regression_type\"": null, \""regression_model\"": {\""model\"": \""SVM\"", \""model_params\"": {\""C\"": 0.1, \""tol\"": 0.001, \""epsilon\"": 0.0, \""loss\"": \""squared_epsilon_insensitive\"", \""max_iter\"": 50}}}"", ""TransformationParameters"": ""{\""fillna\"": \""pchip\"", \""transformations\"": {\""0\"": \""Scaler\""}, \""transformation_params\"": {\""0\"": {}}}""}}, ""model_weights"": {}, ""point_method"": ""mean""}","{""fillna"": ""linear"", ""transformations"": {""0"": ""Constraint""}, ""transformation_params"": {""0"": {""constraint_method"": ""quantile"", ""constraint_direction"": ""lower"", ""constraint_regularization"": 0.7, ""constraint_value"": 0.5, ""bounds_only"": false, ""fillna"": ""linear""}}}",1,1,16.287746506432878,1.0582233118462274,1.1890837834819885,0.5496084515120886,1.0582233118462274,0.0,-0.0329550230486193,0.689662813281298,95.20714304311186,1.058217407690825,0.8250103607754856,0.07777777777777778,0.4888888888888889,2.736802880158038,0.5333333333333333,1.7283034081355129,0.870511459477877,4.2057161821523845,2.1250068242192666,0.012139932871612788,95.17418802006324,55.60945324686797,22.996288471457703,0.1724481632490527,16.287746506432878,1.0582233118462274,1.1890837834819885,0.5496084515120886,1.0582233118462274,0.0,0.689662813281298,1.058217407690825,0.8250103607754856,2.736802880158038,0.5333333333333333,1.7283034081355129,0.870511459477877,4.2057161821523845,2.1250068242192666,0.012139932871612788,95.17418802006324,55.60945324686797,22.996288471457703,0.1724481632490527,0.07777777777777778,0.4888888888888889,5.0618,32.143512467288105,15.221920708237018,Wh,15.221920708237018,Wh
162,018b02d7907eb8c8b362a40bac65ddf5,Ensemble,"{""model_name"": ""BestN"", ""model_count"": 3, ""model_metric"": ""best_score"", ""models"": {}, ""model_weights"": {}, ""point_method"": ""mean""}","{""fillna"": ""zero"", ""transformations"": {""0"": ""AnomalyRemoval"", ""1"": ""EWMAFilter"", ""2"": ""AlignLastValue""}, ""transformation_params"": {""0"": {""method"": ""med_diff"", ""method_params"": {""distribution"": ""norm"", ""alpha"": 0.05}, ""fillna"": ""rolling_mean_24"", ""transform_dict"": {""fillna"": null, ""transformations"": {""0"": ""EWMAFilter""}, ""transformation_params"": {""0"": {""span"": 7}}}, ""isolated_only"": false, ""on_inverse"": false}, ""1"": {""span"": 7}, ""2"": {""rows"": 1, ""lag"": 1, ""method"": ""multiplicative"", ""strength"": 1.0, ""first_value_only"": false, ""threshold"": 1, ""threshold_method"": ""max""}}}",1,2,17.285294383695295,1.3558487787619415,1.547656271373079,0.7202043721118613,1.3558487787619415,0.0,-23.88096853226,0.7554198937601736,220.17181164488946,1.3268731716052535,0.485822558096917,0.7222222222222222,0.5055555555555555,5.032698010099999,0.9444444444444444,1.56649841978015,1.1429831280124882,5.778597033108576,3.975779493235493,0.47499537921145935,105.57402091015511,36.14817653108747,11.778502497185045,0.16077690595039457,17.285294383695295,1.3558487787619415,1.547656271373079,0.7202043721118613,1.3558487787619415,0.0,0.7554198937601736,1.3268731716052535,0.485822558096917,5.032698010099999,0.9444444444444444,1.56649841978015,1.1429831280124882,5.778597033108576,3.975779493235493,0.47499537921145935,105.57402091015511,36.14817653108747,11.778502497185045,0.16077690595039457,0.7222222222222222,0.5055555555555555,19.3517,31.559803432606937,32.708893476046654,Wh,32.708893476046654,Wh
163,e475f34aec44ec858adbb79d4f6918f6,Ensemble,"{""model_name"": ""BestN"", ""model_count"": 3, ""model_metric"": ""mixed_metric"", ""models"": {""860cd5b05944ecb82d3157f8432afabb"": {""Model"": ""WindowRegression"", ""ModelParameters"": ""{\""window_size\"": 10, \""input_dim\"": \""univariate\"", \""output_dim\"": \""1step\"", \""normalize_window\"": false, \""max_windows\"": 5000000, \""fourier_encoding_components\"": null, \""scale\"": true, \""datepart_method\"": null, \""regression_type\"": null, \""regression_model\"": {\""model\"": \""SVM\"", \""model_params\"": {\""C\"": 0.1, \""tol\"": 0.001, \""epsilon\"": 0.0, \""loss\"": \""squared_epsilon_insensitive\"", \""max_iter\"": 50}}}"", ""TransformationParameters"": ""{\""fillna\"": \""pchip\"", \""transformations\"": {\""0\"": \""Scaler\""}, \""transformation_params\"": {\""0\"": {}}}""}, ""c0b1c7a0ef49e381d5aea93045d68ec6"": {""Model"": ""WindowRegression"", ""ModelParameters"": ""{\""window_size\"": 10, \""input_dim\"": \""univariate\"", \""output_dim\"": \""1step\"", \""normalize_window\"": false, \""max_windows\"": 5000000, \""fourier_encoding_components\"": null, \""scale\"": true, \""datepart_method\"": null, \""regression_type\"": null, \""regression_model\"": {\""model\"": \""SVM\"", \""model_params\"": {\""C\"": 0.1, \""tol\"": 0.001, \""epsilon\"": 0.0, \""loss\"": \""squared_epsilon_insensitive\"", \""max_iter\"": 50}}}"", ""TransformationParameters"": ""{\""fillna\"": \""ffill\"", \""transformations\"": {\""0\"": \""DatepartRegression\"", \""1\"": \""DatepartRegression\"", \""2\"": \""MinMaxScaler\"", \""3\"": \""Scaler\""}, \""transformation_params\"": {\""0\"": {\""regression_model\"": {\""model\"": \""ElasticNet\"", \""model_params\"": {\""l1_ratio\"": 0.5, \""fit_intercept\"": true, \""selection\"": \""cyclic\"", \""max_iter\"": 1000}}, \""datepart_method\"": \""anchored_segment_fourier:us_school\"", \""polynomial_degree\"": null, \""transform_dict\"": null, \""holiday_countries_used\"": false, \""lags\"": null, \""forward_lags\"": null}, \""1\"": {\""regression_model\"": {\""model\"": \""ElasticNet\"", \""model_params\"": {\""l1_ratio\"": 0.9, \""fit_intercept\"": true, \""selection\"": \""cyclic\"", \""max_iter\"": 200}}, \""datepart_method\"": \""common_fourier\"", \""polynomial_degree\"": null, \""transform_dict\"": null, \""holiday_countries_used\"": false, \""lags\"": null, \""forward_lags\"": 2}, \""2\"": {}, \""3\"": {}}}""}, ""b56ba147e1633d9995afee23f1bd58c7"": {""Model"": ""WindowRegression"", ""ModelParameters"": ""{\""window_size\"": 20, \""input_dim\"": \""univariate\"", \""output_dim\"": \""1step\"", \""normalize_window\"": false, \""max_windows\"": 5000000, \""fourier_encoding_components\"": null, \""scale\"": false, \""datepart_method\"": null, \""regression_type\"": null, \""regression_model\"": {\""model\"": \""xgboost\"", \""model_params\"": {\""booster\"": \""gbtree\"", \""objective\"": \""reg:squarederror\"", \""max_depth\"": 6, \""eta\"": 0.003, \""min_child_weight\"": 0.5, \""subsample\"": 1, \""colsample_bylevel\"": 0.9, \""reg_alpha\"": 0, \""reg_lambda\"": 1, \""n_estimators\"": 7, \""multi_strategy\"": \""multi_output_tree\"", \""tree_method\"": \""hist\""}}}"", ""TransformationParameters"": ""{\""fillna\"": \""ffill\"", \""transformations\"": {\""0\"": \""Scaler\"", \""1\"": \""Detrend\"", \""2\"": \""MinMaxScaler\""}, \""transformation_params\"": {\""0\"": {}, \""1\"": {\""model\"": \""Linear\"", \""phi\"": 1, \""window\"": 30, \""transform_dict\"": null}, \""2\"": {}}}""}}, ""model_weights"": {}, ""point_method"": ""mean""}","{""fillna"": ""median"", ""transformations"": {""0"": ""DiffSmoother"", ""1"": ""AlignLastValue"", ""2"": ""HistoricValues""}, ""transformation_params"": {""0"": {""method"": ""med_diff"", ""method_params"": {""distribution"": ""norm"", ""alpha"": 0.05}, ""transform_dict"": null, ""reverse_alignment"": false, ""isolated_only"": false, ""fillna"": ""linear""}, ""1"": {""rows"": 1, ""lag"": 1, ""method"": ""additive"", ""strength"": 1.0, ""first_value_only"": false, ""threshold"": null, ""threshold_method"": ""mean""}, ""2"": {""window"": 10}}}",1,6,14.218429646836244,1.0234459245646441,1.259742670247646,0.5929825785996862,1.0234459245646441,0.0,-49.351372718811035,0.6638335782314718,503.3094265460968,0.9985743288027121,0.8740164789538313,0.0,0.5148148148148147,4.142920255661011,0.7740740740740741,1.5705473462445347,0.8010447443577281,4.2265797565788,3.0619477476229804,0.018901362019938008,75.65967563788097,27.565279604698265,27.279901138342893,0.12145904446318738,14.218429646836244,1.0234459245646441,1.259742670247646,0.5929825785996862,1.0234459245646441,0.0,0.6638335782314718,0.9985743288027121,0.8740164789538313,4.142920255661011,0.7740740740740741,1.5705473462445347,0.8010447443577281,4.2265797565788,3.0619477476229804,0.018901362019938008,75.65967563788097,27.565279604698265,27.279901138342893,0.12145904446318738,0.0,0.5148148148148147,1.8724333333333334,31.146095614915794,22.52130919121072,Wh,22.52130919121072,Wh
164,fb318ba2c0a3b65f982652ac72cc6266,WindowRegression,"{""window_size"": 20, ""input_dim"": ""univariate"", ""output_dim"": ""forecast_length"", ""normalize_window"": false, ""max_windows"": 50000, ""fourier_encoding_components"": null, ""scale"": true, ""datepart_method"": null, ""regression_type"": null, ""regression_model"": {""model"": ""SVM"", ""model_params"": {""C"": 0.5, ""tol"": 0.0001, ""epsilon"": 0.05, ""loss"": ""squared_epsilon_insensitive"", ""max_iter"": 100}}}","{""fillna"": ""ffill"", ""transformations"": {""0"": ""Scaler"", ""1"": ""Detrend"", ""2"": ""MinMaxScaler"", ""3"": ""MinMaxScaler""}, ""transformation_params"": {""0"": {}, ""1"": {""model"": ""Linear"", ""phi"": 1, ""window"": 30, ""transform_dict"": null}, ""2"": {}, ""3"": {}}}",0,1,17.729628554572283,0.986821345807265,1.2074905961504943,0.9491132117450485,0.986821345807265,0.0,-75.3478786204924,0.9395314058909365,13.466042502161457,0.6747642117317741,0.6625756053390786,0.5555555555555556,0.5222222222222223,3.0333713169894074,0.9444444444444444,1.5218630679758718,0.7636562317857589,4.090076083428167,7.298620842191946,0.6345847678953955,61.88183611833094,29.946715234881992,14.579533493215271,0.11212503304819861,17.729628554572283,0.986821345807265,1.2074905961504943,0.9491132117450485,0.986821345807265,0.0,0.9395314058909365,0.6747642117317741,0.6625756053390786,3.0333713169894074,0.9444444444444444,1.5218630679758718,0.7636562317857589,4.090076083428167,7.298620842191946,0.6345847678953955,61.88183611833094,29.946715234881992,14.579533493215271,0.11212503304819861,0.5555555555555556,0.5222222222222223,0.1537,30.891231397022395,14.194845370460627,Wh,14.194845370460627,Wh
165,cb93fb444bea5b0fb3760e27221eb099,Ensemble,"{""model_name"": ""BestN"", ""model_count"": 5, ""model_metric"": ""mixed_metric"", ""models"": {""9401cafd8f6b338a48dd5f0e109ef608"": {""Model"": ""ARIMA"", ""ModelParameters"": ""{\""p\"": 4, \""d\"": 1, \""q\"": 1, \""regression_type\"": null}"", ""TransformationParameters"": ""{\""fillna\"": \""ffill\"", \""transformations\"": {\""0\"": \""Scaler\"", \""1\"": \""Detrend\"", \""2\"": \""DatepartRegression\""}, \""transformation_params\"": {\""0\"": {}, \""1\"": {\""model\"": \""Linear\"", \""phi\"": 1, \""window\"": 30, \""transform_dict\"": null}, \""2\"": {\""regression_model\"": {\""model\"": \""ElasticNet\"", \""model_params\"": {\""l1_ratio\"": 0.5, \""fit_intercept\"": true, \""selection\"": \""cyclic\"", \""max_iter\"": 1000}}, \""datepart_method\"": \""common_fourier\"", \""polynomial_degree\"": null, \""transform_dict\"": null, \""holiday_countries_used\"": false, \""lags\"": null, \""forward_lags\"": null}}}""}, ""a8ad161bc7623e4bb730ce0012481031"": {""Model"": ""RollingRegression"", ""ModelParameters"": ""{\""regression_model\"": {\""model\"": \""RANSAC\"", \""model_params\"": {}}, \""holiday\"": true, \""mean_rolling_periods\"": 12, \""macd_periods\"": 24, \""std_rolling_periods\"": 10, \""max_rolling_periods\"": null, \""min_rolling_periods\"": 4, \""ewm_var_alpha\"": null, \""quantile90_rolling_periods\"": null, \""quantile10_rolling_periods\"": null, \""ewm_alpha\"": 0.8, \""additional_lag_periods\"": 2, \""abs_energy\"": false, \""rolling_autocorr_periods\"": null, \""nonzero_last_n\"": null, \""add_date_part\"": null, \""polynomial_degree\"": null, \""x_transform\"": null, \""regression_type\"": null}"", ""TransformationParameters"": ""{\""fillna\"": \""ffill\"", \""transformations\"": {\""0\"": \""Detrend\"", \""1\"": \""DatepartRegression\"", \""2\"": \""Scaler\"", \""3\"": \""Scaler\"", \""4\"": \""MinMaxScaler\""}, \""transformation_params\"": {\""0\"": {\""model\"": \""Linear\"", \""phi\"": 1, \""window\"": null, \""transform_dict\"": null}, \""1\"": {\""regression_model\"": {\""model\"": \""ElasticNet\"", \""model_params\"": {\""l1_ratio\"": 0.9, \""fit_intercept\"": true, \""selection\"": \""cyclic\"", \""max_iter\"": 200}}, \""datepart_method\"": \""common_fourier\"", \""polynomial_degree\"": null, \""transform_dict\"": null, \""holiday_countries_used\"": false, \""lags\"": null, \""forward_lags\"": 2}, \""2\"": {}, \""3\"": {}, \""4\"": {}}}""}}, ""point_method"": ""kalman"", ""model_weights"": {}}","{""fillna"": ""linear"", ""transformations"": {""0"": ""Constraint""}, ""transformation_params"": {""0"": {""constraint_method"": ""quantile"", ""constraint_direction"": ""lower"", ""constraint_regularization"": 0.7, ""constraint_value"": 0.5, ""bounds_only"": false, ""fillna"": ""linear""}}}",1,2,14.160944351235962,0.9686341439862662,1.1631326860467928,0.5738917122324549,0.9686341439862662,0.0,-12.343467158378328,0.6462324254911083,162.0106787591496,0.9498382259959043,0.8802124999314295,0.12222222222222222,0.5,3.9934183757043886,0.6944444444444444,1.5768419439546935,0.7634096421464003,3.9244016185100383,2.2465971618225558,0.040824347806728785,74.83360580038564,34.53081464552954,25.029855789024545,0.127602399448293,14.160944351235962,0.9686341439862662,1.1631326860467928,0.5738917122324549,0.9686341439862662,0.0,0.6462324254911083,0.9498382259959043,0.8802124999314295,3.9934183757043886,0.6944444444444444,1.5768419439546935,0.7634096421464003,3.9244016185100383,2.2465971618225558,0.040824347806728785,74.83360580038564,34.53081464552954,25.029855789024545,0.127602399448293,0.12222222222222222,0.5,14.104800000000001,30.578134341810575,15.421091308075427,Wh,15.421091308075427,Wh
166,a1152730d2c46cc4d8f91aa391755ab0,Ensemble,"{""model_name"": ""BestN"", ""model_count"": 5, ""model_metric"": ""bestn_horizontal"", ""models"": {""860cd5b05944ecb82d3157f8432afabb"": {""Model"": ""WindowRegression"", ""ModelParameters"": ""{\""window_size\"": 10, \""input_dim\"": \""univariate\"", \""output_dim\"": \""1step\"", \""normalize_window\"": false, \""max_windows\"": 5000000, \""fourier_encoding_components\"": null, \""scale\"": true, \""datepart_method\"": null, \""regression_type\"": null, \""regression_model\"": {\""model\"": \""SVM\"", \""model_params\"": {\""C\"": 0.1, \""tol\"": 0.001, \""epsilon\"": 0.0, \""loss\"": \""squared_epsilon_insensitive\"", \""max_iter\"": 50}}}"", ""TransformationParameters"": ""{\""fillna\"": \""pchip\"", \""transformations\"": {\""0\"": \""Scaler\""}, \""transformation_params\"": {\""0\"": {}}}""}, ""c0b1c7a0ef49e381d5aea93045d68ec6"": {""Model"": ""WindowRegression"", ""ModelParameters"": ""{\""window_size\"": 10, \""input_dim\"": \""univariate\"", \""output_dim\"": \""1step\"", \""normalize_window\"": false, \""max_windows\"": 5000000, \""fourier_encoding_components\"": null, \""scale\"": true, \""datepart_method\"": null, \""regression_type\"": null, \""regression_model\"": {\""model\"": \""SVM\"", \""model_params\"": {\""C\"": 0.1, \""tol\"": 0.001, \""epsilon\"": 0.0, \""loss\"": \""squared_epsilon_insensitive\"", \""max_iter\"": 50}}}"", ""TransformationParameters"": ""{\""fillna\"": \""ffill\"", \""transformations\"": {\""0\"": \""DatepartRegression\"", \""1\"": \""DatepartRegression\"", \""2\"": \""MinMaxScaler\"", \""3\"": \""Scaler\""}, \""transformation_params\"": {\""0\"": {\""regression_model\"": {\""model\"": \""ElasticNet\"", \""model_params\"": {\""l1_ratio\"": 0.5, \""fit_intercept\"": true, \""selection\"": \""cyclic\"", \""max_iter\"": 1000}}, \""datepart_method\"": \""anchored_segment_fourier:us_school\"", \""polynomial_degree\"": null, \""transform_dict\"": null, \""holiday_countries_used\"": false, \""lags\"": null, \""forward_lags\"": null}, \""1\"": {\""regression_model\"": {\""model\"": \""ElasticNet\"", \""model_params\"": {\""l1_ratio\"": 0.9, \""fit_intercept\"": true, \""selection\"": \""cyclic\"", \""max_iter\"": 200}}, \""datepart_method\"": \""common_fourier\"", \""polynomial_degree\"": null, \""transform_dict\"": null, \""holiday_countries_used\"": false, \""lags\"": null, \""forward_lags\"": 2}, \""2\"": {}, \""3\"": {}}}""}, ""610f0e543b94fb05cd2d59dc7f408967"": {""Model"": ""WindowRegression"", ""ModelParameters"": ""{\""window_size\"": 10, \""input_dim\"": \""univariate\"", \""output_dim\"": \""1step\"", \""normalize_window\"": false, \""max_windows\"": 5000000, \""fourier_encoding_components\"": null, \""scale\"": true, \""datepart_method\"": null, \""regression_type\"": null, \""regression_model\"": {\""model\"": \""SVM\"", \""model_params\"": {\""C\"": 0.1, \""tol\"": 0.001, \""epsilon\"": 0.0, \""loss\"": \""squared_epsilon_insensitive\"", \""max_iter\"": 50}}}"", ""TransformationParameters"": ""{\""fillna\"": \""rolling_mean_24\"", \""transformations\"": {\""0\"": \""DatepartRegression\"", \""1\"": \""DatepartRegression\"", \""2\"": \""MinMaxScaler\""}, \""transformation_params\"": {\""0\"": {\""regression_model\"": {\""model\"": \""ElasticNet\"", \""model_params\"": {\""l1_ratio\"": 0.5, \""fit_intercept\"": true, \""selection\"": \""cyclic\"", \""max_iter\"": 1000}}, \""datepart_method\"": \""anchored_segment_fourier:us_school\"", \""polynomial_degree\"": null, \""transform_dict\"": null, \""holiday_countries_used\"": false, \""lags\"": null, \""forward_lags\"": null}, \""1\"": {\""regression_model\"": {\""model\"": \""ElasticNet\"", \""model_params\"": {\""l1_ratio\"": 0.9, \""fit_intercept\"": true, \""selection\"": \""cyclic\"", \""max_iter\"": 200}}, \""datepart_method\"": \""common_fourier\"", \""polynomial_degree\"": null, \""transform_dict\"": null, \""holiday_countries_used\"": false, \""lags\"": null, \""forward_lags\"": 2}, \""2\"": {}}}""}, ""727a69c39da55c22e462197e5cede5c2"": {""Model"": ""WindowRegression"", ""ModelParameters"": ""{\""window_size\"": 10, \""input_dim\"": \""univariate\"", \""output_dim\"": \""1step\"", \""normalize_window\"": false, \""max_windows\"": 5000000, \""fourier_encoding_components\"": null, \""scale\"": true, \""datepart_method\"": null, \""regression_type\"": null, \""regression_model\"": {\""model\"": \""SVM\"", \""model_params\"": {\""C\"": 0.1, \""tol\"": 0.001, \""epsilon\"": 0.0, \""loss\"": \""squared_epsilon_insensitive\"", \""max_iter\"": 50}}}"", ""TransformationParameters"": ""{\""fillna\"": \""ffill\"", \""transformations\"": {\""0\"": \""MinMaxScaler\""}, \""transformation_params\"": {\""0\"": {}}}""}, ""474b2b4c4272ab687933f5d9bc0a6613"": {""Model"": ""WindowRegression"", ""ModelParameters"": ""{\""window_size\"": 10, \""input_dim\"": \""univariate\"", \""output_dim\"": \""1step\"", \""normalize_window\"": false, \""max_windows\"": 5000000, \""fourier_encoding_components\"": null, \""scale\"": true, \""datepart_method\"": null, \""regression_type\"": null, \""regression_model\"": {\""model\"": \""SVM\"", \""model_params\"": {\""C\"": 0.1, \""tol\"": 0.001, \""epsilon\"": 0.0, \""loss\"": \""squared_epsilon_insensitive\"", \""max_iter\"": 50}}}"", ""TransformationParameters"": ""{\""fillna\"": \""ffill\"", \""transformations\"": {\""0\"": \""DatepartRegression\"", \""1\"": \""MinMaxScaler\""}, \""transformation_params\"": {\""0\"": {\""regression_model\"": {\""model\"": \""ElasticNet\"", \""model_params\"": {\""l1_ratio\"": 0.5, \""fit_intercept\"": true, \""selection\"": \""cyclic\"", \""max_iter\"": 1000}}, \""datepart_method\"": \""anchored_segment_fourier:us_school\"", \""polynomial_degree\"": null, \""transform_dict\"": null, \""holiday_countries_used\"": false, \""lags\"": null, \""forward_lags\"": null}, \""1\"": {}}}""}}, ""point_method"": ""median"", ""model_weights"": {}}","{""fillna"": ""median"", ""transformations"": {""0"": ""DiffSmoother"", ""1"": ""AlignLastValue"", ""2"": ""HistoricValues""}, ""transformation_params"": {""0"": {""method"": ""med_diff"", ""method_params"": {""distribution"": ""norm"", ""alpha"": 0.05}, ""transform_dict"": null, ""reverse_alignment"": false, ""isolated_only"": false, ""fillna"": ""linear""}, ""1"": {""rows"": 1, ""lag"": 1, ""method"": ""additive"", ""strength"": 1.0, ""first_value_only"": false, ""threshold"": null, ""threshold_method"": ""mean""}, ""2"": {""window"": 10}}}",1,7,13.966682559183566,1.0079536771017408,1.2481724699784407,0.5941223201553673,1.0079536771017408,0.0,-59.22164726257324,0.6565432940790364,575.7891693115234,0.9823714643180393,0.8455875985836023,0.0,0.5142857142857142,4.142920255661011,0.7952380952380953,1.5485881028919515,0.7847040022226205,4.164738040790824,3.022306826274417,0.01927816039122005,73.79536029270717,26.048146448631382,27.397426089919005,0.11763446977813338,13.966682559183566,1.0079536771017408,1.2481724699784407,0.5941223201553673,1.0079536771017408,0.0,0.6565432940790364,0.9823714643180393,0.8455875985836023,4.142920255661011,0.7952380952380953,1.5485881028919515,0.7847040022226205,4.164738040790824,3.022306826274417,0.01927816039122005,73.79536029270717,26.048146448631382,27.397426089919005,0.11763446977813338,0.0,0.5142857142857142,4.942285714285714,30.48966251367254,22.52130919121072,Wh,22.52130919121072,Wh
167,b7eeb15a3a770af82a0ebaf36f86c75e,Ensemble,"{""model_name"": ""BestN"", ""model_count"": 3, ""model_metric"": ""best_score"", ""models"": {""860cd5b05944ecb82d3157f8432afabb"": {""Model"": ""WindowRegression"", ""ModelParameters"": ""{\""window_size\"": 10, \""input_dim\"": \""univariate\"", \""output_dim\"": \""1step\"", \""normalize_window\"": false, \""max_windows\"": 5000000, \""fourier_encoding_components\"": null, \""scale\"": true, \""datepart_method\"": null, \""regression_type\"": null, \""regression_model\"": {\""model\"": \""SVM\"", \""model_params\"": {\""C\"": 0.1, \""tol\"": 0.001, \""epsilon\"": 0.0, \""loss\"": \""squared_epsilon_insensitive\"", \""max_iter\"": 50}}}"", ""TransformationParameters"": ""{\""fillna\"": \""pchip\"", \""transformations\"": {\""0\"": \""Scaler\""}, \""transformation_params\"": {\""0\"": {}}}""}, ""c0b1c7a0ef49e381d5aea93045d68ec6"": {""Model"": ""WindowRegression"", ""ModelParameters"": ""{\""window_size\"": 10, \""input_dim\"": \""univariate\"", \""output_dim\"": \""1step\"", \""normalize_window\"": false, \""max_windows\"": 5000000, \""fourier_encoding_components\"": null, \""scale\"": true, \""datepart_method\"": null, \""regression_type\"": null, \""regression_model\"": {\""model\"": \""SVM\"", \""model_params\"": {\""C\"": 0.1, \""tol\"": 0.001, \""epsilon\"": 0.0, \""loss\"": \""squared_epsilon_insensitive\"", \""max_iter\"": 50}}}"", ""TransformationParameters"": ""{\""fillna\"": \""ffill\"", \""transformations\"": {\""0\"": \""DatepartRegression\"", \""1\"": \""DatepartRegression\"", \""2\"": \""MinMaxScaler\"", \""3\"": \""Scaler\""}, \""transformation_params\"": {\""0\"": {\""regression_model\"": {\""model\"": \""ElasticNet\"", \""model_params\"": {\""l1_ratio\"": 0.5, \""fit_intercept\"": true, \""selection\"": \""cyclic\"", \""max_iter\"": 1000}}, \""datepart_method\"": \""anchored_segment_fourier:us_school\"", \""polynomial_degree\"": null, \""transform_dict\"": null, \""holiday_countries_used\"": false, \""lags\"": null, \""forward_lags\"": null}, \""1\"": {\""regression_model\"": {\""model\"": \""ElasticNet\"", \""model_params\"": {\""l1_ratio\"": 0.9, \""fit_intercept\"": true, \""selection\"": \""cyclic\"", \""max_iter\"": 200}}, \""datepart_method\"": \""common_fourier\"", \""polynomial_degree\"": null, \""transform_dict\"": null, \""holiday_countries_used\"": false, \""lags\"": null, \""forward_lags\"": 2}, \""2\"": {}, \""3\"": {}}}""}, ""610f0e543b94fb05cd2d59dc7f408967"": {""Model"": ""WindowRegression"", ""ModelParameters"": ""{\""window_size\"": 10, \""input_dim\"": \""univariate\"", \""output_dim\"": \""1step\"", \""normalize_window\"": false, \""max_windows\"": 5000000, \""fourier_encoding_components\"": null, \""scale\"": true, \""datepart_method\"": null, \""regression_type\"": null, \""regression_model\"": {\""model\"": \""SVM\"", \""model_params\"": {\""C\"": 0.1, \""tol\"": 0.001, \""epsilon\"": 0.0, \""loss\"": \""squared_epsilon_insensitive\"", \""max_iter\"": 50}}}"", ""TransformationParameters"": ""{\""fillna\"": \""rolling_mean_24\"", \""transformations\"": {\""0\"": \""DatepartRegression\"", \""1\"": \""DatepartRegression\"", \""2\"": \""MinMaxScaler\""}, \""transformation_params\"": {\""0\"": {\""regression_model\"": {\""model\"": \""ElasticNet\"", \""model_params\"": {\""l1_ratio\"": 0.5, \""fit_intercept\"": true, \""selection\"": \""cyclic\"", \""max_iter\"": 1000}}, \""datepart_method\"": \""anchored_segment_fourier:us_school\"", \""polynomial_degree\"": null, \""transform_dict\"": null, \""holiday_countries_used\"": false, \""lags\"": null, \""forward_lags\"": null}, \""1\"": {\""regression_model\"": {\""model\"": \""ElasticNet\"", \""model_params\"": {\""l1_ratio\"": 0.9, \""fit_intercept\"": true, \""selection\"": \""cyclic\"", \""max_iter\"": 200}}, \""datepart_method\"": \""common_fourier\"", \""polynomial_degree\"": null, \""transform_dict\"": null, \""holiday_countries_used\"": false, \""lags\"": null, \""forward_lags\"": 2}, \""2\"": {}}}""}}, ""model_weights"": {}, ""point_method"": ""mean""}","{""fillna"": ""median"", ""transformations"": {""0"": ""DiffSmoother"", ""1"": ""AlignLastValue"", ""2"": ""HistoricValues""}, ""transformation_params"": {""0"": {""method"": ""med_diff"", ""method_params"": {""distribution"": ""norm"", ""alpha"": 0.05}, ""transform_dict"": null, ""reverse_alignment"": false, ""isolated_only"": false, ""fillna"": ""linear""}, ""1"": {""rows"": 1, ""lag"": 1, ""method"": ""additive"", ""strength"": 1.0, ""first_value_only"": false, ""threshold"": null, ""threshold_method"": ""mean""}, ""2"": {""window"": 10}}}",1,7,13.966682559183566,1.0079536771017408,1.2481724699784407,0.5941223201553673,1.0079536771017408,0.0,-59.22164726257324,0.6565432940790364,575.7891693115234,0.9823714643180393,0.8455875985836023,0.0,0.5142857142857142,4.142920255661011,0.7952380952380953,1.5485881028919515,0.7847040022226205,4.164738040790824,3.022306826274417,0.01927816039122005,73.79536029270717,26.048146448631382,27.397426089919005,0.11763446977813338,13.966682559183566,1.0079536771017408,1.2481724699784407,0.5941223201553673,1.0079536771017408,0.0,0.6565432940790364,0.9823714643180393,0.8455875985836023,4.142920255661011,0.7952380952380953,1.5485881028919515,0.7847040022226205,4.164738040790824,3.022306826274417,0.01927816039122005,73.79536029270717,26.048146448631382,27.397426089919005,0.11763446977813338,0.0,0.5142857142857142,3.2924,30.489367954663752,22.52130919121072,Wh,22.52130919121072,Wh
168,0c55ad6b743907ec98774bdf71e112b7,RollingRegression,"{""regression_model"": {""model"": ""ElasticNet"", ""model_params"": {""l1_ratio"": 0.5, ""fit_intercept"": true, ""selection"": ""cyclic"", ""max_iter"": 2000}}, ""holiday"": false, ""mean_rolling_periods"": 30, ""macd_periods"": 12, ""std_rolling_periods"": null, ""max_rolling_periods"": null, ""min_rolling_periods"": 52, ""ewm_var_alpha"": null, ""quantile90_rolling_periods"": null, ""quantile10_rolling_periods"": null, ""ewm_alpha"": 0.5, ""additional_lag_periods"": 90, ""abs_energy"": false, ""rolling_autocorr_periods"": null, ""nonzero_last_n"": null, ""add_date_part"": null, ""polynomial_degree"": null, ""x_transform"": null, ""regression_type"": null}","{""fillna"": ""cubic"", ""transformations"": {}, ""transformation_params"": {}}",0,1,17.426820556774327,1.1412855726226008,1.2726184125494902,0.5554642733421135,1.1412855726226008,0.0,-0.08052780943636595,0.728401381401504,102.6351737265977,1.1412513706754874,0.5261480264174576,0.9,0.5555555555555556,2.7196217533066394,0.1,2.0047572534429507,0.9490659109794777,4.759980310232944,2.4693694957191714,0.07702515337256165,102.55464591716132,56.92724128097547,20.699917490027804,0.1858209740370284,17.426820556774327,1.1412855726226008,1.2726184125494902,0.5554642733421135,1.1412855726226008,0.0,0.728401381401504,1.1412513706754874,0.5261480264174576,2.7196217533066394,0.1,2.0047572534429507,0.9490659109794777,4.759980310232944,2.4693694957191714,0.07702515337256165,102.55464591716132,56.92724128097547,20.699917490027804,0.1858209740370284,0.9,0.5555555555555556,0.7501,30.13506926120326,16.416722536198066,Wh,16.416722536198066,Wh
169,c5d35bf51bda1beda9fb6219ffab81f2,RollingRegression,"{""regression_model"": {""model"": ""ExtraTrees"", ""model_params"": {""n_estimators"": 100, ""min_samples_leaf"": 1, ""min_samples_split"": 2, ""max_depth"": null, ""criterion"": ""squared_error"", ""max_features"": 1}}, ""holiday"": true, ""mean_rolling_periods"": 12, ""macd_periods"": 420, ""std_rolling_periods"": 7, ""max_rolling_periods"": 1440, ""min_rolling_periods"": null, ""ewm_var_alpha"": null, ""quantile90_rolling_periods"": null, ""quantile10_rolling_periods"": null, ""ewm_alpha"": 0.1, ""additional_lag_periods"": 6, ""abs_energy"": false, ""rolling_autocorr_periods"": null, ""nonzero_last_n"": null, ""add_date_part"": null, ""polynomial_degree"": null, ""x_transform"": null, ""regression_type"": null}","{""fillna"": ""ffill"", ""transformations"": {""0"": ""DatepartRegression""}, ""transformation_params"": {""0"": {""regression_model"": {""model"": ""ElasticNet"", ""model_params"": {""l1_ratio"": 0.5, ""fit_intercept"": true, ""selection"": ""cyclic"", ""max_iter"": 2000}}, ""datepart_method"": ""common_fourier"", ""polynomial_degree"": null, ""transform_dict"": {""fillna"": null, ""transformations"": {""0"": ""AnomalyRemoval""}, ""transformation_params"": {""0"": {""method"": ""zscore"", ""transform_dict"": {""transformations"": {""0"": ""DatepartRegression""}, ""transformation_params"": {""0"": {""datepart_method"": ""simple_3"", ""regression_model"": {""model"": ""ElasticNet"", ""model_params"": {}}}}}, ""method_params"": {""distribution"": ""uniform"", ""alpha"": 0.05}}}}, ""holiday_countries_used"": false, ""lags"": null, ""forward_lags"": 2}}}",0,1,17.002523732281908,1.1122351481649615,1.2560200707443931,0.580677414854453,1.1122351481649615,0.0,-0.9707752323150611,0.7139104109829386,99.13038810253148,1.1105938989105064,0.5278943697335757,0.8777777777777778,0.5333333333333333,2.631326656341553,0.45555555555555555,1.853906422948428,0.9093644421351589,4.741091009122528,2.4788479181218,0.1763026033798076,98.1596128702164,52.021804212911576,19.0492357764974,0.17785751890143256,17.002523732281908,1.1122351481649615,1.2560200707443931,0.580677414854453,1.1122351481649615,0.0,0.7139104109829386,1.1105938989105064,0.5278943697335757,2.631326656341553,0.45555555555555555,1.853906422948428,0.9093644421351589,4.741091009122528,2.4788479181218,0.1763026033798076,98.1596128702164,52.021804212911576,19.0492357764974,0.17785751890143256,0.8777777777777778,0.5333333333333333,6.4152,29.612134598438566,15.998849245480883,Wh,15.998849245480883,Wh
170,e65ef9f67771d18720efd1d387ae5117,WindowRegression,"{""window_size"": 28, ""input_dim"": ""univariate"", ""output_dim"": ""1step"", ""normalize_window"": false, ""max_windows"": 5000000, ""fourier_encoding_components"": null, ""scale"": true, ""datepart_method"": null, ""regression_type"": null, ""regression_model"": {""model"": ""KNN"", ""model_params"": {""n_neighbors"": 10, ""weights"": ""uniform"", ""p"": 2, ""leaf_size"": 30}}}","{""fillna"": ""ffill"", ""transformations"": {""0"": ""DatepartRegression"", ""1"": ""DatepartRegression"", ""2"": ""MinMaxScaler"", ""3"": ""Scaler"", ""4"": ""DatepartRegression""}, ""transformation_params"": {""0"": {""regression_model"": {""model"": ""ElasticNet"", ""model_params"": {""l1_ratio"": 0.5, ""fit_intercept"": true, ""selection"": ""cyclic"", ""max_iter"": 1000}}, ""datepart_method"": ""anchored_segment_fourier:us_school"", ""polynomial_degree"": null, ""transform_dict"": null, ""holiday_countries_used"": false, ""lags"": null, ""forward_lags"": null}, ""1"": {""regression_model"": {""model"": ""ElasticNet"", ""model_params"": {""l1_ratio"": 0.9, ""fit_intercept"": true, ""selection"": ""cyclic"", ""max_iter"": 200}}, ""datepart_method"": ""common_fourier"", ""polynomial_degree"": null, ""transform_dict"": null, ""holiday_countries_used"": false, ""lags"": null, ""forward_lags"": 2}, ""2"": {}, ""3"": {}, ""4"": {""regression_model"": {""model"": ""ElasticNet"", ""model_params"": {""l1_ratio"": 0.9, ""fit_intercept"": true, ""selection"": ""random"", ""max_iter"": 2000}}, ""datepart_method"": ""common_fourier"", ""polynomial_degree"": null, ""transform_dict"": {""fillna"": null, ""transformations"": {""0"": ""EWMAFilter""}, ""transformation_params"": {""0"": {""span"": 7}}}, ""holiday_countries_used"": false, ""lags"": null, ""forward_lags"": null}}}",0,1,17.160747089367714,1.1219777373066029,1.2527320764572027,0.5764413923210929,1.1219777373066029,0.0,-0.7216210356788606,0.7210350068976595,100.2563753219154,1.1210692668167652,0.49897702997427956,0.6444444444444445,0.5777777777777777,2.6230208165725415,0.18888888888888888,1.9437836559735437,0.9268271643116284,4.699963752745478,2.4378974320973574,0.16626619656968827,99.53475428623653,54.37468232937328,16.185068815190977,0.18034916728145742,17.160747089367714,1.1219777373066029,1.2527320764572027,0.5764413923210929,1.1219777373066029,0.0,0.7210350068976595,1.1210692668167652,0.49897702997427956,2.6230208165725415,0.18888888888888888,1.9437836559735437,0.9268271643116284,4.699963752745478,2.4378974320973574,0.16626619656968827,99.53475428623653,54.37468232937328,16.185068815190977,0.18034916728145742,0.6444444444444445,0.5777777777777777,2.8249,29.42914060538059,16.138990667189184,Wh,16.138990667189184,Wh
171,38165ef3e825cb20b03e7f6c03039117,ARIMA,"{""p"": 5, ""d"": 1, ""q"": 1, ""regression_type"": null}","{""fillna"": ""ffill_mean_biased"", ""transformations"": {""0"": ""DatepartRegression"", ""1"": ""Scaler"", ""2"": ""Detrend""}, ""transformation_params"": {""0"": {""regression_model"": {""model"": ""DecisionTree"", ""model_params"": {""max_depth"": 9, ""min_samples_split"": 0.05}}, ""datepart_method"": ""simple_2"", ""polynomial_degree"": null, ""transform_dict"": null, ""holiday_countries_used"": true, ""lags"": 1, ""forward_lags"": null}, ""1"": {}, ""2"": {""model"": ""Linear"", ""phi"": 1, ""window"": null, ""transform_dict"": null}}}",0,1,15.944646270076465,1.0409947566599103,1.2371832788468073,0.7264517311923768,1.0409947566599103,0.0,-3.943817757941342,0.6727321098858872,89.74571034145059,1.02907584155256,0.5561818461975012,0.5888888888888889,0.5,3.0139498765430233,0.34444444444444444,1.9004110545985728,0.8246518560481338,4.144655047496748,3.055758772550606,0.32773726932568986,85.80189258350924,47.45375390459534,12.797957230496655,0.15546629907890078,15.944646270076465,1.0409947566599103,1.2371832788468073,0.7264517311923768,1.0409947566599103,0.0,0.6727321098858872,1.02907584155256,0.5561818461975012,3.0139498765430233,0.34444444444444444,1.9004110545985728,0.8246518560481338,4.144655047496748,3.055758772550606,0.32773726932568986,85.80189258350924,47.45375390459534,12.797957230496655,0.15546629907890078,0.5888888888888889,0.5,0.6939,28.72806053134821,14.974098062460989,Wh,14.974098062460989,Wh
172,de3c1d349a71571af649563300a0bb59,Ensemble,"{""model_name"": ""BestN"", ""model_count"": 5, ""model_metric"": ""mixed_metric"", ""models"": {""9401cafd8f6b338a48dd5f0e109ef608"": {""Model"": ""ARIMA"", ""ModelParameters"": ""{\""p\"": 4, \""d\"": 1, \""q\"": 1, \""regression_type\"": null}"", ""TransformationParameters"": ""{\""fillna\"": \""ffill\"", \""transformations\"": {\""0\"": \""Scaler\"", \""1\"": \""Detrend\"", \""2\"": \""DatepartRegression\""}, \""transformation_params\"": {\""0\"": {}, \""1\"": {\""model\"": \""Linear\"", \""phi\"": 1, \""window\"": 30, \""transform_dict\"": null}, \""2\"": {\""regression_model\"": {\""model\"": \""ElasticNet\"", \""model_params\"": {\""l1_ratio\"": 0.5, \""fit_intercept\"": true, \""selection\"": \""cyclic\"", \""max_iter\"": 1000}}, \""datepart_method\"": \""common_fourier\"", \""polynomial_degree\"": null, \""transform_dict\"": null, \""holiday_countries_used\"": false, \""lags\"": null, \""forward_lags\"": null}}}""}, ""a8ad161bc7623e4bb730ce0012481031"": {""Model"": ""RollingRegression"", ""ModelParameters"": ""{\""regression_model\"": {\""model\"": \""RANSAC\"", \""model_params\"": {}}, \""holiday\"": true, \""mean_rolling_periods\"": 12, \""macd_periods\"": 24, \""std_rolling_periods\"": 10, \""max_rolling_periods\"": null, \""min_rolling_periods\"": 4, \""ewm_var_alpha\"": null, \""quantile90_rolling_periods\"": null, \""quantile10_rolling_periods\"": null, \""ewm_alpha\"": 0.8, \""additional_lag_periods\"": 2, \""abs_energy\"": false, \""rolling_autocorr_periods\"": null, \""nonzero_last_n\"": null, \""add_date_part\"": null, \""polynomial_degree\"": null, \""x_transform\"": null, \""regression_type\"": null}"", ""TransformationParameters"": ""{\""fillna\"": \""ffill\"", \""transformations\"": {\""0\"": \""Detrend\"", \""1\"": \""DatepartRegression\"", \""2\"": \""Scaler\"", \""3\"": \""Scaler\"", \""4\"": \""MinMaxScaler\""}, \""transformation_params\"": {\""0\"": {\""model\"": \""Linear\"", \""phi\"": 1, \""window\"": null, \""transform_dict\"": null}, \""1\"": {\""regression_model\"": {\""model\"": \""ElasticNet\"", \""model_params\"": {\""l1_ratio\"": 0.9, \""fit_intercept\"": true, \""selection\"": \""cyclic\"", \""max_iter\"": 200}}, \""datepart_method\"": \""common_fourier\"", \""polynomial_degree\"": null, \""transform_dict\"": null, \""holiday_countries_used\"": false, \""lags\"": null, \""forward_lags\"": 2}, \""2\"": {}, \""3\"": {}, \""4\"": {}}}""}}, ""point_method"": ""median"", ""model_weights"": {}}","{""fillna"": ""linear"", ""transformations"": {""0"": ""Constraint""}, ""transformation_params"": {""0"": {""constraint_method"": ""quantile"", ""constraint_direction"": ""lower"", ""constraint_regularization"": 0.7, ""constraint_value"": 0.5, ""bounds_only"": false, ""fillna"": ""linear""}}}",1,2,14.04531187689636,0.9591334200735537,1.1522320162202524,0.5753821853763191,0.9591334200735537,0.0,-13.262982296246445,0.6431178899933626,159.38103331699324,0.9388974061492081,0.6727279205795034,0.28888888888888886,0.5111111111111111,3.972797719029967,0.7111111111111111,1.5670950758574986,0.7549442153580059,3.8513977814602134,2.25404969170823,0.04455597048291511,73.0590255103734,34.21988249258139,24.944805499184746,0.1249874723040571,14.04531187689636,0.9591334200735537,1.1522320162202524,0.5753821853763191,0.9591334200735537,0.0,0.6431178899933626,0.9388974061492081,0.6727279205795034,3.972797719029967,0.7111111111111111,1.5670950758574986,0.7549442153580059,3.8513977814602134,2.25404969170823,0.04455597048291511,73.0590255103734,34.21988249258139,24.944805499184746,0.1249874723040571,0.28888888888888886,0.5111111111111111,14.98845,27.91004627255364,15.495232187247465,Wh,15.495232187247465,Wh
173,a24daae285dce7f6716f281a4c28f614,ARIMA,"{""p"": 5, ""d"": 1, ""q"": 2, ""regression_type"": null}","{""fillna"": ""rolling_mean"", ""transformations"": {""0"": ""Detrend""}, ""transformation_params"": {""0"": {""model"": ""GLS"", ""phi"": 1, ""window"": 900, ""transform_dict"": null}}}",0,1,15.777060938059913,1.0210144683500748,1.1612021597900493,0.545996630139568,1.0210144683500748,0.0,-0.3194305309934631,0.6693807420215796,91.57187162051328,1.0205755832103725,0.5289371834528395,0.9444444444444444,0.5,2.632197740558457,0.9888888888888889,1.4930762002041227,0.8288664403864551,4.252303281442078,2.0463986203215616,0.027707372799400755,91.2524410895198,50.46552538390612,22.444313247423363,0.16534226543191285,15.777060938059913,1.0210144683500748,1.1612021597900493,0.545996630139568,1.0210144683500748,0.0,0.6693807420215796,1.0205755832103725,0.5289371834528395,2.632197740558457,0.9888888888888889,1.4930762002041227,0.8288664403864551,4.252303281442078,2.0463986203215616,0.027707372799400755,91.2524410895198,50.46552538390612,22.444313247423363,0.16534226543191285,0.9444444444444444,0.5,0.2877,27.88944471344693,14.686693352155169,Wh,14.686693352155169,Wh
174,5867bb4efbf9e0d24487eb8ec4ab4741,ARIMA,"{""p"": 4, ""d"": 1, ""q"": 2, ""regression_type"": null}","{""fillna"": ""ffill"", ""transformations"": {""0"": ""DatepartRegression"", ""1"": ""Scaler"", ""2"": ""MinMaxScaler""}, ""transformation_params"": {""0"": {""regression_model"": {""model"": ""ElasticNet"", ""model_params"": {""l1_ratio"": 0.5, ""fit_intercept"": true, ""selection"": ""cyclic"", ""max_iter"": 1000}}, ""datepart_method"": ""simple"", ""polynomial_degree"": null, ""transform_dict"": null, ""holiday_countries_used"": false, ""lags"": null, ""forward_lags"": null}, ""1"": {}, ""2"": {}}}",0,1,15.735073454276987,1.0181050514208407,1.1576038323890667,0.5499830727865237,1.0181050514208407,0.0,-0.2582404781750318,0.6682079125830651,91.37121414970062,1.0177880938759105,0.5254549833180107,0.9444444444444444,0.5333333333333333,2.599171595891864,0.8,1.6041592844237236,0.8270939254283685,4.187441360733036,1.9852243822744489,0.04722178761632389,91.11297367152558,51.064525175842675,21.540721621079427,0.16508956141030226,15.735073454276987,1.0181050514208407,1.1576038323890667,0.5499830727865237,1.0181050514208407,0.0,0.6682079125830651,1.0177880938759105,0.5254549833180107,2.599171595891864,0.8,1.6041592844237236,0.8270939254283685,4.187441360733036,1.9852243822744489,0.04722178761632389,91.11297367152558,51.064525175842675,21.540721621079427,0.16508956141030226,0.9444444444444444,0.5333333333333333,0.7325,27.79140557690169,14.644843098708439,Wh,14.644843098708439,Wh
175,f35b128a207ce709972c167568d19770,RollingRegression,"{""regression_model"": {""model"": ""ExtraTrees"", ""model_params"": {""n_estimators"": 100, ""min_samples_leaf"": 1, ""max_depth"": 10}}, ""holiday"": false, ""mean_rolling_periods"": null, ""macd_periods"": null, ""std_rolling_periods"": null, ""max_rolling_periods"": 420, ""min_rolling_periods"": 7, ""ewm_var_alpha"": null, ""quantile90_rolling_periods"": null, ""quantile10_rolling_periods"": null, ""ewm_alpha"": null, ""additional_lag_periods"": 363, ""abs_energy"": false, ""rolling_autocorr_periods"": null, ""nonzero_last_n"": null, ""add_date_part"": ""expanded"", ""polynomial_degree"": null, ""x_transform"": null, ""regression_type"": null}","{""fillna"": ""ffill_mean_biased"", ""transformations"": {}, ""transformation_params"": {}}",0,1,15.57948193387618,1.0094557248596845,1.1924979586920474,0.8853918678176185,1.0094557248596845,0.0,-4.9295345574592275,0.6656827817370119,85.92148067991238,0.9952003848207853,0.5239852636611153,0.9111111111111111,0.4666666666666667,3.098768357967402,0.5666666666666667,1.7673422127146998,0.8002183805824136,4.020015997254578,4.180798471374951,0.5338282999779183,80.99194612245314,44.41315833978204,2.9336318241111172,0.14675105338265643,15.57948193387618,1.0094557248596845,1.1924979586920474,0.8853918678176185,1.0094557248596845,0.0,0.6656827817370119,0.9952003848207853,0.5239852636611153,3.098768357967402,0.5666666666666667,1.7673422127146998,0.8002183805824136,4.020015997254578,4.180798471374951,0.5338282999779183,80.99194612245314,44.41315833978204,2.9336318241111172,0.14675105338265643,0.9111111111111111,0.4666666666666667,4.2289,27.745722815592522,14.52042761700461,Wh,14.52042761700461,Wh
176,054d1704ad0365b67c0e3fcf99807c05,ARIMA,"{""p"": 4, ""d"": 1, ""q"": 2, ""regression_type"": null}","{""fillna"": ""ffill"", ""transformations"": {""0"": ""Scaler"", ""1"": ""DatepartRegression""}, ""transformation_params"": {""0"": {}, ""1"": {""regression_model"": {""model"": ""ElasticNet"", ""model_params"": {""l1_ratio"": 0.5, ""fit_intercept"": true, ""selection"": ""cyclic"", ""max_iter"": 1000}}, ""datepart_method"": ""common_fourier"", ""polynomial_degree"": null, ""transform_dict"": null, ""holiday_countries_used"": false, ""lags"": null, ""forward_lags"": null}}}",0,1,15.610323585441801,1.0089831838783703,1.149497882666999,0.5462986215449734,1.0089831838783703,0.0,-0.33605432450640027,0.6634188976611856,90.47243222454694,1.0085057937267095,0.526165725118849,0.9444444444444444,0.4777777777777778,2.6279241977364567,0.9777777777777777,1.492649742007693,0.8174651541760786,4.181446308464253,1.9952776182798377,0.02984937937428885,90.13637790004054,50.07669131124312,22.34170536827069,0.1633200464763384,15.610323585441801,1.0089831838783703,1.149497882666999,0.5462986215449734,1.0089831838783703,0.0,0.6634188976611856,1.0085057937267095,0.526165725118849,2.6279241977364567,0.9777777777777777,1.492649742007693,0.8174651541760786,4.181446308464253,1.9952776182798377,0.02984937937428885,90.13637790004054,50.07669131124312,22.34170536827069,0.1633200464763384,0.9444444444444444,0.4777777777777778,0.2182,27.62665012129705,14.5136303925734,Wh,14.5136303925734,Wh
177,f0f49407a3174cdb19d346be9475e6b7,ARIMA,"{""p"": 4, ""d"": 1, ""q"": 2, ""regression_type"": null}","{""fillna"": ""ffill"", ""transformations"": {""0"": ""Scaler"", ""1"": ""MinMaxScaler"", ""2"": ""Scaler""}, ""transformation_params"": {""0"": {}, ""1"": {}, ""2"": {}}}",0,1,15.58292017269171,1.0070115486400737,1.1476652985152183,0.5463329159300155,1.0070115486400737,0.0,-0.3415853865970968,0.6624234705650021,90.28945399100952,1.0065284797259777,0.5262237026334791,0.9444444444444444,0.4777777777777778,2.6258682708661754,0.9777777777777777,1.4918519922879605,0.8155183096181727,4.173319990765046,1.9889038872382974,0.029748809850120433,89.94786860441242,49.96387729534782,22.343663660957358,0.16297848241928978,15.58292017269171,1.0070115486400737,1.1476652985152183,0.5463329159300155,1.0070115486400737,0.0,0.6624234705650021,1.0065284797259777,0.5262237026334791,2.6258682708661754,0.9777777777777777,1.4918519922879605,0.8155183096181727,4.173319990765046,1.9889038872382974,0.029748809850120433,89.94786860441242,49.96387729534782,22.343663660957358,0.16297848241928978,0.9444444444444444,0.4777777777777778,0.649,27.589766838028694,14.485269577869216,Wh,14.485269577869216,Wh
178,ad2303344dc55c70fd32e0415f251c68,ARIMA,"{""p"": 5, ""d"": 0, ""q"": 2, ""regression_type"": null}","{""fillna"": ""median"", ""transformations"": {""0"": ""Scaler"", ""1"": ""Detrend"", ""2"": ""DatepartRegression"", ""3"": ""MinMaxScaler""}, ""transformation_params"": {""0"": {}, ""1"": {""model"": ""GLS"", ""phi"": 1, ""window"": null, ""transform_dict"": {""fillna"": null, ""transformations"": {""0"": ""EWMAFilter""}, ""transformation_params"": {""0"": {""span"": 7}}}}, ""2"": {""regression_model"": {""model"": ""ElasticNet"", ""model_params"": {""l1_ratio"": 0.5, ""fit_intercept"": true, ""selection"": ""cyclic"", ""max_iter"": 1000}}, ""datepart_method"": ""common_fourier"", ""polynomial_degree"": null, ""transform_dict"": null, ""holiday_countries_used"": false, ""lags"": null, ""forward_lags"": null}, ""3"": {}}}",0,1,15.544089757793962,1.0042200506744174,1.1450992279735392,0.5463876818065153,1.0042200506744174,0.0,-0.35240537302129926,0.6610142575241924,90.02739918767628,1.00372657072075,0.5280384986358506,0.9444444444444444,0.4777777777777778,2.621996491717111,0.9777777777777777,1.4907146253900054,0.8127194588032205,4.163741613049582,1.9809749196208881,0.029610861753414788,89.67499381465498,49.77427451518473,22.34461903071377,0.16248405470449043,15.544089757793962,1.0042200506744174,1.1450992279735392,0.5463876818065153,1.0042200506744174,0.0,0.6610142575241924,1.00372657072075,0.5280384986358506,2.621996491717111,0.9777777777777777,1.4907146253900054,0.8127194588032205,4.163741613049582,1.9809749196208881,0.029610861753414788,89.67499381465498,49.77427451518473,22.34461903071377,0.16248405470449043,0.9444444444444444,0.4777777777777778,0.8258,27.55822241858235,14.445115519444357,Wh,14.445115519444357,Wh
179,1a6c9cc4f38b0b82b96f885dde9ef0b0,ARIMA,"{""p"": 5, ""d"": 1, ""q"": 2, ""regression_type"": null}","{""fillna"": ""cubic"", ""transformations"": {""0"": null}, ""transformation_params"": {""0"": {}}}",0,1,15.506967953438215,1.0015528799647018,1.142878888251312,0.545959368618569,1.0015528799647018,0.0,-0.3266075212403896,0.6594843244167863,89.81315167558279,1.0011053605128841,0.5256262351138399,0.9444444444444444,0.4888888888888889,2.621272686397588,0.9888888888888889,1.4852705571660934,0.8100768241014189,4.152006825143153,1.9722035469598151,0.027638179101851266,89.4865441543424,49.69965202465021,22.45008607524588,0.16214259870195577,15.506967953438215,1.0015528799647018,1.142878888251312,0.545959368618569,1.0015528799647018,0.0,0.6594843244167863,1.0011053605128841,0.5256262351138399,2.621272686397588,0.9888888888888889,1.4852705571660934,0.8100768241014189,4.152006825143153,1.9722035469598151,0.027638179101851266,89.4865441543424,49.69965202465021,22.45008607524588,0.16214259870195577,0.9444444444444444,0.4888888888888889,0.2995,27.479240661350595,14.406749835562573,Wh,14.406749835562573,Wh
180,ee3cad9b30b2ea884114fe9d191da76d,ARIMA,"{""p"": 5, ""d"": 1, ""q"": 2, ""regression_type"": null}","{""fillna"": ""cubic"", ""transformations"": {""0"": ""MinMaxScaler""}, ""transformation_params"": {""0"": {}}}",0,1,15.492403681622202,1.000506238384091,1.1419084084552928,0.5459559709285631,1.000506238384091,0.0,-0.3293439558945215,0.658954226402186,89.71621749867369,1.0000530112367902,0.5257378572665504,0.9444444444444444,0.4888888888888889,2.619913382997079,0.9888888888888889,1.4848463523264375,0.8090408158394011,4.14770841896118,1.9688336893329397,0.02820937234129544,89.38687354277916,49.63993939133527,22.424405861777736,0.161962003371945,15.492403681622202,1.000506238384091,1.1419084084552928,0.5459559709285631,1.000506238384091,0.0,0.658954226402186,1.0000530112367902,0.5257378572665504,2.619913382997079,0.9888888888888889,1.4848463523264375,0.8090408158394011,4.14770841896118,1.9688336893329397,0.02820937234129544,89.38687354277916,49.63993939133527,22.424405861777736,0.161962003371945,0.9444444444444444,0.4888888888888889,0.4907,27.4606203895217,14.391694511254698,Wh,14.391694511254698,Wh
181,b86eff6c3b74e8858d948bd7ab00cf64,Ensemble,"{""model_name"": ""BestN"", ""model_count"": 3, ""model_metric"": ""bestn_horizontal"", ""models"": {""a8ddd1ef89834c17140b9aab182e2ad4"": {""Model"": ""RollingRegression"", ""ModelParameters"": ""{\""regression_model\"": {\""model\"": \""ExtraTrees\"", \""model_params\"": {\""n_estimators\"": 100, \""min_samples_leaf\"": 1, \""min_samples_split\"": 2, \""max_depth\"": null, \""criterion\"": \""squared_error\"", \""max_features\"": 1}}, \""holiday\"": true, \""mean_rolling_periods\"": 7, \""macd_periods\"": 46, \""std_rolling_periods\"": 7, \""max_rolling_periods\"": 12, \""min_rolling_periods\"": 2, \""ewm_var_alpha\"": null, \""quantile90_rolling_periods\"": null, \""quantile10_rolling_periods\"": null, \""ewm_alpha\"": null, \""additional_lag_periods\"": 90, \""abs_energy\"": false, \""rolling_autocorr_periods\"": null, \""nonzero_last_n\"": null, \""add_date_part\"": \""simple_2\"", \""polynomial_degree\"": null, \""x_transform\"": null, \""regression_type\"": null}"", ""TransformationParameters"": ""{\""fillna\"": \""ffill\"", \""transformations\"": {\""0\"": \""Scaler\"", \""1\"": \""Detrend\"", \""2\"": \""DatepartRegression\""}, \""transformation_params\"": {\""0\"": {}, \""1\"": {\""model\"": \""Linear\"", \""phi\"": 1, \""window\"": 30, \""transform_dict\"": null}, \""2\"": {\""regression_model\"": {\""model\"": \""ElasticNet\"", \""model_params\"": {\""l1_ratio\"": 0.5, \""fit_intercept\"": true, \""selection\"": \""cyclic\"", \""max_iter\"": 1000}}, \""datepart_method\"": \""common_fourier\"", \""polynomial_degree\"": null, \""transform_dict\"": null, \""holiday_countries_used\"": false, \""lags\"": null, \""forward_lags\"": null}}}""}, ""a6a1477ee2b31d009999314fa5df12a0"": {""Model"": ""ARIMA"", ""ModelParameters"": ""{\""p\"": 4, \""d\"": 0, \""q\"": 0, \""regression_type\"": \""Holiday\""}"", ""TransformationParameters"": ""{\""fillna\"": \""ffill\"", \""transformations\"": {\""0\"": \""Scaler\"", \""1\"": \""Detrend\"", \""2\"": \""DatepartRegression\""}, \""transformation_params\"": {\""0\"": {}, \""1\"": {\""model\"": \""Linear\"", \""phi\"": 1, \""window\"": 30, \""transform_dict\"": null}, \""2\"": {\""regression_model\"": {\""model\"": \""ElasticNet\"", \""model_params\"": {\""l1_ratio\"": 0.5, \""fit_intercept\"": true, \""selection\"": \""cyclic\"", \""max_iter\"": 1000}}, \""datepart_method\"": \""common_fourier\"", \""polynomial_degree\"": null, \""transform_dict\"": null, \""holiday_countries_used\"": false, \""lags\"": null, \""forward_lags\"": null}}}""}}, ""model_weights"": {""92d666001d3288989025051fecaf3542"": 3.0, ""a8ddd1ef89834c17140b9aab182e2ad4"": 2.0, ""a6a1477ee2b31d009999314fa5df12a0"": 1.0}, ""point_method"": ""mean""}","{""fillna"": ""linear"", ""transformations"": {""0"": ""Constraint""}, ""transformation_params"": {""0"": {""constraint_method"": ""quantile"", ""constraint_direction"": ""lower"", ""constraint_regularization"": 0.7, ""constraint_value"": 0.5, ""bounds_only"": false, ""fillna"": ""linear""}}}",1,2,14.05050707392926,0.9600221527807238,1.156385090337011,0.5712507834569418,0.9600221527807238,0.0,-12.455961723557898,0.6414666559784248,160.34802577697238,0.9410420298649256,0.6312009443068292,0.3333333333333333,0.5333333333333333,4.0171582363287595,0.6888888888888889,1.5732639971747804,0.7548340756952547,3.8589349958551784,2.2739166868018055,0.04287167473025229,73.94603202670724,34.49358416379748,25.057002897698986,0.12622532885906862,14.05050707392926,0.9600221527807238,1.156385090337011,0.5712507834569418,0.9600221527807238,0.0,0.6414666559784248,0.9410420298649256,0.6312009443068292,4.0171582363287595,0.6888888888888889,1.5732639971747804,0.7548340756952547,3.8589349958551784,2.2739166868018055,0.04287167473025229,73.94603202670724,34.49358416379748,25.057002897698986,0.12622532885906862,0.3333333333333333,0.5333333333333333,13.771049999999999,27.435355854431684,15.38210238460673,Wh,15.38210238460673,Wh
182,c9003b81b8c06ec41566fc0262675840,Ensemble,"{""model_name"": ""BestN"", ""model_count"": 3, ""model_metric"": ""mixed_metric"", ""models"": {""9401cafd8f6b338a48dd5f0e109ef608"": {""Model"": ""ARIMA"", ""ModelParameters"": ""{\""p\"": 4, \""d\"": 1, \""q\"": 1, \""regression_type\"": null}"", ""TransformationParameters"": ""{\""fillna\"": \""ffill\"", \""transformations\"": {\""0\"": \""Scaler\"", \""1\"": \""Detrend\"", \""2\"": \""DatepartRegression\""}, \""transformation_params\"": {\""0\"": {}, \""1\"": {\""model\"": \""Linear\"", \""phi\"": 1, \""window\"": 30, \""transform_dict\"": null}, \""2\"": {\""regression_model\"": {\""model\"": \""ElasticNet\"", \""model_params\"": {\""l1_ratio\"": 0.5, \""fit_intercept\"": true, \""selection\"": \""cyclic\"", \""max_iter\"": 1000}}, \""datepart_method\"": \""common_fourier\"", \""polynomial_degree\"": null, \""transform_dict\"": null, \""holiday_countries_used\"": false, \""lags\"": null, \""forward_lags\"": null}}}""}}, ""model_weights"": {}, ""point_method"": ""mean""}","{""fillna"": ""quadratic"", ""transformations"": {""0"": ""AlignLastValue"", ""1"": ""ChangepointDetrend""}, ""transformation_params"": {""0"": {""rows"": 1, ""lag"": 1, ""method"": ""multiplicative"", ""strength"": 1.0, ""first_value_only"": false, ""threshold"": null, ""threshold_method"": ""mean""}, ""1"": {""model"": ""Linear"", ""changepoint_spacing"": 180, ""changepoint_distance_end"": 360, ""datepart_method"": null}}}",1,2,15.598147239239335,1.0427224877879997,1.246843561213165,0.5670918032306502,1.0427224877879997,0.0,-115.83970894366108,0.9170558086830691,71.85033885817886,0.775116983118419,0.4675308286201179,0.5388888888888889,0.5111111111111111,3.6656802406001523,0.7388888888888889,1.5676033072854865,0.8280576129006765,3.520810781012605,1.5924457228132805,0.013982840593138337,88.4805394207121,45.252358835942026,26.015747066727926,0.1437718197515592,15.598147239239335,1.0427224877879997,1.246843561213165,0.5670918032306502,1.0427224877879997,0.0,0.9170558086830691,0.775116983118419,0.4675308286201179,3.6656802406001523,0.7388888888888889,1.5676033072854865,0.8280576129006765,3.520810781012605,1.5924457228132805,0.013982840593138337,88.4805394207121,45.252358835942026,26.015747066727926,0.1437718197515592,0.5388888888888889,0.5111111111111111,8.2568,27.424536192192583,19.283259015677938,Wh,19.283259015677938,Wh
183,86e0c81f7ae5a3c2efd0b686d2bd7d65,Ensemble,"{""model_name"": ""BestN"", ""model_count"": 3, ""model_metric"": ""mixed_metric"", ""models"": {""9401cafd8f6b338a48dd5f0e109ef608"": {""Model"": ""ARIMA"", ""ModelParameters"": ""{\""p\"": 4, \""d\"": 1, \""q\"": 1, \""regression_type\"": null}"", ""TransformationParameters"": ""{\""fillna\"": \""ffill\"", \""transformations\"": {\""0\"": \""Scaler\"", \""1\"": \""Detrend\"", \""2\"": \""DatepartRegression\""}, \""transformation_params\"": {\""0\"": {}, \""1\"": {\""model\"": \""Linear\"", \""phi\"": 1, \""window\"": 30, \""transform_dict\"": null}, \""2\"": {\""regression_model\"": {\""model\"": \""ElasticNet\"", \""model_params\"": {\""l1_ratio\"": 0.5, \""fit_intercept\"": true, \""selection\"": \""cyclic\"", \""max_iter\"": 1000}}, \""datepart_method\"": \""common_fourier\"", \""polynomial_degree\"": null, \""transform_dict\"": null, \""holiday_countries_used\"": false, \""lags\"": null, \""forward_lags\"": null}}}""}}, ""model_weights"": {}, ""point_method"": ""mean""}","{""fillna"": ""fake_date"", ""transformations"": {""0"": ""AlignLastValue"", ""1"": ""AlignLastValue""}, ""transformation_params"": {""0"": {""rows"": 4, ""lag"": 28, ""method"": ""additive"", ""strength"": 0.2, ""first_value_only"": false, ""threshold"": 1, ""threshold_method"": ""max""}, ""1"": {""rows"": 1, ""lag"": 1, ""method"": ""additive"", ""strength"": 1.0, ""first_value_only"": false, ""threshold"": 1, ""threshold_method"": ""mean""}}}",1,2,15.813120551777832,1.054636086414744,1.246247633143492,0.5663820107967044,1.054636086414744,0.0,-120.29921126084487,0.9348987215378902,69.53528429380903,0.7768776044344836,0.44639153324664443,0.8999999999999999,0.5222222222222221,3.5576368957073523,0.5666666666666667,1.598773546114129,0.8471836470487372,3.7526823668937994,1.616417339077941,0.037274883111382315,89.67065007580325,43.407248860985135,25.2357105189568,0.1452425642102336,15.813120551777832,1.054636086414744,1.246247633143492,0.5663820107967044,1.054636086414744,0.0,0.9348987215378902,0.7768776044344836,0.44639153324664443,3.5576368957073523,0.5666666666666667,1.598773546114129,0.8471836470487372,3.7526823668937994,1.616417339077941,0.037274883111382315,89.67065007580325,43.407248860985135,25.2357105189568,0.1452425642102336,0.8999999999999999,0.5222222222222221,8.12105,27.379426220662957,19.836293482507234,Wh,19.836293482507234,Wh
184,3cd1c3b16af366748b7b02c4d69c1e40,Ensemble,"{""model_name"": ""BestN"", ""model_count"": 3, ""model_metric"": ""horizontal"", ""models"": {""a6a1477ee2b31d009999314fa5df12a0"": {""Model"": ""ARIMA"", ""ModelParameters"": ""{\""p\"": 4, \""d\"": 0, \""q\"": 0, \""regression_type\"": \""Holiday\""}"", ""TransformationParameters"": ""{\""fillna\"": \""ffill\"", \""transformations\"": {\""0\"": \""Scaler\"", \""1\"": \""Detrend\"", \""2\"": \""DatepartRegression\""}, \""transformation_params\"": {\""0\"": {}, \""1\"": {\""model\"": \""Linear\"", \""phi\"": 1, \""window\"": 30, \""transform_dict\"": null}, \""2\"": {\""regression_model\"": {\""model\"": \""ElasticNet\"", \""model_params\"": {\""l1_ratio\"": 0.5, \""fit_intercept\"": true, \""selection\"": \""cyclic\"", \""max_iter\"": 1000}}, \""datepart_method\"": \""common_fourier\"", \""polynomial_degree\"": null, \""transform_dict\"": null, \""holiday_countries_used\"": false, \""lags\"": null, \""forward_lags\"": null}}}""}, ""a8ddd1ef89834c17140b9aab182e2ad4"": {""Model"": ""RollingRegression"", ""ModelParameters"": ""{\""regression_model\"": {\""model\"": \""ExtraTrees\"", \""model_params\"": {\""n_estimators\"": 100, \""min_samples_leaf\"": 1, \""min_samples_split\"": 2, \""max_depth\"": null, \""criterion\"": \""squared_error\"", \""max_features\"": 1}}, \""holiday\"": true, \""mean_rolling_periods\"": 7, \""macd_periods\"": 46, \""std_rolling_periods\"": 7, \""max_rolling_periods\"": 12, \""min_rolling_periods\"": 2, \""ewm_var_alpha\"": null, \""quantile90_rolling_periods\"": null, \""quantile10_rolling_periods\"": null, \""ewm_alpha\"": null, \""additional_lag_periods\"": 90, \""abs_energy\"": false, \""rolling_autocorr_periods\"": null, \""nonzero_last_n\"": null, \""add_date_part\"": \""simple_2\"", \""polynomial_degree\"": null, \""x_transform\"": null, \""regression_type\"": null}"", ""TransformationParameters"": ""{\""fillna\"": \""ffill\"", \""transformations\"": {\""0\"": \""Scaler\"", \""1\"": \""Detrend\"", \""2\"": \""DatepartRegression\""}, \""transformation_params\"": {\""0\"": {}, \""1\"": {\""model\"": \""Linear\"", \""phi\"": 1, \""window\"": 30, \""transform_dict\"": null}, \""2\"": {\""regression_model\"": {\""model\"": \""ElasticNet\"", \""model_params\"": {\""l1_ratio\"": 0.5, \""fit_intercept\"": true, \""selection\"": \""cyclic\"", \""max_iter\"": 1000}}, \""datepart_method\"": \""common_fourier\"", \""polynomial_degree\"": null, \""transform_dict\"": null, \""holiday_countries_used\"": false, \""lags\"": null, \""forward_lags\"": null}}}""}}, ""model_weights"": {}, ""point_method"": ""mean""}","{""fillna"": ""linear"", ""transformations"": {""0"": ""Constraint""}, ""transformation_params"": {""0"": {""constraint_method"": ""quantile"", ""constraint_direction"": ""lower"", ""constraint_regularization"": 0.7, ""constraint_value"": 0.5, ""bounds_only"": false, ""fillna"": ""linear""}}}",1,2,13.99263597298393,0.9556222369671798,1.1523407929250025,0.5716961841669417,0.9556222369671798,0.0,-12.609891973710184,0.6393483012530219,159.40211068038218,0.9364451227443262,0.6303960498807741,0.3277777777777778,0.538888888888889,4.013382702318165,0.7000000000000001,1.5670680736745228,0.7504574749016217,3.8445060926716232,2.285135535405969,0.03913981799446666,73.396109353336,34.1519618209536,25.16118019758995,0.12531901821616062,13.99263597298393,0.9556222369671798,1.1523407929250025,0.5716961841669417,0.9556222369671798,0.0,0.6393483012530219,0.9364451227443262,0.6303960498807741,4.013382702318165,0.7000000000000001,1.5670680736745228,0.7504574749016217,3.8445060926716232,2.285135535405969,0.03913981799446666,73.396109353336,34.1519618209536,25.16118019758995,0.12531901821616062,0.3277777777777778,0.538888888888889,14.11085,27.34380964955188,15.307875594530932,Wh,15.307875594530932,Wh
185,36d9e04fb68f941959bb209fd5fce250,Ensemble,"{""model_name"": ""BestN"", ""model_count"": 3, ""model_metric"": ""best_score_unique"", ""models"": {""a8ddd1ef89834c17140b9aab182e2ad4"": {""Model"": ""RollingRegression"", ""ModelParameters"": ""{\""regression_model\"": {\""model\"": \""ExtraTrees\"", \""model_params\"": {\""n_estimators\"": 100, \""min_samples_leaf\"": 1, \""min_samples_split\"": 2, \""max_depth\"": null, \""criterion\"": \""squared_error\"", \""max_features\"": 1}}, \""holiday\"": true, \""mean_rolling_periods\"": 7, \""macd_periods\"": 46, \""std_rolling_periods\"": 7, \""max_rolling_periods\"": 12, \""min_rolling_periods\"": 2, \""ewm_var_alpha\"": null, \""quantile90_rolling_periods\"": null, \""quantile10_rolling_periods\"": null, \""ewm_alpha\"": null, \""additional_lag_periods\"": 90, \""abs_energy\"": false, \""rolling_autocorr_periods\"": null, \""nonzero_last_n\"": null, \""add_date_part\"": \""simple_2\"", \""polynomial_degree\"": null, \""x_transform\"": null, \""regression_type\"": null}"", ""TransformationParameters"": ""{\""fillna\"": \""ffill\"", \""transformations\"": {\""0\"": \""Scaler\"", \""1\"": \""Detrend\"", \""2\"": \""DatepartRegression\""}, \""transformation_params\"": {\""0\"": {}, \""1\"": {\""model\"": \""Linear\"", \""phi\"": 1, \""window\"": 30, \""transform_dict\"": null}, \""2\"": {\""regression_model\"": {\""model\"": \""ElasticNet\"", \""model_params\"": {\""l1_ratio\"": 0.5, \""fit_intercept\"": true, \""selection\"": \""cyclic\"", \""max_iter\"": 1000}}, \""datepart_method\"": \""common_fourier\"", \""polynomial_degree\"": null, \""transform_dict\"": null, \""holiday_countries_used\"": false, \""lags\"": null, \""forward_lags\"": null}}}""}, ""a6a1477ee2b31d009999314fa5df12a0"": {""Model"": ""ARIMA"", ""ModelParameters"": ""{\""p\"": 4, \""d\"": 0, \""q\"": 0, \""regression_type\"": \""Holiday\""}"", ""TransformationParameters"": ""{\""fillna\"": \""ffill\"", \""transformations\"": {\""0\"": \""Scaler\"", \""1\"": \""Detrend\"", \""2\"": \""DatepartRegression\""}, \""transformation_params\"": {\""0\"": {}, \""1\"": {\""model\"": \""Linear\"", \""phi\"": 1, \""window\"": 30, \""transform_dict\"": null}, \""2\"": {\""regression_model\"": {\""model\"": \""ElasticNet\"", \""model_params\"": {\""l1_ratio\"": 0.5, \""fit_intercept\"": true, \""selection\"": \""cyclic\"", \""max_iter\"": 1000}}, \""datepart_method\"": \""common_fourier\"", \""polynomial_degree\"": null, \""transform_dict\"": null, \""holiday_countries_used\"": false, \""lags\"": null, \""forward_lags\"": null}}}""}}, ""model_weights"": {}, ""point_method"": ""mean""}","{""fillna"": ""linear"", ""transformations"": {""0"": ""Constraint""}, ""transformation_params"": {""0"": {""constraint_method"": ""quantile"", ""constraint_direction"": ""lower"", ""constraint_regularization"": 0.7, ""constraint_value"": 0.5, ""bounds_only"": false, ""fillna"": ""linear""}}}",1,2,13.99263597298393,0.9556222369671798,1.1523407929250025,0.5716961841669417,0.9556222369671798,0.0,-12.609891973710184,0.6393483012530219,159.40211068038218,0.9364451227443262,0.6303960498807741,0.3277777777777778,0.538888888888889,4.013382702318165,0.7000000000000001,1.5670680736745228,0.7504574749016217,3.8445060926716232,2.285135535405969,0.03913981799446666,73.396109353336,34.1519618209536,25.16118019758995,0.12531901821616062,13.99263597298393,0.9556222369671798,1.1523407929250025,0.5716961841669417,0.9556222369671798,0.0,0.6393483012530219,0.9364451227443262,0.6303960498807741,4.013382702318165,0.7000000000000001,1.5670680736745228,0.7504574749016217,3.8445060926716232,2.285135535405969,0.03913981799446666,73.396109353336,34.1519618209536,25.16118019758995,0.12531901821616062,0.3277777777777778,0.538888888888889,12.90175,27.34359378532902,15.307875594530932,Wh,15.307875594530932,Wh
186,cbd7292112d65834d654cd954646c513,Ensemble,"{""model_name"": ""BestN"", ""model_count"": 5, ""model_metric"": ""bestn_horizontal"", ""models"": {""5dff957b601bedf73b6f35d824a711b5"": {""Model"": ""Ensemble"", ""ModelParameters"": ""{\""model_name\"": \""BestN\"", \""model_count\"": 5, \""model_metric\"": \""mixed_metric\"", \""models\"": {\""860cd5b05944ecb82d3157f8432afabb\"": {\""Model\"": \""WindowRegression\"", \""ModelParameters\"": \""{\\\""window_size\\\"": 10, \\\""input_dim\\\"": \\\""univariate\\\"", \\\""output_dim\\\"": \\\""1step\\\"", \\\""normalize_window\\\"": false, \\\""max_windows\\\"": 5000000, \\\""fourier_encoding_components\\\"": null, \\\""scale\\\"": true, \\\""datepart_method\\\"": null, \\\""regression_type\\\"": null, \\\""regression_model\\\"": {\\\""model\\\"": \\\""SVM\\\"", \\\""model_params\\\"": {\\\""C\\\"": 0.1, \\\""tol\\\"": 0.001, \\\""epsilon\\\"": 0.0, \\\""loss\\\"": \\\""squared_epsilon_insensitive\\\"", \\\""max_iter\\\"": 50}}}\"", \""TransformationParameters\"": \""{\\\""fillna\\\"": \\\""pchip\\\"", \\\""transformations\\\"": {\\\""0\\\"": \\\""Scaler\\\""}, \\\""transformation_params\\\"": {\\\""0\\\"": {}}}\""}, \""c0b1c7a0ef49e381d5aea93045d68ec6\"": {\""Model\"": \""WindowRegression\"", \""ModelParameters\"": \""{\\\""window_size\\\"": 10, \\\""input_dim\\\"": \\\""univariate\\\"", \\\""output_dim\\\"": \\\""1step\\\"", \\\""normalize_window\\\"": false, \\\""max_windows\\\"": 5000000, \\\""fourier_encoding_components\\\"": null, \\\""scale\\\"": true, \\\""datepart_method\\\"": null, \\\""regression_type\\\"": null, \\\""regression_model\\\"": {\\\""model\\\"": \\\""SVM\\\"", \\\""model_params\\\"": {\\\""C\\\"": 0.1, \\\""tol\\\"": 0.001, \\\""epsilon\\\"": 0.0, \\\""loss\\\"": \\\""squared_epsilon_insensitive\\\"", \\\""max_iter\\\"": 50}}}\"", \""TransformationParameters\"": \""{\\\""fillna\\\"": \\\""ffill\\\"", \\\""transformations\\\"": {\\\""0\\\"": \\\""DatepartRegression\\\"", \\\""1\\\"": \\\""DatepartRegression\\\"", \\\""2\\\"": \\\""MinMaxScaler\\\"", \\\""3\\\"": \\\""Scaler\\\""}, \\\""transformation_params\\\"": {\\\""0\\\"": {\\\""regression_model\\\"": {\\\""model\\\"": \\\""ElasticNet\\\"", \\\""model_params\\\"": {\\\""l1_ratio\\\"": 0.5, \\\""fit_intercept\\\"": true, \\\""selection\\\"": \\\""cyclic\\\"", \\\""max_iter\\\"": 1000}}, \\\""datepart_method\\\"": \\\""anchored_segment_fourier:us_school\\\"", \\\""polynomial_degree\\\"": null, \\\""transform_dict\\\"": null, \\\""holiday_countries_used\\\"": false, \\\""lags\\\"": null, \\\""forward_lags\\\"": null}, \\\""1\\\"": {\\\""regression_model\\\"": {\\\""model\\\"": \\\""ElasticNet\\\"", \\\""model_params\\\"": {\\\""l1_ratio\\\"": 0.9, \\\""fit_intercept\\\"": true, \\\""selection\\\"": \\\""cyclic\\\"", \\\""max_iter\\\"": 200}}, \\\""datepart_method\\\"": \\\""common_fourier\\\"", \\\""polynomial_degree\\\"": null, \\\""transform_dict\\\"": null, \\\""holiday_countries_used\\\"": false, \\\""lags\\\"": null, \\\""forward_lags\\\"": 2}, \\\""2\\\"": {}, \\\""3\\\"": {}}}\""}, \""b56ba147e1633d9995afee23f1bd58c7\"": {\""Model\"": \""WindowRegression\"", \""ModelParameters\"": \""{\\\""window_size\\\"": 20, \\\""input_dim\\\"": \\\""univariate\\\"", \\\""output_dim\\\"": \\\""1step\\\"", \\\""normalize_window\\\"": false, \\\""max_windows\\\"": 5000000, \\\""fourier_encoding_components\\\"": null, \\\""scale\\\"": false, \\\""datepart_method\\\"": null, \\\""regression_type\\\"": null, \\\""regression_model\\\"": {\\\""model\\\"": \\\""xgboost\\\"", \\\""model_params\\\"": {\\\""booster\\\"": \\\""gbtree\\\"", \\\""objective\\\"": \\\""reg:squarederror\\\"", \\\""max_depth\\\"": 6, \\\""eta\\\"": 0.003, \\\""min_child_weight\\\"": 0.5, \\\""subsample\\\"": 1, \\\""colsample_bylevel\\\"": 0.9, \\\""reg_alpha\\\"": 0, \\\""reg_lambda\\\"": 1, \\\""n_estimators\\\"": 7, \\\""multi_strategy\\\"": \\\""multi_output_tree\\\"", \\\""tree_method\\\"": \\\""hist\\\""}}}\"", \""TransformationParameters\"": \""{\\\""fillna\\\"": \\\""ffill\\\"", \\\""transformations\\\"": {\\\""0\\\"": \\\""Scaler\\\"", \\\""1\\\"": \\\""Detrend\\\"", \\\""2\\\"": \\\""MinMaxScaler\\\""}, \\\""transformation_params\\\"": {\\\""0\\\"": {}, \\\""1\\\"": {\\\""model\\\"": \\\""Linear\\\"", \\\""phi\\\"": 1, \\\""window\\\"": 30, \\\""transform_dict\\\"": null}, \\\""2\\\"": {}}}\""}, \""7d046fbef1e1594270dc26a3315f53d9\"": {\""Model\"": \""WindowRegression\"", \""ModelParameters\"": \""{\\\""window_size\\\"": 10, \\\""input_dim\\\"": \\\""univariate\\\"", \\\""output_dim\\\"": \\\""1step\\\"", \\\""normalize_window\\\"": false, \\\""max_windows\\\"": 5000000, \\\""fourier_encoding_components\\\"": null, \\\""scale\\\"": true, \\\""datepart_method\\\"": null, \\\""regression_type\\\"": null, \\\""regression_model\\\"": {\\\""model\\\"": \\\""SVM\\\"", \\\""model_params\\\"": {\\\""C\\\"": 0.1, \\\""tol\\\"": 0.001, \\\""epsilon\\\"": 0.0, \\\""loss\\\"": \\\""squared_epsilon_insensitive\\\"", \\\""max_iter\\\"": 50}}}\"", \""TransformationParameters\"": \""{\\\""fillna\\\"": \\\""ffill\\\"", \\\""transformations\\\"": {\\\""0\\\"": \\\""Scaler\\\"", \\\""1\\\"": \\\""Detrend\\\""}, \\\""transformation_params\\\"": {\\\""0\\\"": {}, \\\""1\\\"": {\\\""model\\\"": \\\""Linear\\\"", \\\""phi\\\"": 1, \\\""window\\\"": 30, \\\""transform_dict\\\"": null}}}\""}, \""e9ab0dee8ad32b476a4ab9bc6aed1fef\"": {\""Model\"": \""RollingRegression\"", \""ModelParameters\"": \""{\\\""regression_model\\\"": {\\\""model\\\"": \\\""RANSAC\\\"", \\\""model_params\\\"": {}}, \\\""holiday\\\"": true, \\\""mean_rolling_periods\\\"": 12, \\\""macd_periods\\\"": 24, \\\""std_rolling_periods\\\"": 30, \\\""max_rolling_periods\\\"": 12, \\\""min_rolling_periods\\\"": null, \\\""ewm_var_alpha\\\"": null, \\\""quantile90_rolling_periods\\\"": null, \\\""quantile10_rolling_periods\\\"": null, \\\""ewm_alpha\\\"": 0.8, \\\""additional_lag_periods\\\"": 6, \\\""abs_energy\\\"": false, \\\""rolling_autocorr_periods\\\"": null, \\\""nonzero_last_n\\\"": null, \\\""add_date_part\\\"": null, \\\""polynomial_degree\\\"": null, \\\""x_transform\\\"": null, \\\""regression_type\\\"": null}\"", \""TransformationParameters\"": \""{\\\""fillna\\\"": \\\""ffill\\\"", \\\""transformations\\\"": {\\\""0\\\"": \\\""Scaler\\\"", \\\""1\\\"": \\\""Detrend\\\"", \\\""2\\\"": \\\""DatepartRegression\\\""}, \\\""transformation_params\\\"": {\\\""0\\\"": {}, \\\""1\\\"": {\\\""model\\\"": \\\""Linear\\\"", \\\""phi\\\"": 1, \\\""window\\\"": 30, \\\""transform_dict\\\"": null}, \\\""2\\\"": {\\\""regression_model\\\"": {\\\""model\\\"": \\\""ElasticNet\\\"", \\\""model_params\\\"": {\\\""l1_ratio\\\"": 0.5, \\\""fit_intercept\\\"": true, \\\""selection\\\"": \\\""cyclic\\\"", \\\""max_iter\\\"": 1000}}, \\\""datepart_method\\\"": \\\""common_fourier\\\"", \\\""polynomial_degree\\\"": null, \\\""transform_dict\\\"": null, \\\""holiday_countries_used\\\"": false, \\\""lags\\\"": null, \\\""forward_lags\\\"": null}}}\""}}, \""point_method\"": \""median\"", \""model_weights\"": {}}"", ""TransformationParameters"": ""{}""}}, ""point_method"": ""median"", ""model_weights"": {}}","{""fillna"": ""linear"", ""transformations"": {""0"": ""Constraint""}, ""transformation_params"": {""0"": {""constraint_method"": ""quantile"", ""constraint_direction"": ""lower"", ""constraint_regularization"": 0.7, ""constraint_value"": 0.5, ""bounds_only"": false, ""fillna"": ""linear""}}}",1,2,13.837541521366992,0.9437761653886025,1.1378216072403429,0.5844131833398288,0.9437761653886025,0.0,-14.297019455671169,0.6362169873805485,155.5826903142773,0.921618450638479,0.6488978103055274,0.25,0.5111111111111111,3.682977716122955,0.7222222222222223,1.5562044398284993,0.7388835025769206,3.7539111909181466,2.3012092016789416,0.16033541194707093,70.64283542930306,33.70394957660393,21.6022788724972,0.12113173816136118,13.837541521366992,0.9437761653886025,1.1378216072403429,0.5844131833398288,0.9437761653886025,0.0,0.6362169873805485,0.921618450638479,0.6488978103055274,3.682977716122955,0.7222222222222223,1.5562044398284993,0.7388835025769206,3.7539111909181466,2.3012092016789416,0.16033541194707093,70.64283542930306,33.70394957660393,21.6022788724972,0.12113173816136118,0.25,0.5111111111111111,31.97665,27.33977137516687,15.294642903051903,Wh,15.294642903051903,Wh
187,600bcea5985e11b2263008c9684cbcee,Ensemble,"{""model_name"": ""BestN"", ""model_count"": 5, ""model_metric"": ""mixed_metric"", ""models"": {""860cd5b05944ecb82d3157f8432afabb"": {""Model"": ""WindowRegression"", ""ModelParameters"": ""{\""window_size\"": 10, \""input_dim\"": \""univariate\"", \""output_dim\"": \""1step\"", \""normalize_window\"": false, \""max_windows\"": 5000000, \""fourier_encoding_components\"": null, \""scale\"": true, \""datepart_method\"": null, \""regression_type\"": null, \""regression_model\"": {\""model\"": \""SVM\"", \""model_params\"": {\""C\"": 0.1, \""tol\"": 0.001, \""epsilon\"": 0.0, \""loss\"": \""squared_epsilon_insensitive\"", \""max_iter\"": 50}}}"", ""TransformationParameters"": ""{\""fillna\"": \""pchip\"", \""transformations\"": {\""0\"": \""Scaler\""}, \""transformation_params\"": {\""0\"": {}}}""}, ""c0b1c7a0ef49e381d5aea93045d68ec6"": {""Model"": ""WindowRegression"", ""ModelParameters"": ""{\""window_size\"": 10, \""input_dim\"": \""univariate\"", \""output_dim\"": \""1step\"", \""normalize_window\"": false, \""max_windows\"": 5000000, \""fourier_encoding_components\"": null, \""scale\"": true, \""datepart_method\"": null, \""regression_type\"": null, \""regression_model\"": {\""model\"": \""SVM\"", \""model_params\"": {\""C\"": 0.1, \""tol\"": 0.001, \""epsilon\"": 0.0, \""loss\"": \""squared_epsilon_insensitive\"", \""max_iter\"": 50}}}"", ""TransformationParameters"": ""{\""fillna\"": \""ffill\"", \""transformations\"": {\""0\"": \""DatepartRegression\"", \""1\"": \""DatepartRegression\"", \""2\"": \""MinMaxScaler\"", \""3\"": \""Scaler\""}, \""transformation_params\"": {\""0\"": {\""regression_model\"": {\""model\"": \""ElasticNet\"", \""model_params\"": {\""l1_ratio\"": 0.5, \""fit_intercept\"": true, \""selection\"": \""cyclic\"", \""max_iter\"": 1000}}, \""datepart_method\"": \""anchored_segment_fourier:us_school\"", \""polynomial_degree\"": null, \""transform_dict\"": null, \""holiday_countries_used\"": false, \""lags\"": null, \""forward_lags\"": null}, \""1\"": {\""regression_model\"": {\""model\"": \""ElasticNet\"", \""model_params\"": {\""l1_ratio\"": 0.9, \""fit_intercept\"": true, \""selection\"": \""cyclic\"", \""max_iter\"": 200}}, \""datepart_method\"": \""common_fourier\"", \""polynomial_degree\"": null, \""transform_dict\"": null, \""holiday_countries_used\"": false, \""lags\"": null, \""forward_lags\"": 2}, \""2\"": {}, \""3\"": {}}}""}, ""b56ba147e1633d9995afee23f1bd58c7"": {""Model"": ""WindowRegression"", ""ModelParameters"": ""{\""window_size\"": 20, \""input_dim\"": \""univariate\"", \""output_dim\"": \""1step\"", \""normalize_window\"": false, \""max_windows\"": 5000000, \""fourier_encoding_components\"": null, \""scale\"": false, \""datepart_method\"": null, \""regression_type\"": null, \""regression_model\"": {\""model\"": \""xgboost\"", \""model_params\"": {\""booster\"": \""gbtree\"", \""objective\"": \""reg:squarederror\"", \""max_depth\"": 6, \""eta\"": 0.003, \""min_child_weight\"": 0.5, \""subsample\"": 1, \""colsample_bylevel\"": 0.9, \""reg_alpha\"": 0, \""reg_lambda\"": 1, \""n_estimators\"": 7, \""multi_strategy\"": \""multi_output_tree\"", \""tree_method\"": \""hist\""}}}"", ""TransformationParameters"": ""{\""fillna\"": \""ffill\"", \""transformations\"": {\""0\"": \""Scaler\"", \""1\"": \""Detrend\"", \""2\"": \""MinMaxScaler\""}, \""transformation_params\"": {\""0\"": {}, \""1\"": {\""model\"": \""Linear\"", \""phi\"": 1, \""window\"": 30, \""transform_dict\"": null}, \""2\"": {}}}""}, ""7d046fbef1e1594270dc26a3315f53d9"": {""Model"": ""WindowRegression"", ""ModelParameters"": ""{\""window_size\"": 10, \""input_dim\"": \""univariate\"", \""output_dim\"": \""1step\"", \""normalize_window\"": false, \""max_windows\"": 5000000, \""fourier_encoding_components\"": null, \""scale\"": true, \""datepart_method\"": null, \""regression_type\"": null, \""regression_model\"": {\""model\"": \""SVM\"", \""model_params\"": {\""C\"": 0.1, \""tol\"": 0.001, \""epsilon\"": 0.0, \""loss\"": \""squared_epsilon_insensitive\"", \""max_iter\"": 50}}}"", ""TransformationParameters"": ""{\""fillna\"": \""ffill\"", \""transformations\"": {\""0\"": \""Scaler\"", \""1\"": \""Detrend\""}, \""transformation_params\"": {\""0\"": {}, \""1\"": {\""model\"": \""Linear\"", \""phi\"": 1, \""window\"": 30, \""transform_dict\"": null}}}""}, ""e9ab0dee8ad32b476a4ab9bc6aed1fef"": {""Model"": ""RollingRegression"", ""ModelParameters"": ""{\""regression_model\"": {\""model\"": \""RANSAC\"", \""model_params\"": {}}, \""holiday\"": true, \""mean_rolling_periods\"": 12, \""macd_periods\"": 24, \""std_rolling_periods\"": 30, \""max_rolling_periods\"": 12, \""min_rolling_periods\"": null, \""ewm_var_alpha\"": null, \""quantile90_rolling_periods\"": null, \""quantile10_rolling_periods\"": null, \""ewm_alpha\"": 0.8, \""additional_lag_periods\"": 6, \""abs_energy\"": false, \""rolling_autocorr_periods\"": null, \""nonzero_last_n\"": null, \""add_date_part\"": null, \""polynomial_degree\"": null, \""x_transform\"": null, \""regression_type\"": null}"", ""TransformationParameters"": ""{\""fillna\"": \""ffill\"", \""transformations\"": {\""0\"": \""Scaler\"", \""1\"": \""Detrend\"", \""2\"": \""DatepartRegression\""}, \""transformation_params\"": {\""0\"": {}, \""1\"": {\""model\"": \""Linear\"", \""phi\"": 1, \""window\"": 30, \""transform_dict\"": null}, \""2\"": {\""regression_model\"": {\""model\"": \""ElasticNet\"", \""model_params\"": {\""l1_ratio\"": 0.5, \""fit_intercept\"": true, \""selection\"": \""cyclic\"", \""max_iter\"": 1000}}, \""datepart_method\"": \""common_fourier\"", \""polynomial_degree\"": null, \""transform_dict\"": null, \""holiday_countries_used\"": false, \""lags\"": null, \""forward_lags\"": null}}}""}}, ""point_method"": ""median"", ""model_weights"": {}}","{""fillna"": ""linear"", ""transformations"": {""0"": ""Constraint""}, ""transformation_params"": {""0"": {""constraint_method"": ""quantile"", ""constraint_direction"": ""lower"", ""constraint_regularization"": 0.7, ""constraint_value"": 0.5, ""bounds_only"": false, ""fillna"": ""linear""}}}",1,2,13.837541521366992,0.9437761653886025,1.1378216072403429,0.5844131833398288,0.9437761653886025,0.0,-14.297019455671169,0.6362169873805485,155.5826903142773,0.921618450638479,0.6488978103055274,0.25,0.5111111111111111,3.682977716122955,0.7222222222222223,1.5562044398284993,0.7388835025769206,3.7539111909181466,2.3012092016789416,0.16033541194707093,70.64283542930306,33.70394957660393,21.6022788724972,0.12113173816136118,13.837541521366992,0.9437761653886025,1.1378216072403429,0.5844131833398288,0.9437761653886025,0.0,0.6362169873805485,0.921618450638479,0.6488978103055274,3.682977716122955,0.7222222222222223,1.5562044398284993,0.7388835025769206,3.7539111909181466,2.3012092016789416,0.16033541194707093,70.64283542930306,33.70394957660393,21.6022788724972,0.12113173816136118,0.25,0.5111111111111111,6.86625,27.33528834069355,15.294642903051903,Wh,15.294642903051903,Wh
188,99e11a9bf1d416f6a8993199bcc5aca3,Ensemble,"{""model_name"": ""BestN"", ""model_count"": 3, ""model_metric"": ""best_score"", ""models"": {}, ""model_weights"": {}, ""point_method"": ""mean""}","{""fillna"": ""linear"", ""transformations"": {""0"": ""Constraint""}, ""transformation_params"": {""0"": {""constraint_method"": ""quantile"", ""constraint_direction"": ""lower"", ""constraint_regularization"": 0.7, ""constraint_value"": 0.5, ""bounds_only"": false, ""fillna"": ""linear""}}}",1,2,13.803595581632528,0.941124286191295,1.134486697063868,0.5807243370400326,0.941124286191295,0.0,-14.297019455671169,0.6351243903221131,155.10535205876192,0.9189665714411714,0.6469504163188478,0.25,0.5111111111111111,3.682977716122955,0.7222222222222223,1.5555114780761365,0.7359700557467419,3.751259311720839,1.8766753936258402,0.15888619517832525,70.40416630154539,33.649413488911904,21.550628122143415,0.12077740565554056,13.803595581632528,0.941124286191295,1.134486697063868,0.5807243370400326,0.941124286191295,0.0,0.6351243903221131,0.9189665714411714,0.6469504163188478,3.682977716122955,0.7222222222222223,1.5555114780761365,0.7359700557467419,3.751259311720839,1.8766753936258402,0.15888619517832525,70.40416630154539,33.649413488911904,21.550628122143415,0.12077740565554056,0.25,0.5111111111111111,19.3089,27.26252195235633,15.301703535131308,Wh,15.301703535131308,Wh
189,94c6f1a1cde8055a9b0ee4c1c9e750c4,Ensemble,"{""model_name"": ""BestN"", ""model_count"": 3, ""model_metric"": ""mixed_metric"", ""models"": {""9401cafd8f6b338a48dd5f0e109ef608"": {""Model"": ""ARIMA"", ""ModelParameters"": ""{\""p\"": 4, \""d\"": 1, \""q\"": 1, \""regression_type\"": null}"", ""TransformationParameters"": ""{\""fillna\"": \""ffill\"", \""transformations\"": {\""0\"": \""Scaler\"", \""1\"": \""Detrend\"", \""2\"": \""DatepartRegression\""}, \""transformation_params\"": {\""0\"": {}, \""1\"": {\""model\"": \""Linear\"", \""phi\"": 1, \""window\"": 30, \""transform_dict\"": null}, \""2\"": {\""regression_model\"": {\""model\"": \""ElasticNet\"", \""model_params\"": {\""l1_ratio\"": 0.5, \""fit_intercept\"": true, \""selection\"": \""cyclic\"", \""max_iter\"": 1000}}, \""datepart_method\"": \""common_fourier\"", \""polynomial_degree\"": null, \""transform_dict\"": null, \""holiday_countries_used\"": false, \""lags\"": null, \""forward_lags\"": null}}}""}}, ""model_weights"": {}, ""point_method"": ""mean""}","{""fillna"": ""linear"", ""transformations"": {""0"": ""Constraint""}, ""transformation_params"": {""0"": {""constraint_method"": ""quantile"", ""constraint_direction"": ""lower"", ""constraint_regularization"": 0.7, ""constraint_value"": 0.5, ""bounds_only"": false, ""fillna"": ""linear""}}}",1,2,13.80524200943704,0.9406083737777067,1.1349928736239852,0.5725849518151018,0.9406083737777067,0.0,-14.644818804120716,0.6351907476483224,154.6646884758665,0.9183194213850668,0.6468944527268399,0.35,0.5277777777777778,3.9413915073794685,0.7111111111111111,1.5566341117429334,0.7363985886997193,3.790108994103611,2.2547664399129603,0.021197969212464116,70.0099348358729,32.67181967903696,25.564063226279334,0.12016432970594726,13.80524200943704,0.9406083737777067,1.1349928736239852,0.5725849518151018,0.9406083737777067,0.0,0.6351907476483224,0.9183194213850668,0.6468944527268399,3.9413915073794685,0.7111111111111111,1.5566341117429334,0.7363985886997193,3.790108994103611,2.2547664399129603,0.021197969212464116,70.0099348358729,32.67181967903696,25.564063226279334,0.12016432970594726,0.35,0.5277777777777778,8.1818,27.25467393047807,15.293340291532411,Wh,15.293340291532411,Wh
190,70076c00874c0e5f27e718c1b1e8b531,RollingRegression,"{""regression_model"": {""model"": ""ExtraTrees"", ""model_params"": {""n_estimators"": 100, ""min_samples_leaf"": 1, ""min_samples_split"": 2, ""max_depth"": null, ""criterion"": ""squared_error"", ""max_features"": 1}}, ""holiday"": true, ""mean_rolling_periods"": 12, ""macd_periods"": 24, ""std_rolling_periods"": 7, ""max_rolling_periods"": 12, ""min_rolling_periods"": null, ""ewm_var_alpha"": null, ""quantile90_rolling_periods"": null, ""quantile10_rolling_periods"": null, ""ewm_alpha"": 0.2, ""additional_lag_periods"": 6, ""abs_energy"": false, ""rolling_autocorr_periods"": 7, ""nonzero_last_n"": null, ""add_date_part"": null, ""polynomial_degree"": null, ""x_transform"": null, ""regression_type"": null}","{""fillna"": ""seasonal_linear_window_3"", ""transformations"": {""0"": ""DatepartRegression"", ""1"": ""DatepartRegression"", ""2"": ""MinMaxScaler"", ""3"": ""Scaler""}, ""transformation_params"": {""0"": {""regression_model"": {""model"": ""ElasticNet"", ""model_params"": {""l1_ratio"": 0.5, ""fit_intercept"": true, ""selection"": ""cyclic"", ""max_iter"": 1000}}, ""datepart_method"": ""anchored_segment_fourier:us_school"", ""polynomial_degree"": null, ""transform_dict"": null, ""holiday_countries_used"": false, ""lags"": null, ""forward_lags"": null}, ""1"": {""regression_model"": {""model"": ""ElasticNet"", ""model_params"": {""l1_ratio"": 0.9, ""fit_intercept"": true, ""selection"": ""cyclic"", ""max_iter"": 200}}, ""datepart_method"": ""common_fourier"", ""polynomial_degree"": null, ""transform_dict"": null, ""holiday_countries_used"": false, ""lags"": null, ""forward_lags"": 2}, ""2"": {}, ""3"": {}}}",0,1,15.336905372361134,0.9898942543665536,1.1321175422412508,0.5851603337212978,0.9898942543665536,0.0,-0.9270720911026116,0.6550198058136931,88.16341080188721,0.98836175969992,0.5099239794136076,0.9111111111111111,0.35555555555555557,2.6088843679428084,0.8777777777777778,1.5458087976787038,0.7982313878912644,4.135085595745585,2.045846447503741,0.10765544995678768,87.2363387107846,47.744340881203826,20.23539640630789,0.158065402943871,15.336905372361134,0.9898942543665536,1.1321175422412508,0.5851603337212978,0.9898942543665536,0.0,0.6550198058136931,0.98836175969992,0.5099239794136076,2.6088843679428084,0.8777777777777778,1.5458087976787038,0.7982313878912644,4.135085595745585,2.045846447503741,0.10765544995678768,87.2363387107846,47.744340881203826,20.23539640630789,0.158065402943871,0.9111111111111111,0.35555555555555557,13.299,27.064657539692885,14.239047354965717,Wh,14.239047354965717,Wh
191,f06fbd1aee6bada03029191d1817a5d4,DatepartRegression,"{""regression_model"": {""model"": ""RandomForest"", ""model_params"": {""n_estimators"": 100, ""min_samples_leaf"": 2, ""bootstrap"": true}}, ""datepart_method"": ""expanded"", ""polynomial_degree"": null, ""holiday_countries_used"": false, ""lags"": null, ""forward_lags"": null, ""regression_type"": null}","{""fillna"": ""ffill"", ""transformations"": {""0"": ""Scaler""}, ""transformation_params"": {""0"": {}}}",0,1,15.206632503185638,0.9814667862933866,1.1445515164593485,0.5927627751276933,0.9814667862933866,0.0,-0.525224264218692,0.6442038708006642,87.80678650218609,0.9808028352692195,0.5143907865436171,0.9111111111111111,0.4111111111111111,2.6917603499889404,0.7222222222222222,1.620404571349803,0.7790978494178333,4.049734473995876,1.901687289659964,0.1644487516036218,87.2815622379674,48.49988957713788,17.59820914383339,0.15814734442780232,15.206632503185638,0.9814667862933866,1.1445515164593485,0.5927627751276933,0.9814667862933866,0.0,0.6442038708006642,0.9808028352692195,0.5143907865436171,2.6917603499889404,0.7222222222222222,1.620404571349803,0.7790978494178333,4.049734473995876,1.901687289659964,0.1644487516036218,87.2815622379674,48.49988957713788,17.59820914383339,0.15814734442780232,0.9111111111111111,0.4111111111111111,0.7052,27.026709675979998,14.11782317728517,Wh,14.11782317728517,Wh
192,5aa7623cec572831b4d76451e27a991f,DatepartRegression,"{""regression_model"": {""model"": ""RandomForest"", ""model_params"": {""n_estimators"": 100, ""min_samples_leaf"": 2, ""bootstrap"": true}}, ""datepart_method"": ""expanded"", ""polynomial_degree"": null, ""holiday_countries_used"": false, ""lags"": null, ""forward_lags"": null, ""regression_type"": null}","{""fillna"": ""ffill"", ""transformations"": {""0"": ""Scaler"", ""1"": ""MinMaxScaler"", ""2"": ""Scaler""}, ""transformation_params"": {""0"": {}, ""1"": {}, ""2"": {}}}",0,1,15.206631538165029,0.9814667171137886,1.1445514551841105,0.5927627735320288,0.9814667171137886,0.0,-0.5252244089030826,0.644203834114266,87.80678013133792,0.9808027657802474,0.5143907799160465,0.9111111111111111,0.4111111111111111,2.6917602676375703,0.7222222222222222,1.620404537412781,0.7790977805463288,4.049734190145858,1.9016870722207846,0.1644487438665673,87.28155572243483,48.49988569196182,17.598209287095607,0.15814733262216835,15.206631538165029,0.9814667171137886,1.1445514551841105,0.5927627735320288,0.9814667171137886,0.0,0.644203834114266,0.9808027657802474,0.5143907799160465,2.6917602676375703,0.7222222222222222,1.620404537412781,0.7790977805463288,4.049734190145858,1.9016870722207846,0.1644487438665673,87.28155572243483,48.49988569196182,17.598209287095607,0.15814733262216835,0.9111111111111111,0.4111111111111111,0.4261,27.026658455294314,14.117822182177289,Wh,14.117822182177289,Wh
193,c770cf7e286e74f26b28d53a111f74a3,ARIMA,"{""p"": 4, ""d"": 1, ""q"": 0, ""regression_type"": null}","{""fillna"": ""akima"", ""transformations"": {""0"": ""Scaler"", ""1"": ""Detrend"", ""2"": ""DatepartRegression""}, ""transformation_params"": {""0"": {}, ""1"": {""model"": ""Linear"", ""phi"": 1, ""window"": 30, ""transform_dict"": null}, ""2"": {""regression_model"": {""model"": ""ElasticNet"", ""model_params"": {""l1_ratio"": 0.5, ""fit_intercept"": true, ""selection"": ""cyclic"", ""max_iter"": 1000}}, ""datepart_method"": ""common_fourier"", ""polynomial_degree"": null, ""transform_dict"": null, ""holiday_countries_used"": false, ""lags"": null, ""forward_lags"": null}}}",0,1,9.036809512032686,0.554606300895476,0.7053163893101405,0.5503927144688768,0.554606300895476,0.0,-6.623705775600467,0.41724931433567425,43.290861304992376,0.5446594383879528,1.2199376651662255,1.0,0.5111111111111111,2.3277976954170168,0.9666666666666667,1.301941792210742,0.4000848055706606,2.0406485957791185,0.6502126742253104,0.007182091293343154,36.66715552939191,27.438724194998613,22.644409714139787,0.06643800965528616,9.036809512032686,0.554606300895476,0.7053163893101405,0.5503927144688768,0.554606300895476,0.0,0.41724931433567425,0.5446594383879528,1.2199376651662255,2.3277976954170168,0.9666666666666667,1.301941792210742,0.4000848055706606,2.0406485957791185,0.6502126742253104,0.007182091293343154,36.66715552939191,27.438724194998613,22.644409714139787,0.06643800965528616,1.0,0.5111111111111111,0.088,27.02318221580185,7.977685845713374,Wh,7.977685845713374,Wh
194,b4c86360955a46acfce7b1d9d0c9fa46,Ensemble,"{""model_name"": ""BestN"", ""model_count"": 5, ""model_metric"": ""mixed_metric"", ""models"": {""860cd5b05944ecb82d3157f8432afabb"": {""Model"": ""WindowRegression"", ""ModelParameters"": ""{\""window_size\"": 10, \""input_dim\"": \""univariate\"", \""output_dim\"": \""1step\"", \""normalize_window\"": false, \""max_windows\"": 5000000, \""fourier_encoding_components\"": null, \""scale\"": true, \""datepart_method\"": null, \""regression_type\"": null, \""regression_model\"": {\""model\"": \""SVM\"", \""model_params\"": {\""C\"": 0.1, \""tol\"": 0.001, \""epsilon\"": 0.0, \""loss\"": \""squared_epsilon_insensitive\"", \""max_iter\"": 50}}}"", ""TransformationParameters"": ""{\""fillna\"": \""pchip\"", \""transformations\"": {\""0\"": \""Scaler\""}, \""transformation_params\"": {\""0\"": {}}}""}, ""c0b1c7a0ef49e381d5aea93045d68ec6"": {""Model"": ""WindowRegression"", ""ModelParameters"": ""{\""window_size\"": 10, \""input_dim\"": \""univariate\"", \""output_dim\"": \""1step\"", \""normalize_window\"": false, \""max_windows\"": 5000000, \""fourier_encoding_components\"": null, \""scale\"": true, \""datepart_method\"": null, \""regression_type\"": null, \""regression_model\"": {\""model\"": \""SVM\"", \""model_params\"": {\""C\"": 0.1, \""tol\"": 0.001, \""epsilon\"": 0.0, \""loss\"": \""squared_epsilon_insensitive\"", \""max_iter\"": 50}}}"", ""TransformationParameters"": ""{\""fillna\"": \""ffill\"", \""transformations\"": {\""0\"": \""DatepartRegression\"", \""1\"": \""DatepartRegression\"", \""2\"": \""MinMaxScaler\"", \""3\"": \""Scaler\""}, \""transformation_params\"": {\""0\"": {\""regression_model\"": {\""model\"": \""ElasticNet\"", \""model_params\"": {\""l1_ratio\"": 0.5, \""fit_intercept\"": true, \""selection\"": \""cyclic\"", \""max_iter\"": 1000}}, \""datepart_method\"": \""anchored_segment_fourier:us_school\"", \""polynomial_degree\"": null, \""transform_dict\"": null, \""holiday_countries_used\"": false, \""lags\"": null, \""forward_lags\"": null}, \""1\"": {\""regression_model\"": {\""model\"": \""ElasticNet\"", \""model_params\"": {\""l1_ratio\"": 0.9, \""fit_intercept\"": true, \""selection\"": \""cyclic\"", \""max_iter\"": 200}}, \""datepart_method\"": \""common_fourier\"", \""polynomial_degree\"": null, \""transform_dict\"": null, \""holiday_countries_used\"": false, \""lags\"": null, \""forward_lags\"": 2}, \""2\"": {}, \""3\"": {}}}""}, ""b56ba147e1633d9995afee23f1bd58c7"": {""Model"": ""WindowRegression"", ""ModelParameters"": ""{\""window_size\"": 20, \""input_dim\"": \""univariate\"", \""output_dim\"": \""1step\"", \""normalize_window\"": false, \""max_windows\"": 5000000, \""fourier_encoding_components\"": null, \""scale\"": false, \""datepart_method\"": null, \""regression_type\"": null, \""regression_model\"": {\""model\"": \""xgboost\"", \""model_params\"": {\""booster\"": \""gbtree\"", \""objective\"": \""reg:squarederror\"", \""max_depth\"": 6, \""eta\"": 0.003, \""min_child_weight\"": 0.5, \""subsample\"": 1, \""colsample_bylevel\"": 0.9, \""reg_alpha\"": 0, \""reg_lambda\"": 1, \""n_estimators\"": 7, \""multi_strategy\"": \""multi_output_tree\"", \""tree_method\"": \""hist\""}}}"", ""TransformationParameters"": ""{\""fillna\"": \""ffill\"", \""transformations\"": {\""0\"": \""Scaler\"", \""1\"": \""Detrend\"", \""2\"": \""MinMaxScaler\""}, \""transformation_params\"": {\""0\"": {}, \""1\"": {\""model\"": \""Linear\"", \""phi\"": 1, \""window\"": 30, \""transform_dict\"": null}, \""2\"": {}}}""}, ""7d046fbef1e1594270dc26a3315f53d9"": {""Model"": ""WindowRegression"", ""ModelParameters"": ""{\""window_size\"": 10, \""input_dim\"": \""univariate\"", \""output_dim\"": \""1step\"", \""normalize_window\"": false, \""max_windows\"": 5000000, \""fourier_encoding_components\"": null, \""scale\"": true, \""datepart_method\"": null, \""regression_type\"": null, \""regression_model\"": {\""model\"": \""SVM\"", \""model_params\"": {\""C\"": 0.1, \""tol\"": 0.001, \""epsilon\"": 0.0, \""loss\"": \""squared_epsilon_insensitive\"", \""max_iter\"": 50}}}"", ""TransformationParameters"": ""{\""fillna\"": \""ffill\"", \""transformations\"": {\""0\"": \""Scaler\"", \""1\"": \""Detrend\""}, \""transformation_params\"": {\""0\"": {}, \""1\"": {\""model\"": \""Linear\"", \""phi\"": 1, \""window\"": 30, \""transform_dict\"": null}}}""}, ""e9ab0dee8ad32b476a4ab9bc6aed1fef"": {""Model"": ""RollingRegression"", ""ModelParameters"": ""{\""regression_model\"": {\""model\"": \""RANSAC\"", \""model_params\"": {}}, \""holiday\"": true, \""mean_rolling_periods\"": 12, \""macd_periods\"": 24, \""std_rolling_periods\"": 30, \""max_rolling_periods\"": 12, \""min_rolling_periods\"": null, \""ewm_var_alpha\"": null, \""quantile90_rolling_periods\"": null, \""quantile10_rolling_periods\"": null, \""ewm_alpha\"": 0.8, \""additional_lag_periods\"": 6, \""abs_energy\"": false, \""rolling_autocorr_periods\"": null, \""nonzero_last_n\"": null, \""add_date_part\"": null, \""polynomial_degree\"": null, \""x_transform\"": null, \""regression_type\"": null}"", ""TransformationParameters"": ""{\""fillna\"": \""ffill\"", \""transformations\"": {\""0\"": \""Scaler\"", \""1\"": \""Detrend\"", \""2\"": \""DatepartRegression\""}, \""transformation_params\"": {\""0\"": {}, \""1\"": {\""model\"": \""Linear\"", \""phi\"": 1, \""window\"": 30, \""transform_dict\"": null}, \""2\"": {\""regression_model\"": {\""model\"": \""ElasticNet\"", \""model_params\"": {\""l1_ratio\"": 0.5, \""fit_intercept\"": true, \""selection\"": \""cyclic\"", \""max_iter\"": 1000}}, \""datepart_method\"": \""common_fourier\"", \""polynomial_degree\"": null, \""transform_dict\"": null, \""holiday_countries_used\"": false, \""lags\"": null, \""forward_lags\"": null}}}""}}, ""point_method"": ""kalman"", ""model_weights"": {}}","{""fillna"": ""cubic"", ""transformations"": {""0"": ""ScipyFilter"", ""1"": ""DatepartRegression""}, ""transformation_params"": {""0"": {""method"": ""butter"", ""method_args"": {""N"": 1, ""btype"": ""highpass"", ""analog"": false, ""output"": ""sos"", ""Wn"": 0.024390243902439025}}, ""1"": {""regression_model"": {""model"": ""ElasticNet"", ""model_params"": {""l1_ratio"": 0.5, ""fit_intercept"": true, ""selection"": ""cyclic"", ""max_iter"": 1000}}, ""datepart_method"": [""weekdayofmonth"", ""common_fourier""], ""polynomial_degree"": null, ""transform_dict"": null, ""holiday_countries_used"": false, ""lags"": null, ""forward_lags"": null}}}",1,1,12.197762172861184,0.7711671113816714,0.9379400439457379,0.5540118335484708,0.7711671113816714,0.0,-0.057172330336400456,0.5290451190852229,69.34786769401401,0.7711496158314238,0.8419981558324194,0.08888888888888889,0.5222222222222223,2.5191479571703326,0.9111111111111111,1.4282650449530045,0.5889025342668148,2.7650233967262814,1.3480496184860165,0.030231862130571836,69.29069536367763,44.24187127338864,21.581222811112443,0.12554930485140503,12.197762172861184,0.7711671113816714,0.9379400439457379,0.5540118335484708,0.7711671113816714,0.0,0.5290451190852229,0.7711496158314238,0.8419981558324194,2.5191479571703326,0.9111111111111111,1.4282650449530045,0.5889025342668148,2.7650233967262814,1.3480496184860165,0.030231862130571836,69.29069536367763,44.24187127338864,21.581222811112443,0.12554930485140503,0.08888888888888889,0.5222222222222223,7.7788,26.872013371707283,11.092785890127654,Wh,11.092785890127654,Wh
195,b3eb493a82193f906cfe30bfdc522dab,Ensemble,"{""model_name"": ""BestN"", ""model_count"": 5, ""model_metric"": ""mixed_metric"", ""models"": {""9401cafd8f6b338a48dd5f0e109ef608"": {""Model"": ""ARIMA"", ""ModelParameters"": ""{\""p\"": 4, \""d\"": 1, \""q\"": 1, \""regression_type\"": null}"", ""TransformationParameters"": ""{\""fillna\"": \""ffill\"", \""transformations\"": {\""0\"": \""Scaler\"", \""1\"": \""Detrend\"", \""2\"": \""DatepartRegression\""}, \""transformation_params\"": {\""0\"": {}, \""1\"": {\""model\"": \""Linear\"", \""phi\"": 1, \""window\"": 30, \""transform_dict\"": null}, \""2\"": {\""regression_model\"": {\""model\"": \""ElasticNet\"", \""model_params\"": {\""l1_ratio\"": 0.5, \""fit_intercept\"": true, \""selection\"": \""cyclic\"", \""max_iter\"": 1000}}, \""datepart_method\"": \""common_fourier\"", \""polynomial_degree\"": null, \""transform_dict\"": null, \""holiday_countries_used\"": false, \""lags\"": null, \""forward_lags\"": null}}}""}, ""a8ad161bc7623e4bb730ce0012481031"": {""Model"": ""RollingRegression"", ""ModelParameters"": ""{\""regression_model\"": {\""model\"": \""RANSAC\"", \""model_params\"": {}}, \""holiday\"": true, \""mean_rolling_periods\"": 12, \""macd_periods\"": 24, \""std_rolling_periods\"": 10, \""max_rolling_periods\"": null, \""min_rolling_periods\"": 4, \""ewm_var_alpha\"": null, \""quantile90_rolling_periods\"": null, \""quantile10_rolling_periods\"": null, \""ewm_alpha\"": 0.8, \""additional_lag_periods\"": 2, \""abs_energy\"": false, \""rolling_autocorr_periods\"": null, \""nonzero_last_n\"": null, \""add_date_part\"": null, \""polynomial_degree\"": null, \""x_transform\"": null, \""regression_type\"": null}"", ""TransformationParameters"": ""{\""fillna\"": \""ffill\"", \""transformations\"": {\""0\"": \""Detrend\"", \""1\"": \""DatepartRegression\"", \""2\"": \""Scaler\"", \""3\"": \""Scaler\"", \""4\"": \""MinMaxScaler\""}, \""transformation_params\"": {\""0\"": {\""model\"": \""Linear\"", \""phi\"": 1, \""window\"": null, \""transform_dict\"": null}, \""1\"": {\""regression_model\"": {\""model\"": \""ElasticNet\"", \""model_params\"": {\""l1_ratio\"": 0.9, \""fit_intercept\"": true, \""selection\"": \""cyclic\"", \""max_iter\"": 200}}, \""datepart_method\"": \""common_fourier\"", \""polynomial_degree\"": null, \""transform_dict\"": null, \""holiday_countries_used\"": false, \""lags\"": null, \""forward_lags\"": 2}, \""2\"": {}, \""3\"": {}, \""4\"": {}}}""}}, ""point_method"": ""kalman"", ""model_weights"": {}}","{""fillna"": ""quadratic"", ""transformations"": {""0"": ""AlignLastValue"", ""1"": ""ChangepointDetrend""}, ""transformation_params"": {""0"": {""rows"": 1, ""lag"": 1, ""method"": ""multiplicative"", ""strength"": 1.0, ""first_value_only"": false, ""threshold"": null, ""threshold_method"": ""mean""}, ""1"": {""model"": ""Linear"", ""changepoint_spacing"": 180, ""changepoint_distance_end"": 360, ""datepart_method"": null}}}",1,2,13.120436244051136,0.8814451672091186,1.1007479204851547,0.5683612002538883,0.8814451672091186,0.0,-98.19586480840161,0.7793987980438686,60.4642652892397,0.6652375413408267,0.6821942819341129,0.18333333333333335,0.5111111111111111,3.435969803850629,0.9388888888888889,1.3663062703636615,0.669196033398074,2.858954359565196,1.2135517142958285,0.0427925246248013,70.85874636075185,37.933891493144394,25.333116850515268,0.11495073706503564,13.120436244051136,0.8814451672091186,1.1007479204851547,0.5683612002538883,0.8814451672091186,0.0,0.7793987980438686,0.6652375413408267,0.6821942819341129,3.435969803850629,0.9388888888888889,1.3663062703636615,0.669196033398074,2.858954359565196,1.2135517142958285,0.0427925246248013,70.85874636075185,37.933891493144394,25.333116850515268,0.11495073706503564,0.18333333333333335,0.5111111111111111,14.179950000000002,26.77056434068306,16.596617730262533,Wh,16.596617730262533,Wh
196,e15fa7439168a75128b903f6e178294a,Ensemble,"{""model_name"": ""BestN"", ""model_count"": 5, ""model_metric"": ""bestn_horizontal"", ""models"": {""5dff957b601bedf73b6f35d824a711b5"": {""Model"": ""Ensemble"", ""ModelParameters"": ""{\""model_name\"": \""BestN\"", \""model_count\"": 5, \""model_metric\"": \""mixed_metric\"", \""models\"": {\""860cd5b05944ecb82d3157f8432afabb\"": {\""Model\"": \""WindowRegression\"", \""ModelParameters\"": \""{\\\""window_size\\\"": 10, \\\""input_dim\\\"": \\\""univariate\\\"", \\\""output_dim\\\"": \\\""1step\\\"", \\\""normalize_window\\\"": false, \\\""max_windows\\\"": 5000000, \\\""fourier_encoding_components\\\"": null, \\\""scale\\\"": true, \\\""datepart_method\\\"": null, \\\""regression_type\\\"": null, \\\""regression_model\\\"": {\\\""model\\\"": \\\""SVM\\\"", \\\""model_params\\\"": {\\\""C\\\"": 0.1, \\\""tol\\\"": 0.001, \\\""epsilon\\\"": 0.0, \\\""loss\\\"": \\\""squared_epsilon_insensitive\\\"", \\\""max_iter\\\"": 50}}}\"", \""TransformationParameters\"": \""{\\\""fillna\\\"": \\\""pchip\\\"", \\\""transformations\\\"": {\\\""0\\\"": \\\""Scaler\\\""}, \\\""transformation_params\\\"": {\\\""0\\\"": {}}}\""}, \""c0b1c7a0ef49e381d5aea93045d68ec6\"": {\""Model\"": \""WindowRegression\"", \""ModelParameters\"": \""{\\\""window_size\\\"": 10, \\\""input_dim\\\"": \\\""univariate\\\"", \\\""output_dim\\\"": \\\""1step\\\"", \\\""normalize_window\\\"": false, \\\""max_windows\\\"": 5000000, \\\""fourier_encoding_components\\\"": null, \\\""scale\\\"": true, \\\""datepart_method\\\"": null, \\\""regression_type\\\"": null, \\\""regression_model\\\"": {\\\""model\\\"": \\\""SVM\\\"", \\\""model_params\\\"": {\\\""C\\\"": 0.1, \\\""tol\\\"": 0.001, \\\""epsilon\\\"": 0.0, \\\""loss\\\"": \\\""squared_epsilon_insensitive\\\"", \\\""max_iter\\\"": 50}}}\"", \""TransformationParameters\"": \""{\\\""fillna\\\"": \\\""ffill\\\"", \\\""transformations\\\"": {\\\""0\\\"": \\\""DatepartRegression\\\"", \\\""1\\\"": \\\""DatepartRegression\\\"", \\\""2\\\"": \\\""MinMaxScaler\\\"", \\\""3\\\"": \\\""Scaler\\\""}, \\\""transformation_params\\\"": {\\\""0\\\"": {\\\""regression_model\\\"": {\\\""model\\\"": \\\""ElasticNet\\\"", \\\""model_params\\\"": {\\\""l1_ratio\\\"": 0.5, \\\""fit_intercept\\\"": true, \\\""selection\\\"": \\\""cyclic\\\"", \\\""max_iter\\\"": 1000}}, \\\""datepart_method\\\"": \\\""anchored_segment_fourier:us_school\\\"", \\\""polynomial_degree\\\"": null, \\\""transform_dict\\\"": null, \\\""holiday_countries_used\\\"": false, \\\""lags\\\"": null, \\\""forward_lags\\\"": null}, \\\""1\\\"": {\\\""regression_model\\\"": {\\\""model\\\"": \\\""ElasticNet\\\"", \\\""model_params\\\"": {\\\""l1_ratio\\\"": 0.9, \\\""fit_intercept\\\"": true, \\\""selection\\\"": \\\""cyclic\\\"", \\\""max_iter\\\"": 200}}, \\\""datepart_method\\\"": \\\""common_fourier\\\"", \\\""polynomial_degree\\\"": null, \\\""transform_dict\\\"": null, \\\""holiday_countries_used\\\"": false, \\\""lags\\\"": null, \\\""forward_lags\\\"": 2}, \\\""2\\\"": {}, \\\""3\\\"": {}}}\""}, \""b56ba147e1633d9995afee23f1bd58c7\"": {\""Model\"": \""WindowRegression\"", \""ModelParameters\"": \""{\\\""window_size\\\"": 20, \\\""input_dim\\\"": \\\""univariate\\\"", \\\""output_dim\\\"": \\\""1step\\\"", \\\""normalize_window\\\"": false, \\\""max_windows\\\"": 5000000, \\\""fourier_encoding_components\\\"": null, \\\""scale\\\"": false, \\\""datepart_method\\\"": null, \\\""regression_type\\\"": null, \\\""regression_model\\\"": {\\\""model\\\"": \\\""xgboost\\\"", \\\""model_params\\\"": {\\\""booster\\\"": \\\""gbtree\\\"", \\\""objective\\\"": \\\""reg:squarederror\\\"", \\\""max_depth\\\"": 6, \\\""eta\\\"": 0.003, \\\""min_child_weight\\\"": 0.5, \\\""subsample\\\"": 1, \\\""colsample_bylevel\\\"": 0.9, \\\""reg_alpha\\\"": 0, \\\""reg_lambda\\\"": 1, \\\""n_estimators\\\"": 7, \\\""multi_strategy\\\"": \\\""multi_output_tree\\\"", \\\""tree_method\\\"": \\\""hist\\\""}}}\"", \""TransformationParameters\"": \""{\\\""fillna\\\"": \\\""ffill\\\"", \\\""transformations\\\"": {\\\""0\\\"": \\\""Scaler\\\"", \\\""1\\\"": \\\""Detrend\\\"", \\\""2\\\"": \\\""MinMaxScaler\\\""}, \\\""transformation_params\\\"": {\\\""0\\\"": {}, \\\""1\\\"": {\\\""model\\\"": \\\""Linear\\\"", \\\""phi\\\"": 1, \\\""window\\\"": 30, \\\""transform_dict\\\"": null}, \\\""2\\\"": {}}}\""}, \""7d046fbef1e1594270dc26a3315f53d9\"": {\""Model\"": \""WindowRegression\"", \""ModelParameters\"": \""{\\\""window_size\\\"": 10, \\\""input_dim\\\"": \\\""univariate\\\"", \\\""output_dim\\\"": \\\""1step\\\"", \\\""normalize_window\\\"": false, \\\""max_windows\\\"": 5000000, \\\""fourier_encoding_components\\\"": null, \\\""scale\\\"": true, \\\""datepart_method\\\"": null, \\\""regression_type\\\"": null, \\\""regression_model\\\"": {\\\""model\\\"": \\\""SVM\\\"", \\\""model_params\\\"": {\\\""C\\\"": 0.1, \\\""tol\\\"": 0.001, \\\""epsilon\\\"": 0.0, \\\""loss\\\"": \\\""squared_epsilon_insensitive\\\"", \\\""max_iter\\\"": 50}}}\"", \""TransformationParameters\"": \""{\\\""fillna\\\"": \\\""ffill\\\"", \\\""transformations\\\"": {\\\""0\\\"": \\\""Scaler\\\"", \\\""1\\\"": \\\""Detrend\\\""}, \\\""transformation_params\\\"": {\\\""0\\\"": {}, \\\""1\\\"": {\\\""model\\\"": \\\""Linear\\\"", \\\""phi\\\"": 1, \\\""window\\\"": 30, \\\""transform_dict\\\"": null}}}\""}, \""e9ab0dee8ad32b476a4ab9bc6aed1fef\"": {\""Model\"": \""RollingRegression\"", \""ModelParameters\"": \""{\\\""regression_model\\\"": {\\\""model\\\"": \\\""RANSAC\\\"", \\\""model_params\\\"": {}}, \\\""holiday\\\"": true, \\\""mean_rolling_periods\\\"": 12, \\\""macd_periods\\\"": 24, \\\""std_rolling_periods\\\"": 30, \\\""max_rolling_periods\\\"": 12, \\\""min_rolling_periods\\\"": null, \\\""ewm_var_alpha\\\"": null, \\\""quantile90_rolling_periods\\\"": null, \\\""quantile10_rolling_periods\\\"": null, \\\""ewm_alpha\\\"": 0.8, \\\""additional_lag_periods\\\"": 6, \\\""abs_energy\\\"": false, \\\""rolling_autocorr_periods\\\"": null, \\\""nonzero_last_n\\\"": null, \\\""add_date_part\\\"": null, \\\""polynomial_degree\\\"": null, \\\""x_transform\\\"": null, \\\""regression_type\\\"": null}\"", \""TransformationParameters\"": \""{\\\""fillna\\\"": \\\""ffill\\\"", \\\""transformations\\\"": {\\\""0\\\"": \\\""Scaler\\\"", \\\""1\\\"": \\\""Detrend\\\"", \\\""2\\\"": \\\""DatepartRegression\\\""}, \\\""transformation_params\\\"": {\\\""0\\\"": {}, \\\""1\\\"": {\\\""model\\\"": \\\""Linear\\\"", \\\""phi\\\"": 1, \\\""window\\\"": 30, \\\""transform_dict\\\"": null}, \\\""2\\\"": {\\\""regression_model\\\"": {\\\""model\\\"": \\\""ElasticNet\\\"", \\\""model_params\\\"": {\\\""l1_ratio\\\"": 0.5, \\\""fit_intercept\\\"": true, \\\""selection\\\"": \\\""cyclic\\\"", \\\""max_iter\\\"": 1000}}, \\\""datepart_method\\\"": \\\""common_fourier\\\"", \\\""polynomial_degree\\\"": null, \\\""transform_dict\\\"": null, \\\""holiday_countries_used\\\"": false, \\\""lags\\\"": null, \\\""forward_lags\\\"": null}}}\""}}, \""point_method\"": \""median\"", \""model_weights\"": {}}"", ""TransformationParameters"": ""{}""}}, ""point_method"": ""median"", ""model_weights"": {}}","{""fillna"": ""quadratic"", ""transformations"": {""0"": ""AlignLastValue"", ""1"": ""ChangepointDetrend""}, ""transformation_params"": {""0"": {""rows"": 1, ""lag"": 1, ""method"": ""multiplicative"", ""strength"": 1.0, ""first_value_only"": false, ""threshold"": null, ""threshold_method"": ""mean""}, ""1"": {""model"": ""Linear"", ""changepoint_spacing"": 180, ""changepoint_distance_end"": 360, ""datepart_method"": null}}}",1,2,14.385536840348301,0.9573149243175443,1.1542606463756921,0.5837750844789756,0.9573149243175443,0.0,-123.03174661843215,0.878605646431284,49.28493975872581,0.6774028775758245,0.5453180240471331,0.45555555555555555,0.5,3.838416463400322,0.7444444444444445,1.5078752103628035,0.7515618109222696,3.238317384521425,1.3468045137234868,0.18954927539228508,76.40752549886949,38.76043785435358,21.351876664460363,0.12147620176499695,14.385536840348301,0.9573149243175443,1.1542606463756921,0.5837750844789756,0.9573149243175443,0.0,0.878605646431284,0.6774028775758245,0.5453180240471331,3.838416463400322,0.7444444444444445,1.5078752103628035,0.7515618109222696,3.238317384521425,1.3468045137234868,0.18954927539228508,76.40752549886949,38.76043785435358,21.351876664460363,0.12147620176499695,0.45555555555555555,0.5,32.0623,26.657608628516947,19.686104306527874,Wh,19.686104306527874,Wh
197,3d5784bee9cd37a39de0f05fdf2bc0e2,Ensemble,"{""model_name"": ""BestN"", ""model_count"": 5, ""model_metric"": ""mixed_metric"", ""models"": {""860cd5b05944ecb82d3157f8432afabb"": {""Model"": ""WindowRegression"", ""ModelParameters"": ""{\""window_size\"": 10, \""input_dim\"": \""univariate\"", \""output_dim\"": \""1step\"", \""normalize_window\"": false, \""max_windows\"": 5000000, \""fourier_encoding_components\"": null, \""scale\"": true, \""datepart_method\"": null, \""regression_type\"": null, \""regression_model\"": {\""model\"": \""SVM\"", \""model_params\"": {\""C\"": 0.1, \""tol\"": 0.001, \""epsilon\"": 0.0, \""loss\"": \""squared_epsilon_insensitive\"", \""max_iter\"": 50}}}"", ""TransformationParameters"": ""{\""fillna\"": \""pchip\"", \""transformations\"": {\""0\"": \""Scaler\""}, \""transformation_params\"": {\""0\"": {}}}""}, ""c0b1c7a0ef49e381d5aea93045d68ec6"": {""Model"": ""WindowRegression"", ""ModelParameters"": ""{\""window_size\"": 10, \""input_dim\"": \""univariate\"", \""output_dim\"": \""1step\"", \""normalize_window\"": false, \""max_windows\"": 5000000, \""fourier_encoding_components\"": null, \""scale\"": true, \""datepart_method\"": null, \""regression_type\"": null, \""regression_model\"": {\""model\"": \""SVM\"", \""model_params\"": {\""C\"": 0.1, \""tol\"": 0.001, \""epsilon\"": 0.0, \""loss\"": \""squared_epsilon_insensitive\"", \""max_iter\"": 50}}}"", ""TransformationParameters"": ""{\""fillna\"": \""ffill\"", \""transformations\"": {\""0\"": \""DatepartRegression\"", \""1\"": \""DatepartRegression\"", \""2\"": \""MinMaxScaler\"", \""3\"": \""Scaler\""}, \""transformation_params\"": {\""0\"": {\""regression_model\"": {\""model\"": \""ElasticNet\"", \""model_params\"": {\""l1_ratio\"": 0.5, \""fit_intercept\"": true, \""selection\"": \""cyclic\"", \""max_iter\"": 1000}}, \""datepart_method\"": \""anchored_segment_fourier:us_school\"", \""polynomial_degree\"": null, \""transform_dict\"": null, \""holiday_countries_used\"": false, \""lags\"": null, \""forward_lags\"": null}, \""1\"": {\""regression_model\"": {\""model\"": \""ElasticNet\"", \""model_params\"": {\""l1_ratio\"": 0.9, \""fit_intercept\"": true, \""selection\"": \""cyclic\"", \""max_iter\"": 200}}, \""datepart_method\"": \""common_fourier\"", \""polynomial_degree\"": null, \""transform_dict\"": null, \""holiday_countries_used\"": false, \""lags\"": null, \""forward_lags\"": 2}, \""2\"": {}, \""3\"": {}}}""}, ""b56ba147e1633d9995afee23f1bd58c7"": {""Model"": ""WindowRegression"", ""ModelParameters"": ""{\""window_size\"": 20, \""input_dim\"": \""univariate\"", \""output_dim\"": \""1step\"", \""normalize_window\"": false, \""max_windows\"": 5000000, \""fourier_encoding_components\"": null, \""scale\"": false, \""datepart_method\"": null, \""regression_type\"": null, \""regression_model\"": {\""model\"": \""xgboost\"", \""model_params\"": {\""booster\"": \""gbtree\"", \""objective\"": \""reg:squarederror\"", \""max_depth\"": 6, \""eta\"": 0.003, \""min_child_weight\"": 0.5, \""subsample\"": 1, \""colsample_bylevel\"": 0.9, \""reg_alpha\"": 0, \""reg_lambda\"": 1, \""n_estimators\"": 7, \""multi_strategy\"": \""multi_output_tree\"", \""tree_method\"": \""hist\""}}}"", ""TransformationParameters"": ""{\""fillna\"": \""ffill\"", \""transformations\"": {\""0\"": \""Scaler\"", \""1\"": \""Detrend\"", \""2\"": \""MinMaxScaler\""}, \""transformation_params\"": {\""0\"": {}, \""1\"": {\""model\"": \""Linear\"", \""phi\"": 1, \""window\"": 30, \""transform_dict\"": null}, \""2\"": {}}}""}, ""7d046fbef1e1594270dc26a3315f53d9"": {""Model"": ""WindowRegression"", ""ModelParameters"": ""{\""window_size\"": 10, \""input_dim\"": \""univariate\"", \""output_dim\"": \""1step\"", \""normalize_window\"": false, \""max_windows\"": 5000000, \""fourier_encoding_components\"": null, \""scale\"": true, \""datepart_method\"": null, \""regression_type\"": null, \""regression_model\"": {\""model\"": \""SVM\"", \""model_params\"": {\""C\"": 0.1, \""tol\"": 0.001, \""epsilon\"": 0.0, \""loss\"": \""squared_epsilon_insensitive\"", \""max_iter\"": 50}}}"", ""TransformationParameters"": ""{\""fillna\"": \""ffill\"", \""transformations\"": {\""0\"": \""Scaler\"", \""1\"": \""Detrend\""}, \""transformation_params\"": {\""0\"": {}, \""1\"": {\""model\"": \""Linear\"", \""phi\"": 1, \""window\"": 30, \""transform_dict\"": null}}}""}, ""e9ab0dee8ad32b476a4ab9bc6aed1fef"": {""Model"": ""RollingRegression"", ""ModelParameters"": ""{\""regression_model\"": {\""model\"": \""RANSAC\"", \""model_params\"": {}}, \""holiday\"": true, \""mean_rolling_periods\"": 12, \""macd_periods\"": 24, \""std_rolling_periods\"": 30, \""max_rolling_periods\"": 12, \""min_rolling_periods\"": null, \""ewm_var_alpha\"": null, \""quantile90_rolling_periods\"": null, \""quantile10_rolling_periods\"": null, \""ewm_alpha\"": 0.8, \""additional_lag_periods\"": 6, \""abs_energy\"": false, \""rolling_autocorr_periods\"": null, \""nonzero_last_n\"": null, \""add_date_part\"": null, \""polynomial_degree\"": null, \""x_transform\"": null, \""regression_type\"": null}"", ""TransformationParameters"": ""{\""fillna\"": \""ffill\"", \""transformations\"": {\""0\"": \""Scaler\"", \""1\"": \""Detrend\"", \""2\"": \""DatepartRegression\""}, \""transformation_params\"": {\""0\"": {}, \""1\"": {\""model\"": \""Linear\"", \""phi\"": 1, \""window\"": 30, \""transform_dict\"": null}, \""2\"": {\""regression_model\"": {\""model\"": \""ElasticNet\"", \""model_params\"": {\""l1_ratio\"": 0.5, \""fit_intercept\"": true, \""selection\"": \""cyclic\"", \""max_iter\"": 1000}}, \""datepart_method\"": \""common_fourier\"", \""polynomial_degree\"": null, \""transform_dict\"": null, \""holiday_countries_used\"": false, \""lags\"": null, \""forward_lags\"": null}}}""}}, ""point_method"": ""median"", ""model_weights"": {}}","{""fillna"": ""quadratic"", ""transformations"": {""0"": ""AlignLastValue"", ""1"": ""ChangepointDetrend""}, ""transformation_params"": {""0"": {""rows"": 1, ""lag"": 1, ""method"": ""multiplicative"", ""strength"": 1.0, ""first_value_only"": false, ""threshold"": null, ""threshold_method"": ""mean""}, ""1"": {""model"": ""Linear"", ""changepoint_spacing"": 180, ""changepoint_distance_end"": 360, ""datepart_method"": null}}}",1,2,14.385536840348301,0.9573149243175443,1.1542606463756921,0.5837750844789756,0.9573149243175443,0.0,-123.03174661843215,0.878605646431284,49.28493975872581,0.6774028775758245,0.5453180240471331,0.45555555555555555,0.5,3.838416463400322,0.7444444444444445,1.5078752103628035,0.7515618109222696,3.238317384521425,1.3468045137234868,0.18954927539228508,76.40752549886949,38.76043785435358,21.351876664460363,0.12147620176499695,14.385536840348301,0.9573149243175443,1.1542606463756921,0.5837750844789756,0.9573149243175443,0.0,0.878605646431284,0.6774028775758245,0.5453180240471331,3.838416463400322,0.7444444444444445,1.5078752103628035,0.7515618109222696,3.238317384521425,1.3468045137234868,0.18954927539228508,76.40752549886949,38.76043785435358,21.351876664460363,0.12147620176499695,0.45555555555555555,0.5,6.9514,26.653125504777137,19.686104306527874,Wh,19.686104306527874,Wh
198,b7ce02ae72b656d7c38c2c021cda67c6,WindowRegression,"{""window_size"": 10, ""input_dim"": ""univariate"", ""output_dim"": ""1step"", ""normalize_window"": false, ""max_windows"": 5000, ""fourier_encoding_components"": null, ""scale"": false, ""datepart_method"": ""recurring"", ""regression_type"": null, ""regression_model"": {""model"": ""xgboost"", ""model_params"": {""n_estimators"": 7, ""max_leaves"": 4, ""min_child_weight"": 2.5, ""learning_rate"": 0.35, ""subsample"": 0.95, ""colsample_bylevel"": 0.56, ""colsample_bytree"": 0.46, ""reg_alpha"": 0.0016, ""reg_lambda"": 5.3}}}","{""fillna"": ""ffill"", ""transformations"": {""0"": ""DatepartRegression"", ""1"": ""DatepartRegression"", ""2"": ""MinMaxScaler"", ""3"": ""Scaler""}, ""transformation_params"": {""0"": {""regression_model"": {""model"": ""ElasticNet"", ""model_params"": {""l1_ratio"": 0.5, ""fit_intercept"": true, ""selection"": ""cyclic"", ""max_iter"": 1000}}, ""datepart_method"": ""anchored_segment_fourier:us_school"", ""polynomial_degree"": null, ""transform_dict"": null, ""holiday_countries_used"": false, ""lags"": null, ""forward_lags"": null}, ""1"": {""regression_model"": {""model"": ""ElasticNet"", ""model_params"": {""l1_ratio"": 0.9, ""fit_intercept"": true, ""selection"": ""cyclic"", ""max_iter"": 200}}, ""datepart_method"": ""common_fourier"", ""polynomial_degree"": null, ""transform_dict"": null, ""holiday_countries_used"": false, ""lags"": null, ""forward_lags"": 2}, ""2"": {}, ""3"": {}}}",0,1,15.422354309521666,0.9968208386615588,1.1421929313972523,0.5467845291154372,0.9968208386615588,0.0,0.0,0.6552659205805423,89.71387547954029,0.9968208386615588,0.4582621202228066,0.7333333333333333,0.5222222222222223,2.5457229601328732,0.7444444444444445,1.6320456733379092,0.8083728074981762,4.072132276129352,1.9945502335667833,0.05655022808826004,89.71387547954029,50.80547606395593,21.736892138594094,0.162554505231393,15.422354309521666,0.9968208386615588,1.1421929313972523,0.5467845291154372,0.9968208386615588,0.0,0.6552659205805423,0.9968208386615588,0.4582621202228066,2.5457229601328732,0.7444444444444445,1.6320456733379092,0.8083728074981762,4.072132276129352,1.9945502335667833,0.05655022808826004,89.71387547954029,50.80547606395593,21.736892138594094,0.162554505231393,0.7333333333333333,0.5222222222222223,1.4274,26.58616486723278,14.338682201162351,Wh,14.338682201162351,Wh
199,2eb2ca4c2e798a4b357f6365999a4a4f,DatepartRegression,"{""regression_model"": {""model"": ""ElasticNet"", ""model_params"": {""l1_ratio"": 0.9, ""fit_intercept"": true, ""selection"": ""cyclic"", ""max_iter"": 1000}}, ""datepart_method"": ""simple_2"", ""polynomial_degree"": 3, ""holiday_countries_used"": false, ""lags"": null, ""forward_lags"": null, ""regression_type"": null}","{""fillna"": ""linear"", ""transformations"": {""0"": ""Scaler"", ""1"": ""Detrend"", ""2"": ""DatepartRegression""}, ""transformation_params"": {""0"": {}, ""1"": {""model"": ""Linear"", ""phi"": 1, ""window"": 30, ""transform_dict"": null}, ""2"": {""regression_model"": {""model"": ""ElasticNet"", ""model_params"": {""l1_ratio"": 0.5, ""fit_intercept"": true, ""selection"": ""cyclic"", ""max_iter"": 1000}}, ""datepart_method"": ""common_fourier"", ""polynomial_degree"": null, ""transform_dict"": null, ""holiday_countries_used"": false, ""lags"": null, ""forward_lags"": null}}}",0,1,15.77004567562515,0.880665257564515,1.1591147817291294,0.7458289937384827,0.880665257564515,0.0,-65.82555142729478,0.8366596348186919,13.434321753511558,0.6033841027249136,0.48760183428443565,0.9111111111111111,0.5,3.0407939553867975,0.9666666666666667,1.4443158481351652,0.621703115558645,4.627637633353368,3.274736291528592,0.42044298306650696,52.39122967378322,14.13496115149006,5.2832855188351475,0.09492879861185266,15.77004567562515,0.880665257564515,1.1591147817291294,0.7458289937384827,0.880665257564515,0.0,0.8366596348186919,0.6033841027249136,0.48760183428443565,3.0407939553867975,0.9666666666666667,1.4443158481351652,0.621703115558645,4.627637633353368,3.274736291528592,0.42044298306650696,52.39122967378322,14.13496115149006,5.2832855188351475,0.09492879861185266,0.9111111111111111,0.5,0.2286,26.523026509035077,12.667852400414844,Wh,12.667852400414844,Wh
200,4ce3d6e2a3a4720fd87738d7b6fc7a6c,WindowRegression,"{""window_size"": 10, ""input_dim"": ""univariate"", ""output_dim"": ""1step"", ""normalize_window"": false, ""max_windows"": 5000, ""fourier_encoding_components"": null, ""scale"": true, ""datepart_method"": null, ""regression_type"": null, ""regression_model"": {""model"": ""KNN"", ""model_params"": {""n_neighbors"": 14, ""weights"": ""uniform"", ""p"": 2, ""leaf_size"": 30}}}","{""fillna"": ""mean"", ""transformations"": {""0"": ""Scaler"", ""1"": ""Scaler"", ""2"": ""Scaler"", ""3"": ""Scaler"", ""4"": ""MinMaxScaler""}, ""transformation_params"": {""0"": {}, ""1"": {}, ""2"": {}, ""3"": {}, ""4"": {}}}",0,1,15.45993168789968,0.9986027448858777,1.1400175886039827,0.5474609734369643,0.9986027448858777,0.0,-1.035030151290191,0.6611234253754122,88.83921688843881,0.9967712548557118,0.45153118452739915,0.7777777777777778,0.5777777777777777,2.7164723962001167,0.6111111111111112,1.7238332063467328,0.8025715966959546,4.118796713340223,1.9521335578110761,0.09742476148341264,87.80418673714861,48.30737979902405,19.721198396923217,0.1590942990257628,15.45993168789968,0.9986027448858777,1.1400175886039827,0.5474609734369643,0.9986027448858777,0.0,0.6611234253754122,0.9967712548557118,0.45153118452739915,2.7164723962001167,0.6111111111111112,1.7238332063467328,0.8025715966959546,4.118796713340223,1.9521335578110761,0.09742476148341264,87.80418673714861,48.30737979902405,19.721198396923217,0.1590942990257628,0.7777777777777778,0.5777777777777777,1.5878,26.521458554439462,14.364313875453078,Wh,14.364313875453078,Wh
201,4a25877298b145376e79798fda1d6fd5,WindowRegression,"{""window_size"": 20, ""input_dim"": ""univariate"", ""output_dim"": ""forecast_length"", ""normalize_window"": false, ""max_windows"": 5000000, ""fourier_encoding_components"": null, ""scale"": true, ""datepart_method"": null, ""regression_type"": null, ""regression_model"": {""model"": ""KNN"", ""model_params"": {""n_neighbors"": 5, ""weights"": ""uniform"", ""p"": 2, ""leaf_size"": 30}}}","{""fillna"": ""quadratic"", ""transformations"": {""0"": ""MinMaxScaler"", ""1"": ""Detrend"", ""2"": ""DatepartRegression"", ""3"": ""Scaler""}, ""transformation_params"": {""0"": {}, ""1"": {""model"": ""Linear"", ""phi"": 1, ""window"": 30, ""transform_dict"": null}, ""2"": {""regression_model"": {""model"": ""DecisionTree"", ""model_params"": {""max_depth"": null, ""min_samples_split"": 2}}, ""datepart_method"": ""simple_poly"", ""polynomial_degree"": null, ""transform_dict"": {""fillna"": null, ""transformations"": {""0"": ""AnomalyRemoval""}, ""transformation_params"": {""0"": {""method"": ""zscore"", ""transform_dict"": {""transformations"": {""0"": ""DatepartRegression""}, ""transformation_params"": {""0"": {""datepart_method"": ""simple_3"", ""regression_model"": {""model"": ""ElasticNet"", ""model_params"": {}}}}}, ""method_params"": {""distribution"": ""uniform"", ""alpha"": 0.05}}}}, ""holiday_countries_used"": false, ""lags"": null, ""forward_lags"": null}, ""3"": {}}}",0,1,11.698241683638319,0.72849671775011,0.8887779750561882,0.8522988295077921,0.72849671775011,0.0,-16.446060090536765,0.5564791552742324,49.11864450697311,0.6787505128251649,0.8696444714127974,0.0,0.5555555555555556,2.1856461985357853,0.8666666666666667,1.4504516327154795,0.56105300902157,2.6632899936837764,6.066085738944817,0.6424241824967384,32.67258441643635,25.759491215248453,7.474902605703951,0.059200160131929094,11.698241683638319,0.72849671775011,0.8887779750561882,0.8522988295077921,0.72849671775011,0.0,0.5564791552742324,0.6787505128251649,0.8696444714127974,2.1856461985357853,0.8666666666666667,1.4504516327154795,0.56105300902157,2.6632899936837764,6.066085738944817,0.6424241824967384,32.67258441643635,25.759491215248453,7.474902605703951,0.059200160131929094,0.0,0.5555555555555556,3.3608,26.3725675071518,10.478997343629189,Wh,10.478997343629189,Wh
202,fcaf0ff72d54357c04eea1c626189e69,RollingRegression,"{""regression_model"": {""model"": ""ExtraTrees"", ""model_params"": {""n_estimators"": 100, ""min_samples_leaf"": 1, ""min_samples_split"": 2, ""max_depth"": null, ""criterion"": ""squared_error"", ""max_features"": 1}}, ""holiday"": true, ""mean_rolling_periods"": 12, ""macd_periods"": 24, ""std_rolling_periods"": 30, ""max_rolling_periods"": 12, ""min_rolling_periods"": null, ""ewm_var_alpha"": null, ""quantile90_rolling_periods"": null, ""quantile10_rolling_periods"": null, ""ewm_alpha"": 0.8, ""additional_lag_periods"": 6, ""abs_energy"": false, ""rolling_autocorr_periods"": 7, ""nonzero_last_n"": null, ""add_date_part"": null, ""polynomial_degree"": null, ""x_transform"": null, ""regression_type"": null}","{""fillna"": ""ffill"", ""transformations"": {""0"": ""DatepartRegression"", ""1"": ""DatepartRegression"", ""2"": ""DatepartRegression"", ""3"": ""Scaler""}, ""transformation_params"": {""0"": {""regression_model"": {""model"": ""ElasticNet"", ""model_params"": {""l1_ratio"": 0.5, ""fit_intercept"": true, ""selection"": ""cyclic"", ""max_iter"": 1000}}, ""datepart_method"": ""anchored_segment_fourier:us_school"", ""polynomial_degree"": null, ""transform_dict"": null, ""holiday_countries_used"": false, ""lags"": null, ""forward_lags"": null}, ""1"": {""regression_model"": {""model"": ""ElasticNet"", ""model_params"": {""l1_ratio"": 0.9, ""fit_intercept"": true, ""selection"": ""cyclic"", ""max_iter"": 200}}, ""datepart_method"": ""common_fourier"", ""polynomial_degree"": null, ""transform_dict"": null, ""holiday_countries_used"": false, ""lags"": null, ""forward_lags"": 2}, ""2"": {""regression_model"": {""model"": ""ElasticNet"", ""model_params"": {""l1_ratio"": 0.5, ""fit_intercept"": true, ""selection"": ""cyclic"", ""max_iter"": 1000}}, ""datepart_method"": ""common_fourier"", ""polynomial_degree"": null, ""transform_dict"": null, ""holiday_countries_used"": false, ""lags"": null, ""forward_lags"": null}, ""3"": {}}}",0,1,14.685559714356291,0.9434954764578074,1.0880312448238039,0.5725124987541009,0.9434954764578074,0.0,-0.7050965738296533,0.6296356278845899,84.209496307373,0.9427383188682714,0.5030090326245863,0.9222222222222223,0.4444444444444444,2.704155144691467,0.8777777777777778,1.5334924696716117,0.7590837070816437,3.909836970357675,1.8499569111624428,0.1460950921686306,83.50439973354335,46.30073002212647,19.38583562413475,0.15130342224961876,14.685559714356291,0.9434954764578074,1.0880312448238039,0.5725124987541009,0.9434954764578074,0.0,0.6296356278845899,0.9427383188682714,0.5030090326245863,2.704155144691467,0.8777777777777778,1.5334924696716117,0.7590837070816437,3.909836970357675,1.8499569111624428,0.1460950921686306,83.50439973354335,46.30073002212647,19.38583562413475,0.15130342224961876,0.9222222222222223,0.4444444444444444,13.9201,26.090055921878697,13.571628190806665,Wh,13.571628190806665,Wh
203,2e159605146f03811457a8c0b99c85fb,WindowRegression,"{""window_size"": 10, ""input_dim"": ""univariate"", ""output_dim"": ""1step"", ""normalize_window"": false, ""max_windows"": 5000000, ""fourier_encoding_components"": null, ""scale"": true, ""datepart_method"": null, ""regression_type"": null, ""regression_model"": {""model"": ""SVM"", ""model_params"": {""C"": 0.1, ""tol"": 0.001, ""epsilon"": 0.0, ""loss"": ""squared_epsilon_insensitive"", ""max_iter"": 50}}}","{""fillna"": ""ffill"", ""transformations"": {""0"": ""DatepartRegression"", ""1"": ""DatepartRegression"", ""2"": ""DatepartRegression"", ""3"": ""DatepartRegression""}, ""transformation_params"": {""0"": {""regression_model"": {""model"": ""ElasticNet"", ""model_params"": {""l1_ratio"": 0.9, ""fit_intercept"": true, ""selection"": ""cyclic"", ""max_iter"": 1000}}, ""datepart_method"": ""common_fourier"", ""polynomial_degree"": null, ""transform_dict"": null, ""holiday_countries_used"": true, ""lags"": null, ""forward_lags"": null}, ""1"": {""regression_model"": {""model"": ""DecisionTree"", ""model_params"": {""max_depth"": 3, ""min_samples_split"": 1.0}}, ""datepart_method"": ""simple_binarized"", ""polynomial_degree"": null, ""transform_dict"": {""fillna"": null, ""transformations"": {""0"": ""ScipyFilter""}, ""transformation_params"": {""0"": {""method"": ""savgol_filter"", ""method_args"": {""window_length"": 31, ""polyorder"": 3, ""deriv"": 0, ""mode"": ""interp""}}}}, ""holiday_countries_used"": false, ""lags"": null, ""forward_lags"": null}, ""2"": {""regression_model"": {""model"": ""ElasticNet"", ""model_params"": {""l1_ratio"": 0.5, ""fit_intercept"": true, ""selection"": ""cyclic"", ""max_iter"": 1000}}, ""datepart_method"": [""dayofweek"", [365.25, 14], [354.37, 10]], ""polynomial_degree"": null, ""transform_dict"": null, ""holiday_countries_used"": true, ""lags"": null, ""forward_lags"": 1}, ""3"": {""regression_model"": {""model"": ""ElasticNet"", ""model_params"": {""l1_ratio"": 0.5, ""fit_intercept"": true, ""selection"": ""random"", ""max_iter"": 1000}}, ""datepart_method"": ""simple_binarized"", ""polynomial_degree"": null, ""transform_dict"": {""fillna"": null, ""transformations"": {""0"": ""ClipOutliers""}, ""transformation_params"": {""0"": {""method"": ""clip"", ""std_threshold"": 4}}}, ""holiday_countries_used"": false, ""lags"": null, ""forward_lags"": null}}}",0,1,15.46504157489434,0.998681812310811,1.1360409151506556,0.5682551658495479,0.998681812310811,0.0,-0.7267978925883458,0.660721886037032,89.15456521538464,0.9972122541979428,0.4154441185692892,0.7333333333333333,0.4666666666666667,2.577631088468518,0.9,1.5157174975032683,0.8102599067415963,4.083654045060396,1.9105689145447737,0.0461945734993908,88.4277673227963,49.395080062787365,20.879543442329084,0.16022417813342635,15.46504157489434,0.998681812310811,1.1360409151506556,0.5682551658495479,0.998681812310811,0.0,0.660721886037032,0.9972122541979428,0.4154441185692892,2.577631088468518,0.9,1.5157174975032683,0.8102599067415963,4.083654045060396,1.9105689145447737,0.0461945734993908,88.4277673227963,49.395080062787365,20.879543442329084,0.16022417813342635,0.7333333333333333,0.4666666666666667,1.3591,26.085981188104004,14.36545121391412,Wh,14.36545121391412,Wh
204,7b508ff54008ea68403597410922494d,Ensemble,"{""model_name"": ""BestN"", ""model_count"": 3, ""model_metric"": ""best_score"", ""models"": {""860cd5b05944ecb82d3157f8432afabb"": {""Model"": ""WindowRegression"", ""ModelParameters"": ""{\""window_size\"": 10, \""input_dim\"": \""univariate\"", \""output_dim\"": \""1step\"", \""normalize_window\"": false, \""max_windows\"": 5000000, \""fourier_encoding_components\"": null, \""scale\"": true, \""datepart_method\"": null, \""regression_type\"": null, \""regression_model\"": {\""model\"": \""SVM\"", \""model_params\"": {\""C\"": 0.1, \""tol\"": 0.001, \""epsilon\"": 0.0, \""loss\"": \""squared_epsilon_insensitive\"", \""max_iter\"": 50}}}"", ""TransformationParameters"": ""{\""fillna\"": \""pchip\"", \""transformations\"": {\""0\"": \""Scaler\""}, \""transformation_params\"": {\""0\"": {}}}""}, ""c0b1c7a0ef49e381d5aea93045d68ec6"": {""Model"": ""WindowRegression"", ""ModelParameters"": ""{\""window_size\"": 10, \""input_dim\"": \""univariate\"", \""output_dim\"": \""1step\"", \""normalize_window\"": false, \""max_windows\"": 5000000, \""fourier_encoding_components\"": null, \""scale\"": true, \""datepart_method\"": null, \""regression_type\"": null, \""regression_model\"": {\""model\"": \""SVM\"", \""model_params\"": {\""C\"": 0.1, \""tol\"": 0.001, \""epsilon\"": 0.0, \""loss\"": \""squared_epsilon_insensitive\"", \""max_iter\"": 50}}}"", ""TransformationParameters"": ""{\""fillna\"": \""ffill\"", \""transformations\"": {\""0\"": \""DatepartRegression\"", \""1\"": \""DatepartRegression\"", \""2\"": \""MinMaxScaler\"", \""3\"": \""Scaler\""}, \""transformation_params\"": {\""0\"": {\""regression_model\"": {\""model\"": \""ElasticNet\"", \""model_params\"": {\""l1_ratio\"": 0.5, \""fit_intercept\"": true, \""selection\"": \""cyclic\"", \""max_iter\"": 1000}}, \""datepart_method\"": \""anchored_segment_fourier:us_school\"", \""polynomial_degree\"": null, \""transform_dict\"": null, \""holiday_countries_used\"": false, \""lags\"": null, \""forward_lags\"": null}, \""1\"": {\""regression_model\"": {\""model\"": \""ElasticNet\"", \""model_params\"": {\""l1_ratio\"": 0.9, \""fit_intercept\"": true, \""selection\"": \""cyclic\"", \""max_iter\"": 200}}, \""datepart_method\"": \""common_fourier\"", \""polynomial_degree\"": null, \""transform_dict\"": null, \""holiday_countries_used\"": false, \""lags\"": null, \""forward_lags\"": 2}, \""2\"": {}, \""3\"": {}}}""}, ""610f0e543b94fb05cd2d59dc7f408967"": {""Model"": ""WindowRegression"", ""ModelParameters"": ""{\""window_size\"": 10, \""input_dim\"": \""univariate\"", \""output_dim\"": \""1step\"", \""normalize_window\"": false, \""max_windows\"": 5000000, \""fourier_encoding_components\"": null, \""scale\"": true, \""datepart_method\"": null, \""regression_type\"": null, \""regression_model\"": {\""model\"": \""SVM\"", \""model_params\"": {\""C\"": 0.1, \""tol\"": 0.001, \""epsilon\"": 0.0, \""loss\"": \""squared_epsilon_insensitive\"", \""max_iter\"": 50}}}"", ""TransformationParameters"": ""{\""fillna\"": \""rolling_mean_24\"", \""transformations\"": {\""0\"": \""DatepartRegression\"", \""1\"": \""DatepartRegression\"", \""2\"": \""MinMaxScaler\""}, \""transformation_params\"": {\""0\"": {\""regression_model\"": {\""model\"": \""ElasticNet\"", \""model_params\"": {\""l1_ratio\"": 0.5, \""fit_intercept\"": true, \""selection\"": \""cyclic\"", \""max_iter\"": 1000}}, \""datepart_method\"": \""anchored_segment_fourier:us_school\"", \""polynomial_degree\"": null, \""transform_dict\"": null, \""holiday_countries_used\"": false, \""lags\"": null, \""forward_lags\"": null}, \""1\"": {\""regression_model\"": {\""model\"": \""ElasticNet\"", \""model_params\"": {\""l1_ratio\"": 0.9, \""fit_intercept\"": true, \""selection\"": \""cyclic\"", \""max_iter\"": 200}}, \""datepart_method\"": \""common_fourier\"", \""polynomial_degree\"": null, \""transform_dict\"": null, \""holiday_countries_used\"": false, \""lags\"": null, \""forward_lags\"": 2}, \""2\"": {}}}""}}, ""model_weights"": {}, ""point_method"": ""mean""}",{},1,7,14.720462297147305,1.0189579708731311,1.2646754731319672,0.9379283069576202,1.0189579708731311,0.0,-452.9509830489507,0.9156150984707782,188.99253860112174,0.7290614360845994,0.40523612111611745,0.63015873015873,0.5174603174603175,3.239982799290974,0.738095238095238,1.5088586687651886,0.78325569945788,3.7204001157432587,2.078839579068833,0.8065551076022327,41.295632868918936,20.675296102824834,10.270404443502526,0.06299051728708331,14.720462297147305,1.0189579708731311,1.2646754731319672,0.9379283069576202,1.0189579708731311,0.0,0.9156150984707782,0.7290614360845994,0.40523612111611745,3.239982799290974,0.738095238095238,1.5088586687651886,0.78325569945788,3.7204001157432587,2.078839579068833,0.8065551076022327,41.295632868918936,20.675296102824834,10.270404443502526,0.06299051728708331,0.63015873015873,0.5174603174603175,3.2131142857142856,25.884427581437045,16.13061912780342,Wh,16.13061912780342,Wh
205,67da01c525969b64faf6ef5a7a1f3005,Ensemble,"{""model_name"": ""BestN"", ""model_count"": 5, ""model_metric"": ""bestn_horizontal"", ""models"": {""860cd5b05944ecb82d3157f8432afabb"": {""Model"": ""WindowRegression"", ""ModelParameters"": ""{\""window_size\"": 10, \""input_dim\"": \""univariate\"", \""output_dim\"": \""1step\"", \""normalize_window\"": false, \""max_windows\"": 5000000, \""fourier_encoding_components\"": null, \""scale\"": true, \""datepart_method\"": null, \""regression_type\"": null, \""regression_model\"": {\""model\"": \""SVM\"", \""model_params\"": {\""C\"": 0.1, \""tol\"": 0.001, \""epsilon\"": 0.0, \""loss\"": \""squared_epsilon_insensitive\"", \""max_iter\"": 50}}}"", ""TransformationParameters"": ""{\""fillna\"": \""pchip\"", \""transformations\"": {\""0\"": \""Scaler\""}, \""transformation_params\"": {\""0\"": {}}}""}, ""c0b1c7a0ef49e381d5aea93045d68ec6"": {""Model"": ""WindowRegression"", ""ModelParameters"": ""{\""window_size\"": 10, \""input_dim\"": \""univariate\"", \""output_dim\"": \""1step\"", \""normalize_window\"": false, \""max_windows\"": 5000000, \""fourier_encoding_components\"": null, \""scale\"": true, \""datepart_method\"": null, \""regression_type\"": null, \""regression_model\"": {\""model\"": \""SVM\"", \""model_params\"": {\""C\"": 0.1, \""tol\"": 0.001, \""epsilon\"": 0.0, \""loss\"": \""squared_epsilon_insensitive\"", \""max_iter\"": 50}}}"", ""TransformationParameters"": ""{\""fillna\"": \""ffill\"", \""transformations\"": {\""0\"": \""DatepartRegression\"", \""1\"": \""DatepartRegression\"", \""2\"": \""MinMaxScaler\"", \""3\"": \""Scaler\""}, \""transformation_params\"": {\""0\"": {\""regression_model\"": {\""model\"": \""ElasticNet\"", \""model_params\"": {\""l1_ratio\"": 0.5, \""fit_intercept\"": true, \""selection\"": \""cyclic\"", \""max_iter\"": 1000}}, \""datepart_method\"": \""anchored_segment_fourier:us_school\"", \""polynomial_degree\"": null, \""transform_dict\"": null, \""holiday_countries_used\"": false, \""lags\"": null, \""forward_lags\"": null}, \""1\"": {\""regression_model\"": {\""model\"": \""ElasticNet\"", \""model_params\"": {\""l1_ratio\"": 0.9, \""fit_intercept\"": true, \""selection\"": \""cyclic\"", \""max_iter\"": 200}}, \""datepart_method\"": \""common_fourier\"", \""polynomial_degree\"": null, \""transform_dict\"": null, \""holiday_countries_used\"": false, \""lags\"": null, \""forward_lags\"": 2}, \""2\"": {}, \""3\"": {}}}""}, ""610f0e543b94fb05cd2d59dc7f408967"": {""Model"": ""WindowRegression"", ""ModelParameters"": ""{\""window_size\"": 10, \""input_dim\"": \""univariate\"", \""output_dim\"": \""1step\"", \""normalize_window\"": false, \""max_windows\"": 5000000, \""fourier_encoding_components\"": null, \""scale\"": true, \""datepart_method\"": null, \""regression_type\"": null, \""regression_model\"": {\""model\"": \""SVM\"", \""model_params\"": {\""C\"": 0.1, \""tol\"": 0.001, \""epsilon\"": 0.0, \""loss\"": \""squared_epsilon_insensitive\"", \""max_iter\"": 50}}}"", ""TransformationParameters"": ""{\""fillna\"": \""rolling_mean_24\"", \""transformations\"": {\""0\"": \""DatepartRegression\"", \""1\"": \""DatepartRegression\"", \""2\"": \""MinMaxScaler\""}, \""transformation_params\"": {\""0\"": {\""regression_model\"": {\""model\"": \""ElasticNet\"", \""model_params\"": {\""l1_ratio\"": 0.5, \""fit_intercept\"": true, \""selection\"": \""cyclic\"", \""max_iter\"": 1000}}, \""datepart_method\"": \""anchored_segment_fourier:us_school\"", \""polynomial_degree\"": null, \""transform_dict\"": null, \""holiday_countries_used\"": false, \""lags\"": null, \""forward_lags\"": null}, \""1\"": {\""regression_model\"": {\""model\"": \""ElasticNet\"", \""model_params\"": {\""l1_ratio\"": 0.9, \""fit_intercept\"": true, \""selection\"": \""cyclic\"", \""max_iter\"": 200}}, \""datepart_method\"": \""common_fourier\"", \""polynomial_degree\"": null, \""transform_dict\"": null, \""holiday_countries_used\"": false, \""lags\"": null, \""forward_lags\"": 2}, \""2\"": {}}}""}, ""727a69c39da55c22e462197e5cede5c2"": {""Model"": ""WindowRegression"", ""ModelParameters"": ""{\""window_size\"": 10, \""input_dim\"": \""univariate\"", \""output_dim\"": \""1step\"", \""normalize_window\"": false, \""max_windows\"": 5000000, \""fourier_encoding_components\"": null, \""scale\"": true, \""datepart_method\"": null, \""regression_type\"": null, \""regression_model\"": {\""model\"": \""SVM\"", \""model_params\"": {\""C\"": 0.1, \""tol\"": 0.001, \""epsilon\"": 0.0, \""loss\"": \""squared_epsilon_insensitive\"", \""max_iter\"": 50}}}"", ""TransformationParameters"": ""{\""fillna\"": \""ffill\"", \""transformations\"": {\""0\"": \""MinMaxScaler\""}, \""transformation_params\"": {\""0\"": {}}}""}, ""474b2b4c4272ab687933f5d9bc0a6613"": {""Model"": ""WindowRegression"", ""ModelParameters"": ""{\""window_size\"": 10, \""input_dim\"": \""univariate\"", \""output_dim\"": \""1step\"", \""normalize_window\"": false, \""max_windows\"": 5000000, \""fourier_encoding_components\"": null, \""scale\"": true, \""datepart_method\"": null, \""regression_type\"": null, \""regression_model\"": {\""model\"": \""SVM\"", \""model_params\"": {\""C\"": 0.1, \""tol\"": 0.001, \""epsilon\"": 0.0, \""loss\"": \""squared_epsilon_insensitive\"", \""max_iter\"": 50}}}"", ""TransformationParameters"": ""{\""fillna\"": \""ffill\"", \""transformations\"": {\""0\"": \""DatepartRegression\"", \""1\"": \""MinMaxScaler\""}, \""transformation_params\"": {\""0\"": {\""regression_model\"": {\""model\"": \""ElasticNet\"", \""model_params\"": {\""l1_ratio\"": 0.5, \""fit_intercept\"": true, \""selection\"": \""cyclic\"", \""max_iter\"": 1000}}, \""datepart_method\"": \""anchored_segment_fourier:us_school\"", \""polynomial_degree\"": null, \""transform_dict\"": null, \""holiday_countries_used\"": false, \""lags\"": null, \""forward_lags\"": null}, \""1\"": {}}}""}}, ""point_method"": ""median"", ""model_weights"": {}}",{},1,7,14.672578880588086,1.0163943081752191,1.2621443943668937,0.9388356140850119,1.0163943081752191,0.0,-448.31256906774234,0.9112311917903242,192.0158450826457,0.7296948981102418,0.40349761635834636,0.63015873015873,0.5174603174603175,3.2329802563823877,0.738095238095238,1.5075340451824624,0.780694405853839,3.711103675037669,2.086855359551526,0.8074839069738914,40.519926694204806,20.41562475955724,10.328468784497685,0.06186513964078897,14.672578880588086,1.0163943081752191,1.2621443943668937,0.9388356140850119,1.0163943081752191,0.0,0.9112311917903242,0.7296948981102418,0.40349761635834636,3.2329802563823877,0.738095238095238,1.5075340451824624,0.780694405853839,3.711103675037669,2.086855359551526,0.8074839069738914,40.519926694204806,20.41562475955724,10.328468784497685,0.06186513964078897,0.63015873015873,0.5174603174603175,4.865442857142858,25.804721301229893,16.08498899394557,Wh,16.08498899394557,Wh
206,a5418ef657143a55ed7d24bb34d0180e,Ensemble,"{""model_name"": ""BestN"", ""model_count"": 3, ""model_metric"": ""horizontal"", ""models"": {""a6a1477ee2b31d009999314fa5df12a0"": {""Model"": ""ARIMA"", ""ModelParameters"": ""{\""p\"": 4, \""d\"": 0, \""q\"": 0, \""regression_type\"": \""Holiday\""}"", ""TransformationParameters"": ""{\""fillna\"": \""ffill\"", \""transformations\"": {\""0\"": \""Scaler\"", \""1\"": \""Detrend\"", \""2\"": \""DatepartRegression\""}, \""transformation_params\"": {\""0\"": {}, \""1\"": {\""model\"": \""Linear\"", \""phi\"": 1, \""window\"": 30, \""transform_dict\"": null}, \""2\"": {\""regression_model\"": {\""model\"": \""ElasticNet\"", \""model_params\"": {\""l1_ratio\"": 0.5, \""fit_intercept\"": true, \""selection\"": \""cyclic\"", \""max_iter\"": 1000}}, \""datepart_method\"": \""common_fourier\"", \""polynomial_degree\"": null, \""transform_dict\"": null, \""holiday_countries_used\"": false, \""lags\"": null, \""forward_lags\"": null}}}""}, ""a8ddd1ef89834c17140b9aab182e2ad4"": {""Model"": ""RollingRegression"", ""ModelParameters"": ""{\""regression_model\"": {\""model\"": \""ExtraTrees\"", \""model_params\"": {\""n_estimators\"": 100, \""min_samples_leaf\"": 1, \""min_samples_split\"": 2, \""max_depth\"": null, \""criterion\"": \""squared_error\"", \""max_features\"": 1}}, \""holiday\"": true, \""mean_rolling_periods\"": 7, \""macd_periods\"": 46, \""std_rolling_periods\"": 7, \""max_rolling_periods\"": 12, \""min_rolling_periods\"": 2, \""ewm_var_alpha\"": null, \""quantile90_rolling_periods\"": null, \""quantile10_rolling_periods\"": null, \""ewm_alpha\"": null, \""additional_lag_periods\"": 90, \""abs_energy\"": false, \""rolling_autocorr_periods\"": null, \""nonzero_last_n\"": null, \""add_date_part\"": \""simple_2\"", \""polynomial_degree\"": null, \""x_transform\"": null, \""regression_type\"": null}"", ""TransformationParameters"": ""{\""fillna\"": \""ffill\"", \""transformations\"": {\""0\"": \""Scaler\"", \""1\"": \""Detrend\"", \""2\"": \""DatepartRegression\""}, \""transformation_params\"": {\""0\"": {}, \""1\"": {\""model\"": \""Linear\"", \""phi\"": 1, \""window\"": 30, \""transform_dict\"": null}, \""2\"": {\""regression_model\"": {\""model\"": \""ElasticNet\"", \""model_params\"": {\""l1_ratio\"": 0.5, \""fit_intercept\"": true, \""selection\"": \""cyclic\"", \""max_iter\"": 1000}}, \""datepart_method\"": \""common_fourier\"", \""polynomial_degree\"": null, \""transform_dict\"": null, \""holiday_countries_used\"": false, \""lags\"": null, \""forward_lags\"": null}}}""}}, ""model_weights"": {}, ""point_method"": ""mean""}","{""fillna"": ""quadratic"", ""transformations"": {""0"": ""AlignLastValue"", ""1"": ""ChangepointDetrend""}, ""transformation_params"": {""0"": {""rows"": 1, ""lag"": 1, ""method"": ""multiplicative"", ""strength"": 1.0, ""first_value_only"": false, ""threshold"": null, ""threshold_method"": ""mean""}, ""1"": {""model"": ""Linear"", ""changepoint_spacing"": 180, ""changepoint_distance_end"": 360, ""datepart_method"": null}}}",1,2,14.397210978942864,0.963798948544109,1.176148808229874,0.5661296050592679,0.963798948544109,0.0,-110.80196532531554,0.8564734849384863,62.68184541262406,0.7126041022524485,0.4600461843401524,0.5333333333333333,0.5333333333333333,3.6269550519708638,0.8666666666666667,1.4499158692637313,0.7517385585827778,3.1812268643803954,1.4153966293116071,0.040918056723000654,80.07397062675946,41.79181677226383,25.538164057297774,0.12948961781964327,14.397210978942864,0.963798948544109,1.176148808229874,0.5661296050592679,0.963798948544109,0.0,0.8564734849384863,0.7126041022524485,0.4600461843401524,3.6269550519708638,0.8666666666666667,1.4499158692637313,0.7517385585827778,3.1812268643803954,1.4153966293116071,0.040918056723000654,80.07397062675946,41.79181677226383,25.538164057297774,0.12948961781964327,0.5333333333333333,0.5333333333333333,14.193349999999999,25.764860609354365,18.424966442839743,Wh,18.424966442839743,Wh
207,41ad21ee262e85459e5c88f757906775,Ensemble,"{""model_name"": ""BestN"", ""model_count"": 3, ""model_metric"": ""best_score_unique"", ""models"": {""a8ddd1ef89834c17140b9aab182e2ad4"": {""Model"": ""RollingRegression"", ""ModelParameters"": ""{\""regression_model\"": {\""model\"": \""ExtraTrees\"", \""model_params\"": {\""n_estimators\"": 100, \""min_samples_leaf\"": 1, \""min_samples_split\"": 2, \""max_depth\"": null, \""criterion\"": \""squared_error\"", \""max_features\"": 1}}, \""holiday\"": true, \""mean_rolling_periods\"": 7, \""macd_periods\"": 46, \""std_rolling_periods\"": 7, \""max_rolling_periods\"": 12, \""min_rolling_periods\"": 2, \""ewm_var_alpha\"": null, \""quantile90_rolling_periods\"": null, \""quantile10_rolling_periods\"": null, \""ewm_alpha\"": null, \""additional_lag_periods\"": 90, \""abs_energy\"": false, \""rolling_autocorr_periods\"": null, \""nonzero_last_n\"": null, \""add_date_part\"": \""simple_2\"", \""polynomial_degree\"": null, \""x_transform\"": null, \""regression_type\"": null}"", ""TransformationParameters"": ""{\""fillna\"": \""ffill\"", \""transformations\"": {\""0\"": \""Scaler\"", \""1\"": \""Detrend\"", \""2\"": \""DatepartRegression\""}, \""transformation_params\"": {\""0\"": {}, \""1\"": {\""model\"": \""Linear\"", \""phi\"": 1, \""window\"": 30, \""transform_dict\"": null}, \""2\"": {\""regression_model\"": {\""model\"": \""ElasticNet\"", \""model_params\"": {\""l1_ratio\"": 0.5, \""fit_intercept\"": true, \""selection\"": \""cyclic\"", \""max_iter\"": 1000}}, \""datepart_method\"": \""common_fourier\"", \""polynomial_degree\"": null, \""transform_dict\"": null, \""holiday_countries_used\"": false, \""lags\"": null, \""forward_lags\"": null}}}""}, ""a6a1477ee2b31d009999314fa5df12a0"": {""Model"": ""ARIMA"", ""ModelParameters"": ""{\""p\"": 4, \""d\"": 0, \""q\"": 0, \""regression_type\"": \""Holiday\""}"", ""TransformationParameters"": ""{\""fillna\"": \""ffill\"", \""transformations\"": {\""0\"": \""Scaler\"", \""1\"": \""Detrend\"", \""2\"": \""DatepartRegression\""}, \""transformation_params\"": {\""0\"": {}, \""1\"": {\""model\"": \""Linear\"", \""phi\"": 1, \""window\"": 30, \""transform_dict\"": null}, \""2\"": {\""regression_model\"": {\""model\"": \""ElasticNet\"", \""model_params\"": {\""l1_ratio\"": 0.5, \""fit_intercept\"": true, \""selection\"": \""cyclic\"", \""max_iter\"": 1000}}, \""datepart_method\"": \""common_fourier\"", \""polynomial_degree\"": null, \""transform_dict\"": null, \""holiday_countries_used\"": false, \""lags\"": null, \""forward_lags\"": null}}}""}}, ""model_weights"": {}, ""point_method"": ""mean""}","{""fillna"": ""quadratic"", ""transformations"": {""0"": ""AlignLastValue"", ""1"": ""ChangepointDetrend""}, ""transformation_params"": {""0"": {""rows"": 1, ""lag"": 1, ""method"": ""multiplicative"", ""strength"": 1.0, ""first_value_only"": false, ""threshold"": null, ""threshold_method"": ""mean""}, ""1"": {""model"": ""Linear"", ""changepoint_spacing"": 180, ""changepoint_distance_end"": 360, ""datepart_method"": null}}}",1,2,14.397210978942862,0.963798948544109,1.176148808229874,0.5661296050592679,0.963798948544109,0.0,-110.80196532531554,0.8564734849384863,62.68184541262406,0.7126041022524485,0.4600461843401525,0.5333333333333333,0.5333333333333333,3.6269550519708638,0.8666666666666667,1.4499158692637313,0.7517385585827778,3.1812268643803954,1.4153966293116071,0.040918056723000654,80.07397062675946,41.79181677226383,25.538164057297774,0.12948961781964324,14.397210978942862,0.963798948544109,1.176148808229874,0.5661296050592679,0.963798948544109,0.0,0.8564734849384863,0.7126041022524485,0.4600461843401525,3.6269550519708638,0.8666666666666667,1.4499158692637313,0.7517385585827778,3.1812268643803954,1.4153966293116071,0.040918056723000654,80.07397062675946,41.79181677226383,25.538164057297774,0.12948961781964324,0.5333333333333333,0.5333333333333333,12.980049999999999,25.764643995292996,18.424966442839743,Wh,18.424966442839743,Wh
208,b140e482512c0ef4e750ae2c2f6a11c1,Ensemble,"{""model_name"": ""BestN"", ""model_count"": 3, ""model_metric"": ""best_score"", ""models"": {""860cd5b05944ecb82d3157f8432afabb"": {""Model"": ""WindowRegression"", ""ModelParameters"": ""{\""window_size\"": 10, \""input_dim\"": \""univariate\"", \""output_dim\"": \""1step\"", \""normalize_window\"": false, \""max_windows\"": 5000000, \""fourier_encoding_components\"": null, \""scale\"": true, \""datepart_method\"": null, \""regression_type\"": null, \""regression_model\"": {\""model\"": \""SVM\"", \""model_params\"": {\""C\"": 0.1, \""tol\"": 0.001, \""epsilon\"": 0.0, \""loss\"": \""squared_epsilon_insensitive\"", \""max_iter\"": 50}}}"", ""TransformationParameters"": ""{\""fillna\"": \""pchip\"", \""transformations\"": {\""0\"": \""Scaler\""}, \""transformation_params\"": {\""0\"": {}}}""}, ""c0b1c7a0ef49e381d5aea93045d68ec6"": {""Model"": ""WindowRegression"", ""ModelParameters"": ""{\""window_size\"": 10, \""input_dim\"": \""univariate\"", \""output_dim\"": \""1step\"", \""normalize_window\"": false, \""max_windows\"": 5000000, \""fourier_encoding_components\"": null, \""scale\"": true, \""datepart_method\"": null, \""regression_type\"": null, \""regression_model\"": {\""model\"": \""SVM\"", \""model_params\"": {\""C\"": 0.1, \""tol\"": 0.001, \""epsilon\"": 0.0, \""loss\"": \""squared_epsilon_insensitive\"", \""max_iter\"": 50}}}"", ""TransformationParameters"": ""{\""fillna\"": \""ffill\"", \""transformations\"": {\""0\"": \""DatepartRegression\"", \""1\"": \""DatepartRegression\"", \""2\"": \""MinMaxScaler\"", \""3\"": \""Scaler\""}, \""transformation_params\"": {\""0\"": {\""regression_model\"": {\""model\"": \""ElasticNet\"", \""model_params\"": {\""l1_ratio\"": 0.5, \""fit_intercept\"": true, \""selection\"": \""cyclic\"", \""max_iter\"": 1000}}, \""datepart_method\"": \""anchored_segment_fourier:us_school\"", \""polynomial_degree\"": null, \""transform_dict\"": null, \""holiday_countries_used\"": false, \""lags\"": null, \""forward_lags\"": null}, \""1\"": {\""regression_model\"": {\""model\"": \""ElasticNet\"", \""model_params\"": {\""l1_ratio\"": 0.9, \""fit_intercept\"": true, \""selection\"": \""cyclic\"", \""max_iter\"": 200}}, \""datepart_method\"": \""common_fourier\"", \""polynomial_degree\"": null, \""transform_dict\"": null, \""holiday_countries_used\"": false, \""lags\"": null, \""forward_lags\"": 2}, \""2\"": {}, \""3\"": {}}}""}, ""610f0e543b94fb05cd2d59dc7f408967"": {""Model"": ""WindowRegression"", ""ModelParameters"": ""{\""window_size\"": 10, \""input_dim\"": \""univariate\"", \""output_dim\"": \""1step\"", \""normalize_window\"": false, \""max_windows\"": 5000000, \""fourier_encoding_components\"": null, \""scale\"": true, \""datepart_method\"": null, \""regression_type\"": null, \""regression_model\"": {\""model\"": \""SVM\"", \""model_params\"": {\""C\"": 0.1, \""tol\"": 0.001, \""epsilon\"": 0.0, \""loss\"": \""squared_epsilon_insensitive\"", \""max_iter\"": 50}}}"", ""TransformationParameters"": ""{\""fillna\"": \""rolling_mean_24\"", \""transformations\"": {\""0\"": \""DatepartRegression\"", \""1\"": \""DatepartRegression\"", \""2\"": \""MinMaxScaler\""}, \""transformation_params\"": {\""0\"": {\""regression_model\"": {\""model\"": \""ElasticNet\"", \""model_params\"": {\""l1_ratio\"": 0.5, \""fit_intercept\"": true, \""selection\"": \""cyclic\"", \""max_iter\"": 1000}}, \""datepart_method\"": \""anchored_segment_fourier:us_school\"", \""polynomial_degree\"": null, \""transform_dict\"": null, \""holiday_countries_used\"": false, \""lags\"": null, \""forward_lags\"": null}, \""1\"": {\""regression_model\"": {\""model\"": \""ElasticNet\"", \""model_params\"": {\""l1_ratio\"": 0.9, \""fit_intercept\"": true, \""selection\"": \""cyclic\"", \""max_iter\"": 200}}, \""datepart_method\"": \""common_fourier\"", \""polynomial_degree\"": null, \""transform_dict\"": null, \""holiday_countries_used\"": false, \""lags\"": null, \""forward_lags\"": 2}, \""2\"": {}}}""}}, ""model_weights"": {}, ""point_method"": ""mean""}","{""fillna"": ""fake_date"", ""transformations"": {""0"": ""AlignLastValue"", ""1"": ""AlignLastValue""}, ""transformation_params"": {""0"": {""rows"": 1, ""lag"": 1, ""method"": ""multiplicative"", ""strength"": 1.0, ""first_value_only"": false, ""threshold"": null, ""threshold_method"": ""mean""}, ""1"": {""rows"": 1, ""lag"": 1, ""method"": ""multiplicative"", ""strength"": 1.0, ""first_value_only"": true, ""threshold"": 10, ""threshold_method"": ""max""}}}",1,7,14.610320681147671,1.0107712903573256,1.2601933874766982,0.9387314571311202,1.0107712903573256,0.0,-454.9360664480347,0.9112983444733809,181.84984647708026,0.7204038201408967,0.40488969596787194,0.63015873015873,0.5079365079365079,3.239982799290974,0.7285714285714285,1.5086961567128667,0.7735609462154786,3.712213435227453,1.3406084510159801,0.8193544956476929,42.63982274797955,21.633401013607276,10.264273860350647,0.06502941890646076,14.610320681147671,1.0107712903573256,1.2601933874766982,0.9387314571311202,1.0107712903573256,0.0,0.9112983444733809,0.7204038201408967,0.40488969596787194,3.239982799290974,0.7285714285714285,1.5086961567128667,0.7735609462154786,3.712213435227453,1.3406084510159801,0.8193544956476929,42.63982274797955,21.633401013607276,10.264273860350647,0.06502941890646076,0.63015873015873,0.5079365079365079,3.2254285714285715,25.745380443312996,15.996981757465628,Wh,15.996981757465628,Wh
209,d66f746e4dd9631b67cc1e6f6d6e4a05,Ensemble,"{""model_name"": ""BestN"", ""model_count"": 5, ""model_metric"": ""bestn_horizontal"", ""models"": {""5dff957b601bedf73b6f35d824a711b5"": {""Model"": ""Ensemble"", ""ModelParameters"": ""{\""model_name\"": \""BestN\"", \""model_count\"": 5, \""model_metric\"": \""mixed_metric\"", \""models\"": {\""860cd5b05944ecb82d3157f8432afabb\"": {\""Model\"": \""WindowRegression\"", \""ModelParameters\"": \""{\\\""window_size\\\"": 10, \\\""input_dim\\\"": \\\""univariate\\\"", \\\""output_dim\\\"": \\\""1step\\\"", \\\""normalize_window\\\"": false, \\\""max_windows\\\"": 5000000, \\\""fourier_encoding_components\\\"": null, \\\""scale\\\"": true, \\\""datepart_method\\\"": null, \\\""regression_type\\\"": null, \\\""regression_model\\\"": {\\\""model\\\"": \\\""SVM\\\"", \\\""model_params\\\"": {\\\""C\\\"": 0.1, \\\""tol\\\"": 0.001, \\\""epsilon\\\"": 0.0, \\\""loss\\\"": \\\""squared_epsilon_insensitive\\\"", \\\""max_iter\\\"": 50}}}\"", \""TransformationParameters\"": \""{\\\""fillna\\\"": \\\""pchip\\\"", \\\""transformations\\\"": {\\\""0\\\"": \\\""Scaler\\\""}, \\\""transformation_params\\\"": {\\\""0\\\"": {}}}\""}, \""c0b1c7a0ef49e381d5aea93045d68ec6\"": {\""Model\"": \""WindowRegression\"", \""ModelParameters\"": \""{\\\""window_size\\\"": 10, \\\""input_dim\\\"": \\\""univariate\\\"", \\\""output_dim\\\"": \\\""1step\\\"", \\\""normalize_window\\\"": false, \\\""max_windows\\\"": 5000000, \\\""fourier_encoding_components\\\"": null, \\\""scale\\\"": true, \\\""datepart_method\\\"": null, \\\""regression_type\\\"": null, \\\""regression_model\\\"": {\\\""model\\\"": \\\""SVM\\\"", \\\""model_params\\\"": {\\\""C\\\"": 0.1, \\\""tol\\\"": 0.001, \\\""epsilon\\\"": 0.0, \\\""loss\\\"": \\\""squared_epsilon_insensitive\\\"", \\\""max_iter\\\"": 50}}}\"", \""TransformationParameters\"": \""{\\\""fillna\\\"": \\\""ffill\\\"", \\\""transformations\\\"": {\\\""0\\\"": \\\""DatepartRegression\\\"", \\\""1\\\"": \\\""DatepartRegression\\\"", \\\""2\\\"": \\\""MinMaxScaler\\\"", \\\""3\\\"": \\\""Scaler\\\""}, \\\""transformation_params\\\"": {\\\""0\\\"": {\\\""regression_model\\\"": {\\\""model\\\"": \\\""ElasticNet\\\"", \\\""model_params\\\"": {\\\""l1_ratio\\\"": 0.5, \\\""fit_intercept\\\"": true, \\\""selection\\\"": \\\""cyclic\\\"", \\\""max_iter\\\"": 1000}}, \\\""datepart_method\\\"": \\\""anchored_segment_fourier:us_school\\\"", \\\""polynomial_degree\\\"": null, \\\""transform_dict\\\"": null, \\\""holiday_countries_used\\\"": false, \\\""lags\\\"": null, \\\""forward_lags\\\"": null}, \\\""1\\\"": {\\\""regression_model\\\"": {\\\""model\\\"": \\\""ElasticNet\\\"", \\\""model_params\\\"": {\\\""l1_ratio\\\"": 0.9, \\\""fit_intercept\\\"": true, \\\""selection\\\"": \\\""cyclic\\\"", \\\""max_iter\\\"": 200}}, \\\""datepart_method\\\"": \\\""common_fourier\\\"", \\\""polynomial_degree\\\"": null, \\\""transform_dict\\\"": null, \\\""holiday_countries_used\\\"": false, \\\""lags\\\"": null, \\\""forward_lags\\\"": 2}, \\\""2\\\"": {}, \\\""3\\\"": {}}}\""}, \""b56ba147e1633d9995afee23f1bd58c7\"": {\""Model\"": \""WindowRegression\"", \""ModelParameters\"": \""{\\\""window_size\\\"": 20, \\\""input_dim\\\"": \\\""univariate\\\"", \\\""output_dim\\\"": \\\""1step\\\"", \\\""normalize_window\\\"": false, \\\""max_windows\\\"": 5000000, \\\""fourier_encoding_components\\\"": null, \\\""scale\\\"": false, \\\""datepart_method\\\"": null, \\\""regression_type\\\"": null, \\\""regression_model\\\"": {\\\""model\\\"": \\\""xgboost\\\"", \\\""model_params\\\"": {\\\""booster\\\"": \\\""gbtree\\\"", \\\""objective\\\"": \\\""reg:squarederror\\\"", \\\""max_depth\\\"": 6, \\\""eta\\\"": 0.003, \\\""min_child_weight\\\"": 0.5, \\\""subsample\\\"": 1, \\\""colsample_bylevel\\\"": 0.9, \\\""reg_alpha\\\"": 0, \\\""reg_lambda\\\"": 1, \\\""n_estimators\\\"": 7, \\\""multi_strategy\\\"": \\\""multi_output_tree\\\"", \\\""tree_method\\\"": \\\""hist\\\""}}}\"", \""TransformationParameters\"": \""{\\\""fillna\\\"": \\\""ffill\\\"", \\\""transformations\\\"": {\\\""0\\\"": \\\""Scaler\\\"", \\\""1\\\"": \\\""Detrend\\\"", \\\""2\\\"": \\\""MinMaxScaler\\\""}, \\\""transformation_params\\\"": {\\\""0\\\"": {}, \\\""1\\\"": {\\\""model\\\"": \\\""Linear\\\"", \\\""phi\\\"": 1, \\\""window\\\"": 30, \\\""transform_dict\\\"": null}, \\\""2\\\"": {}}}\""}, \""7d046fbef1e1594270dc26a3315f53d9\"": {\""Model\"": \""WindowRegression\"", \""ModelParameters\"": \""{\\\""window_size\\\"": 10, \\\""input_dim\\\"": \\\""univariate\\\"", \\\""output_dim\\\"": \\\""1step\\\"", \\\""normalize_window\\\"": false, \\\""max_windows\\\"": 5000000, \\\""fourier_encoding_components\\\"": null, \\\""scale\\\"": true, \\\""datepart_method\\\"": null, \\\""regression_type\\\"": null, \\\""regression_model\\\"": {\\\""model\\\"": \\\""SVM\\\"", \\\""model_params\\\"": {\\\""C\\\"": 0.1, \\\""tol\\\"": 0.001, \\\""epsilon\\\"": 0.0, \\\""loss\\\"": \\\""squared_epsilon_insensitive\\\"", \\\""max_iter\\\"": 50}}}\"", \""TransformationParameters\"": \""{\\\""fillna\\\"": \\\""ffill\\\"", \\\""transformations\\\"": {\\\""0\\\"": \\\""Scaler\\\"", \\\""1\\\"": \\\""Detrend\\\""}, \\\""transformation_params\\\"": {\\\""0\\\"": {}, \\\""1\\\"": {\\\""model\\\"": \\\""Linear\\\"", \\\""phi\\\"": 1, \\\""window\\\"": 30, \\\""transform_dict\\\"": null}}}\""}, \""e9ab0dee8ad32b476a4ab9bc6aed1fef\"": {\""Model\"": \""RollingRegression\"", \""ModelParameters\"": \""{\\\""regression_model\\\"": {\\\""model\\\"": \\\""RANSAC\\\"", \\\""model_params\\\"": {}}, \\\""holiday\\\"": true, \\\""mean_rolling_periods\\\"": 12, \\\""macd_periods\\\"": 24, \\\""std_rolling_periods\\\"": 30, \\\""max_rolling_periods\\\"": 12, \\\""min_rolling_periods\\\"": null, \\\""ewm_var_alpha\\\"": null, \\\""quantile90_rolling_periods\\\"": null, \\\""quantile10_rolling_periods\\\"": null, \\\""ewm_alpha\\\"": 0.8, \\\""additional_lag_periods\\\"": 6, \\\""abs_energy\\\"": false, \\\""rolling_autocorr_periods\\\"": null, \\\""nonzero_last_n\\\"": null, \\\""add_date_part\\\"": null, \\\""polynomial_degree\\\"": null, \\\""x_transform\\\"": null, \\\""regression_type\\\"": null}\"", \""TransformationParameters\"": \""{\\\""fillna\\\"": \\\""ffill\\\"", \\\""transformations\\\"": {\\\""0\\\"": \\\""Scaler\\\"", \\\""1\\\"": \\\""Detrend\\\"", \\\""2\\\"": \\\""DatepartRegression\\\""}, \\\""transformation_params\\\"": {\\\""0\\\"": {}, \\\""1\\\"": {\\\""model\\\"": \\\""Linear\\\"", \\\""phi\\\"": 1, \\\""window\\\"": 30, \\\""transform_dict\\\"": null}, \\\""2\\\"": {\\\""regression_model\\\"": {\\\""model\\\"": \\\""ElasticNet\\\"", \\\""model_params\\\"": {\\\""l1_ratio\\\"": 0.5, \\\""fit_intercept\\\"": true, \\\""selection\\\"": \\\""cyclic\\\"", \\\""max_iter\\\"": 1000}}, \\\""datepart_method\\\"": \\\""common_fourier\\\"", \\\""polynomial_degree\\\"": null, \\\""transform_dict\\\"": null, \\\""holiday_countries_used\\\"": false, \\\""lags\\\"": null, \\\""forward_lags\\\"": null}}}\""}}, \""point_method\"": \""median\"", \""model_weights\"": {}}"", ""TransformationParameters"": ""{}""}}, ""point_method"": ""median"", ""model_weights"": {}}","{""fillna"": ""fake_date"", ""transformations"": {""0"": ""AlignLastValue"", ""1"": ""AlignLastValue""}, ""transformation_params"": {""0"": {""rows"": 4, ""lag"": 28, ""method"": ""additive"", ""strength"": 0.2, ""first_value_only"": false, ""threshold"": 1, ""threshold_method"": ""max""}, ""1"": {""rows"": 1, ""lag"": 1, ""method"": ""additive"", ""strength"": 1.0, ""first_value_only"": false, ""threshold"": 1, ""threshold_method"": ""mean""}}}",1,2,14.487549977487316,0.9494663557700942,1.145743319687079,0.6611635907075146,0.9494663557700942,0.0,-141.87806526470627,0.9070074016641748,29.025878773910694,0.6229879075636844,0.4663219085529373,0.6944444444444444,0.5055555555555555,4.009132983904299,0.7722222222222221,1.5118507649812032,0.7515349287514095,3.512663751015684,1.360558244788283,0.3950295528612462,65.9007087803519,30.569520359025134,13.393312669860169,0.10108370141995844,14.487549977487316,0.9494663557700942,1.145743319687079,0.6611635907075146,0.9494663557700942,0.0,0.9070074016641748,0.6229879075636844,0.4663219085529373,4.009132983904299,0.7722222222222221,1.5118507649812032,0.7515349287514095,3.512663751015684,1.360558244788283,0.3950295528612462,65.9007087803519,30.569520359025134,13.393312669860169,0.10108370141995844,0.6944444444444444,0.5055555555555555,31.90535,25.681490506426947,21.04546639174422,Wh,21.04546639174422,Wh
210,ff92bcc3651472b5465e4577d42b31ac,Ensemble,"{""model_name"": ""BestN"", ""model_count"": 5, ""model_metric"": ""mixed_metric"", ""models"": {""860cd5b05944ecb82d3157f8432afabb"": {""Model"": ""WindowRegression"", ""ModelParameters"": ""{\""window_size\"": 10, \""input_dim\"": \""univariate\"", \""output_dim\"": \""1step\"", \""normalize_window\"": false, \""max_windows\"": 5000000, \""fourier_encoding_components\"": null, \""scale\"": true, \""datepart_method\"": null, \""regression_type\"": null, \""regression_model\"": {\""model\"": \""SVM\"", \""model_params\"": {\""C\"": 0.1, \""tol\"": 0.001, \""epsilon\"": 0.0, \""loss\"": \""squared_epsilon_insensitive\"", \""max_iter\"": 50}}}"", ""TransformationParameters"": ""{\""fillna\"": \""pchip\"", \""transformations\"": {\""0\"": \""Scaler\""}, \""transformation_params\"": {\""0\"": {}}}""}, ""c0b1c7a0ef49e381d5aea93045d68ec6"": {""Model"": ""WindowRegression"", ""ModelParameters"": ""{\""window_size\"": 10, \""input_dim\"": \""univariate\"", \""output_dim\"": \""1step\"", \""normalize_window\"": false, \""max_windows\"": 5000000, \""fourier_encoding_components\"": null, \""scale\"": true, \""datepart_method\"": null, \""regression_type\"": null, \""regression_model\"": {\""model\"": \""SVM\"", \""model_params\"": {\""C\"": 0.1, \""tol\"": 0.001, \""epsilon\"": 0.0, \""loss\"": \""squared_epsilon_insensitive\"", \""max_iter\"": 50}}}"", ""TransformationParameters"": ""{\""fillna\"": \""ffill\"", \""transformations\"": {\""0\"": \""DatepartRegression\"", \""1\"": \""DatepartRegression\"", \""2\"": \""MinMaxScaler\"", \""3\"": \""Scaler\""}, \""transformation_params\"": {\""0\"": {\""regression_model\"": {\""model\"": \""ElasticNet\"", \""model_params\"": {\""l1_ratio\"": 0.5, \""fit_intercept\"": true, \""selection\"": \""cyclic\"", \""max_iter\"": 1000}}, \""datepart_method\"": \""anchored_segment_fourier:us_school\"", \""polynomial_degree\"": null, \""transform_dict\"": null, \""holiday_countries_used\"": false, \""lags\"": null, \""forward_lags\"": null}, \""1\"": {\""regression_model\"": {\""model\"": \""ElasticNet\"", \""model_params\"": {\""l1_ratio\"": 0.9, \""fit_intercept\"": true, \""selection\"": \""cyclic\"", \""max_iter\"": 200}}, \""datepart_method\"": \""common_fourier\"", \""polynomial_degree\"": null, \""transform_dict\"": null, \""holiday_countries_used\"": false, \""lags\"": null, \""forward_lags\"": 2}, \""2\"": {}, \""3\"": {}}}""}, ""b56ba147e1633d9995afee23f1bd58c7"": {""Model"": ""WindowRegression"", ""ModelParameters"": ""{\""window_size\"": 20, \""input_dim\"": \""univariate\"", \""output_dim\"": \""1step\"", \""normalize_window\"": false, \""max_windows\"": 5000000, \""fourier_encoding_components\"": null, \""scale\"": false, \""datepart_method\"": null, \""regression_type\"": null, \""regression_model\"": {\""model\"": \""xgboost\"", \""model_params\"": {\""booster\"": \""gbtree\"", \""objective\"": \""reg:squarederror\"", \""max_depth\"": 6, \""eta\"": 0.003, \""min_child_weight\"": 0.5, \""subsample\"": 1, \""colsample_bylevel\"": 0.9, \""reg_alpha\"": 0, \""reg_lambda\"": 1, \""n_estimators\"": 7, \""multi_strategy\"": \""multi_output_tree\"", \""tree_method\"": \""hist\""}}}"", ""TransformationParameters"": ""{\""fillna\"": \""ffill\"", \""transformations\"": {\""0\"": \""Scaler\"", \""1\"": \""Detrend\"", \""2\"": \""MinMaxScaler\""}, \""transformation_params\"": {\""0\"": {}, \""1\"": {\""model\"": \""Linear\"", \""phi\"": 1, \""window\"": 30, \""transform_dict\"": null}, \""2\"": {}}}""}, ""7d046fbef1e1594270dc26a3315f53d9"": {""Model"": ""WindowRegression"", ""ModelParameters"": ""{\""window_size\"": 10, \""input_dim\"": \""univariate\"", \""output_dim\"": \""1step\"", \""normalize_window\"": false, \""max_windows\"": 5000000, \""fourier_encoding_components\"": null, \""scale\"": true, \""datepart_method\"": null, \""regression_type\"": null, \""regression_model\"": {\""model\"": \""SVM\"", \""model_params\"": {\""C\"": 0.1, \""tol\"": 0.001, \""epsilon\"": 0.0, \""loss\"": \""squared_epsilon_insensitive\"", \""max_iter\"": 50}}}"", ""TransformationParameters"": ""{\""fillna\"": \""ffill\"", \""transformations\"": {\""0\"": \""Scaler\"", \""1\"": \""Detrend\""}, \""transformation_params\"": {\""0\"": {}, \""1\"": {\""model\"": \""Linear\"", \""phi\"": 1, \""window\"": 30, \""transform_dict\"": null}}}""}, ""e9ab0dee8ad32b476a4ab9bc6aed1fef"": {""Model"": ""RollingRegression"", ""ModelParameters"": ""{\""regression_model\"": {\""model\"": \""RANSAC\"", \""model_params\"": {}}, \""holiday\"": true, \""mean_rolling_periods\"": 12, \""macd_periods\"": 24, \""std_rolling_periods\"": 30, \""max_rolling_periods\"": 12, \""min_rolling_periods\"": null, \""ewm_var_alpha\"": null, \""quantile90_rolling_periods\"": null, \""quantile10_rolling_periods\"": null, \""ewm_alpha\"": 0.8, \""additional_lag_periods\"": 6, \""abs_energy\"": false, \""rolling_autocorr_periods\"": null, \""nonzero_last_n\"": null, \""add_date_part\"": null, \""polynomial_degree\"": null, \""x_transform\"": null, \""regression_type\"": null}"", ""TransformationParameters"": ""{\""fillna\"": \""ffill\"", \""transformations\"": {\""0\"": \""Scaler\"", \""1\"": \""Detrend\"", \""2\"": \""DatepartRegression\""}, \""transformation_params\"": {\""0\"": {}, \""1\"": {\""model\"": \""Linear\"", \""phi\"": 1, \""window\"": 30, \""transform_dict\"": null}, \""2\"": {\""regression_model\"": {\""model\"": \""ElasticNet\"", \""model_params\"": {\""l1_ratio\"": 0.5, \""fit_intercept\"": true, \""selection\"": \""cyclic\"", \""max_iter\"": 1000}}, \""datepart_method\"": \""common_fourier\"", \""polynomial_degree\"": null, \""transform_dict\"": null, \""holiday_countries_used\"": false, \""lags\"": null, \""forward_lags\"": null}}}""}}, ""point_method"": ""median"", ""model_weights"": {}}","{""fillna"": ""fake_date"", ""transformations"": {""0"": ""AlignLastValue"", ""1"": ""AlignLastValue""}, ""transformation_params"": {""0"": {""rows"": 4, ""lag"": 28, ""method"": ""additive"", ""strength"": 0.2, ""first_value_only"": false, ""threshold"": 1, ""threshold_method"": ""max""}, ""1"": {""rows"": 1, ""lag"": 1, ""method"": ""additive"", ""strength"": 1.0, ""first_value_only"": false, ""threshold"": 1, ""threshold_method"": ""mean""}}}",1,2,14.487549977487316,0.9494663557700942,1.145743319687079,0.6611635907075146,0.9494663557700942,0.0,-141.87806526470627,0.9070074016641748,29.025878773910694,0.6229879075636844,0.4663219085529373,0.6944444444444444,0.5055555555555555,4.009132983904299,0.7722222222222221,1.5118507649812032,0.7515349287514095,3.512663751015684,1.360558244788283,0.3950295528612462,65.9007087803519,30.569520359025134,13.393312669860169,0.10108370141995844,14.487549977487316,0.9494663557700942,1.145743319687079,0.6611635907075146,0.9494663557700942,0.0,0.9070074016641748,0.6229879075636844,0.4663219085529373,4.009132983904299,0.7722222222222221,1.5118507649812032,0.7515349287514095,3.512663751015684,1.360558244788283,0.3950295528612462,65.9007087803519,30.569520359025134,13.393312669860169,0.10108370141995844,0.6944444444444444,0.5055555555555555,6.7943,25.677007355907193,21.04546639174422,Wh,21.04546639174422,Wh
211,3828f84c8ff0b9e9bf630bc94cbdf9a3,Ensemble,"{""model_name"": ""BestN"", ""model_count"": 5, ""model_metric"": ""bestn_horizontal"", ""models"": {""860cd5b05944ecb82d3157f8432afabb"": {""Model"": ""WindowRegression"", ""ModelParameters"": ""{\""window_size\"": 10, \""input_dim\"": \""univariate\"", \""output_dim\"": \""1step\"", \""normalize_window\"": false, \""max_windows\"": 5000000, \""fourier_encoding_components\"": null, \""scale\"": true, \""datepart_method\"": null, \""regression_type\"": null, \""regression_model\"": {\""model\"": \""SVM\"", \""model_params\"": {\""C\"": 0.1, \""tol\"": 0.001, \""epsilon\"": 0.0, \""loss\"": \""squared_epsilon_insensitive\"", \""max_iter\"": 50}}}"", ""TransformationParameters"": ""{\""fillna\"": \""pchip\"", \""transformations\"": {\""0\"": \""Scaler\""}, \""transformation_params\"": {\""0\"": {}}}""}, ""c0b1c7a0ef49e381d5aea93045d68ec6"": {""Model"": ""WindowRegression"", ""ModelParameters"": ""{\""window_size\"": 10, \""input_dim\"": \""univariate\"", \""output_dim\"": \""1step\"", \""normalize_window\"": false, \""max_windows\"": 5000000, \""fourier_encoding_components\"": null, \""scale\"": true, \""datepart_method\"": null, \""regression_type\"": null, \""regression_model\"": {\""model\"": \""SVM\"", \""model_params\"": {\""C\"": 0.1, \""tol\"": 0.001, \""epsilon\"": 0.0, \""loss\"": \""squared_epsilon_insensitive\"", \""max_iter\"": 50}}}"", ""TransformationParameters"": ""{\""fillna\"": \""ffill\"", \""transformations\"": {\""0\"": \""DatepartRegression\"", \""1\"": \""DatepartRegression\"", \""2\"": \""MinMaxScaler\"", \""3\"": \""Scaler\""}, \""transformation_params\"": {\""0\"": {\""regression_model\"": {\""model\"": \""ElasticNet\"", \""model_params\"": {\""l1_ratio\"": 0.5, \""fit_intercept\"": true, \""selection\"": \""cyclic\"", \""max_iter\"": 1000}}, \""datepart_method\"": \""anchored_segment_fourier:us_school\"", \""polynomial_degree\"": null, \""transform_dict\"": null, \""holiday_countries_used\"": false, \""lags\"": null, \""forward_lags\"": null}, \""1\"": {\""regression_model\"": {\""model\"": \""ElasticNet\"", \""model_params\"": {\""l1_ratio\"": 0.9, \""fit_intercept\"": true, \""selection\"": \""cyclic\"", \""max_iter\"": 200}}, \""datepart_method\"": \""common_fourier\"", \""polynomial_degree\"": null, \""transform_dict\"": null, \""holiday_countries_used\"": false, \""lags\"": null, \""forward_lags\"": 2}, \""2\"": {}, \""3\"": {}}}""}, ""610f0e543b94fb05cd2d59dc7f408967"": {""Model"": ""WindowRegression"", ""ModelParameters"": ""{\""window_size\"": 10, \""input_dim\"": \""univariate\"", \""output_dim\"": \""1step\"", \""normalize_window\"": false, \""max_windows\"": 5000000, \""fourier_encoding_components\"": null, \""scale\"": true, \""datepart_method\"": null, \""regression_type\"": null, \""regression_model\"": {\""model\"": \""SVM\"", \""model_params\"": {\""C\"": 0.1, \""tol\"": 0.001, \""epsilon\"": 0.0, \""loss\"": \""squared_epsilon_insensitive\"", \""max_iter\"": 50}}}"", ""TransformationParameters"": ""{\""fillna\"": \""rolling_mean_24\"", \""transformations\"": {\""0\"": \""DatepartRegression\"", \""1\"": \""DatepartRegression\"", \""2\"": \""MinMaxScaler\""}, \""transformation_params\"": {\""0\"": {\""regression_model\"": {\""model\"": \""ElasticNet\"", \""model_params\"": {\""l1_ratio\"": 0.5, \""fit_intercept\"": true, \""selection\"": \""cyclic\"", \""max_iter\"": 1000}}, \""datepart_method\"": \""anchored_segment_fourier:us_school\"", \""polynomial_degree\"": null, \""transform_dict\"": null, \""holiday_countries_used\"": false, \""lags\"": null, \""forward_lags\"": null}, \""1\"": {\""regression_model\"": {\""model\"": \""ElasticNet\"", \""model_params\"": {\""l1_ratio\"": 0.9, \""fit_intercept\"": true, \""selection\"": \""cyclic\"", \""max_iter\"": 200}}, \""datepart_method\"": \""common_fourier\"", \""polynomial_degree\"": null, \""transform_dict\"": null, \""holiday_countries_used\"": false, \""lags\"": null, \""forward_lags\"": 2}, \""2\"": {}}}""}, ""727a69c39da55c22e462197e5cede5c2"": {""Model"": ""WindowRegression"", ""ModelParameters"": ""{\""window_size\"": 10, \""input_dim\"": \""univariate\"", \""output_dim\"": \""1step\"", \""normalize_window\"": false, \""max_windows\"": 5000000, \""fourier_encoding_components\"": null, \""scale\"": true, \""datepart_method\"": null, \""regression_type\"": null, \""regression_model\"": {\""model\"": \""SVM\"", \""model_params\"": {\""C\"": 0.1, \""tol\"": 0.001, \""epsilon\"": 0.0, \""loss\"": \""squared_epsilon_insensitive\"", \""max_iter\"": 50}}}"", ""TransformationParameters"": ""{\""fillna\"": \""ffill\"", \""transformations\"": {\""0\"": \""MinMaxScaler\""}, \""transformation_params\"": {\""0\"": {}}}""}, ""474b2b4c4272ab687933f5d9bc0a6613"": {""Model"": ""WindowRegression"", ""ModelParameters"": ""{\""window_size\"": 10, \""input_dim\"": \""univariate\"", \""output_dim\"": \""1step\"", \""normalize_window\"": false, \""max_windows\"": 5000000, \""fourier_encoding_components\"": null, \""scale\"": true, \""datepart_method\"": null, \""regression_type\"": null, \""regression_model\"": {\""model\"": \""SVM\"", \""model_params\"": {\""C\"": 0.1, \""tol\"": 0.001, \""epsilon\"": 0.0, \""loss\"": \""squared_epsilon_insensitive\"", \""max_iter\"": 50}}}"", ""TransformationParameters"": ""{\""fillna\"": \""ffill\"", \""transformations\"": {\""0\"": \""DatepartRegression\"", \""1\"": \""MinMaxScaler\""}, \""transformation_params\"": {\""0\"": {\""regression_model\"": {\""model\"": \""ElasticNet\"", \""model_params\"": {\""l1_ratio\"": 0.5, \""fit_intercept\"": true, \""selection\"": \""cyclic\"", \""max_iter\"": 1000}}, \""datepart_method\"": \""anchored_segment_fourier:us_school\"", \""polynomial_degree\"": null, \""transform_dict\"": null, \""holiday_countries_used\"": false, \""lags\"": null, \""forward_lags\"": null}, \""1\"": {}}}""}}, ""point_method"": ""median"", ""model_weights"": {}}","{""fillna"": ""fake_date"", ""transformations"": {""0"": ""AlignLastValue"", ""1"": ""AlignLastValue""}, ""transformation_params"": {""0"": {""rows"": 1, ""lag"": 1, ""method"": ""multiplicative"", ""strength"": 1.0, ""first_value_only"": false, ""threshold"": null, ""threshold_method"": ""mean""}, ""1"": {""rows"": 1, ""lag"": 1, ""method"": ""multiplicative"", ""strength"": 1.0, ""first_value_only"": true, ""threshold"": 10, ""threshold_method"": ""max""}}}",1,7,14.56116408024734,1.0081089778214596,1.257562190158812,0.9396173571154472,1.0081089778214596,0.0,-450.300892009423,0.9068723135240558,184.8077640180965,0.7209379929142801,0.4031489814005406,0.63015873015873,0.5095238095238095,3.2329802563823877,0.7301587301587301,1.5065788873107764,0.7708828304349132,3.7028183446839096,1.3339312303043744,0.8202846450704807,41.87299505868132,21.3798603995769,10.322267770321613,0.06391732993751054,14.56116408024734,1.0081089778214596,1.257562190158812,0.9396173571154472,1.0081089778214596,0.0,0.9068723135240558,0.7209379929142801,0.4031489814005406,3.2329802563823877,0.7301587301587301,1.5065788873107764,0.7708828304349132,3.7028183446839096,1.3339312303043744,0.8202846450704807,41.87299505868132,21.3798603995769,10.322267770321613,0.06391732993751054,0.63015873015873,0.5095238095238095,4.875314285714286,25.663826625486006,15.949609806019351,Wh,15.949609806019351,Wh
212,8a40988d42b2dd36eda971a110a14c08,WindowRegression,"{""window_size"": 10, ""input_dim"": ""univariate"", ""output_dim"": ""1step"", ""normalize_window"": false, ""max_windows"": 5000000, ""fourier_encoding_components"": null, ""scale"": true, ""datepart_method"": null, ""regression_type"": null, ""regression_model"": {""model"": ""Ridge"", ""model_params"": {""alpha"": 1e-05}}}","{""fillna"": ""ffill"", ""transformations"": {""0"": ""Scaler"", ""1"": ""Detrend"", ""2"": ""DatepartRegression"", ""3"": ""Detrend"", ""4"": ""DatepartRegression""}, ""transformation_params"": {""0"": {}, ""1"": {""model"": ""Linear"", ""phi"": 1, ""window"": null, ""transform_dict"": {""fillna"": null, ""transformations"": {""0"": ""EWMAFilter""}, ""transformation_params"": {""0"": {""span"": 2}}}}, ""2"": {""regression_model"": {""model"": ""ElasticNet"", ""model_params"": {""l1_ratio"": 0.5, ""fit_intercept"": true, ""selection"": ""cyclic"", ""max_iter"": 1000}}, ""datepart_method"": ""common_fourier"", ""polynomial_degree"": null, ""transform_dict"": null, ""holiday_countries_used"": false, ""lags"": null, ""forward_lags"": null}, ""3"": {""model"": ""GLS"", ""phi"": 1, ""window"": null, ""transform_dict"": null}, ""4"": {""regression_model"": {""model"": ""DecisionTree"", ""model_params"": {""max_depth"": null, ""min_samples_split"": 0.05}}, ""datepart_method"": [52, ""quarter""], ""polynomial_degree"": null, ""transform_dict"": null, ""holiday_countries_used"": true, ""lags"": null, ""forward_lags"": 1}}}",0,1,14.107281186796532,0.8704692567993695,1.0912255849447123,1.162456167925562,0.8704692567993695,0.0,-16.901828565681335,0.6334877661075966,61.44040454626192,0.8073758386623009,0.5309388266966862,0.5111111111111111,0.4888888888888889,3.0709379393833016,0.7444444444444445,1.6144488753000317,0.6452446969620937,3.3701490430492838,1.7611116001684757,0.9042273751949103,44.538575980580575,26.669517163169008,17.73881203693503,0.08070040608027447,14.107281186796532,0.8704692567993695,1.0912255849447123,1.162456167925562,0.8704692567993695,0.0,0.6334877661075966,0.8073758386623009,0.5309388266966862,3.0709379393833016,0.7444444444444445,1.6144488753000317,0.6452446969620937,3.3701490430492838,1.7611116001684757,0.9042273751949103,44.538575980580575,26.669517163169008,17.73881203693503,0.08070040608027447,0.5111111111111111,0.4888888888888889,0.7463,25.598439272244732,12.521188918850266,Wh,12.521188918850266,Wh
213,62f924c55d7ee62a09479586a234a145,ARIMA,"{""p"": 7, ""d"": 1, ""q"": 0, ""regression_type"": null}","{""fillna"": ""ffill"", ""transformations"": {""0"": ""Scaler"", ""1"": ""Detrend"", ""2"": ""DatepartRegression""}, ""transformation_params"": {""0"": {}, ""1"": {""model"": ""Linear"", ""phi"": 1, ""window"": 30, ""transform_dict"": null}, ""2"": {""regression_model"": {""model"": ""ElasticNet"", ""model_params"": {""l1_ratio"": 0.5, ""fit_intercept"": true, ""selection"": ""cyclic"", ""max_iter"": 1000}}, ""datepart_method"": ""common_fourier"", ""polynomial_degree"": null, ""transform_dict"": null, ""holiday_countries_used"": false, ""lags"": null, ""forward_lags"": null}}}",0,1,9.251531580160211,0.5693516605776388,0.7272794604611114,0.5485842876746193,0.5693516605776388,0.0,-5.547319312345833,0.4223047059462908,45.69433013964165,0.5612686971167629,1.068771950639078,1.0,0.5444444444444444,2.3524601283515647,0.9777777777777777,1.3044120555757563,0.41075683323335654,2.065918159159402,0.6423360743927138,0.04019606897468558,40.147010827295816,29.575984185249027,21.65806502780415,0.07274323449596996,9.251531580160211,0.5693516605776388,0.7272794604611114,0.5485842876746193,0.5693516605776388,0.0,0.4223047059462908,0.5612686971167629,1.068771950639078,2.3524601283515647,0.9777777777777777,1.3044120555757563,0.41075683323335654,2.065918159159402,0.6423360743927138,0.04019606897468558,40.147010827295816,29.575984185249027,21.65806502780415,0.07274323449596996,1.0,0.5444444444444444,0.1107,25.53248511517229,8.18978918286697,Wh,8.18978918286697,Wh
214,0395c0343db6e5f5710cf512d234466d,WindowRegression,"{""window_size"": 10, ""input_dim"": ""univariate"", ""output_dim"": ""1step"", ""normalize_window"": false, ""max_windows"": 5000000, ""fourier_encoding_components"": null, ""scale"": true, ""datepart_method"": null, ""regression_type"": null, ""regression_model"": {""model"": ""Ridge"", ""model_params"": {""alpha"": 1e-05}}}","{""fillna"": ""ffill"", ""transformations"": {""0"": ""Scaler"", ""1"": ""Detrend"", ""2"": ""DatepartRegression"", ""3"": ""MinMaxScaler""}, ""transformation_params"": {""0"": {}, ""1"": {""model"": ""Linear"", ""phi"": 1, ""window"": 30, ""transform_dict"": null}, ""2"": {""regression_model"": {""model"": ""DecisionTree"", ""model_params"": {""max_depth"": 9, ""min_samples_split"": 2}}, ""datepart_method"": [52, ""quarter""], ""polynomial_degree"": null, ""transform_dict"": null, ""holiday_countries_used"": false, ""lags"": null, ""forward_lags"": null}, ""3"": {}}}",0,1,13.983516144925117,0.7876579581119202,1.0334306828941746,1.1710565269652178,0.7876579581119202,0.0,-38.20608452968476,0.6685582877154661,32.68313170038805,0.6416659112946254,0.5842440943866503,0.4,0.4666666666666667,3.924920853850548,0.9,1.4508120737840715,0.5631431038536234,3.409852110345493,1.559492724740833,0.9016651268138051,5.522952829296704,7.043441835228291,19.911306428547682,0.010007157307426668,13.983516144925117,0.7876579581119202,1.0334306828941746,1.1710565269652178,0.7876579581119202,0.0,0.6685582877154661,0.6416659112946254,0.5842440943866503,3.924920853850548,0.9,1.4508120737840715,0.5631431038536234,3.409852110345493,1.559492724740833,0.9016651268138051,5.522952829296704,7.043441835228291,19.911306428547682,0.010007157307426668,0.4,0.4666666666666667,0.3559,25.424133912376085,11.329997033115603,Wh,11.329997033115603,Wh
215,bc60e80b0fdf8efb09916422bddefe2f,Ensemble,"{""model_name"": ""BestN"", ""model_count"": 3, ""model_metric"": ""bestn_horizontal"", ""models"": {""a8ddd1ef89834c17140b9aab182e2ad4"": {""Model"": ""RollingRegression"", ""ModelParameters"": ""{\""regression_model\"": {\""model\"": \""ExtraTrees\"", \""model_params\"": {\""n_estimators\"": 100, \""min_samples_leaf\"": 1, \""min_samples_split\"": 2, \""max_depth\"": null, \""criterion\"": \""squared_error\"", \""max_features\"": 1}}, \""holiday\"": true, \""mean_rolling_periods\"": 7, \""macd_periods\"": 46, \""std_rolling_periods\"": 7, \""max_rolling_periods\"": 12, \""min_rolling_periods\"": 2, \""ewm_var_alpha\"": null, \""quantile90_rolling_periods\"": null, \""quantile10_rolling_periods\"": null, \""ewm_alpha\"": null, \""additional_lag_periods\"": 90, \""abs_energy\"": false, \""rolling_autocorr_periods\"": null, \""nonzero_last_n\"": null, \""add_date_part\"": \""simple_2\"", \""polynomial_degree\"": null, \""x_transform\"": null, \""regression_type\"": null}"", ""TransformationParameters"": ""{\""fillna\"": \""ffill\"", \""transformations\"": {\""0\"": \""Scaler\"", \""1\"": \""Detrend\"", \""2\"": \""DatepartRegression\""}, \""transformation_params\"": {\""0\"": {}, \""1\"": {\""model\"": \""Linear\"", \""phi\"": 1, \""window\"": 30, \""transform_dict\"": null}, \""2\"": {\""regression_model\"": {\""model\"": \""ElasticNet\"", \""model_params\"": {\""l1_ratio\"": 0.5, \""fit_intercept\"": true, \""selection\"": \""cyclic\"", \""max_iter\"": 1000}}, \""datepart_method\"": \""common_fourier\"", \""polynomial_degree\"": null, \""transform_dict\"": null, \""holiday_countries_used\"": false, \""lags\"": null, \""forward_lags\"": null}}}""}, ""a6a1477ee2b31d009999314fa5df12a0"": {""Model"": ""ARIMA"", ""ModelParameters"": ""{\""p\"": 4, \""d\"": 0, \""q\"": 0, \""regression_type\"": \""Holiday\""}"", ""TransformationParameters"": ""{\""fillna\"": \""ffill\"", \""transformations\"": {\""0\"": \""Scaler\"", \""1\"": \""Detrend\"", \""2\"": \""DatepartRegression\""}, \""transformation_params\"": {\""0\"": {}, \""1\"": {\""model\"": \""Linear\"", \""phi\"": 1, \""window\"": 30, \""transform_dict\"": null}, \""2\"": {\""regression_model\"": {\""model\"": \""ElasticNet\"", \""model_params\"": {\""l1_ratio\"": 0.5, \""fit_intercept\"": true, \""selection\"": \""cyclic\"", \""max_iter\"": 1000}}, \""datepart_method\"": \""common_fourier\"", \""polynomial_degree\"": null, \""transform_dict\"": null, \""holiday_countries_used\"": false, \""lags\"": null, \""forward_lags\"": null}}}""}}, ""model_weights"": {""92d666001d3288989025051fecaf3542"": 3.0, ""a8ddd1ef89834c17140b9aab182e2ad4"": 2.0, ""a6a1477ee2b31d009999314fa5df12a0"": 1.0}, ""point_method"": ""mean""}","{""fillna"": ""quadratic"", ""transformations"": {""0"": ""AlignLastValue"", ""1"": ""ChangepointDetrend""}, ""transformation_params"": {""0"": {""rows"": 1, ""lag"": 1, ""method"": ""multiplicative"", ""strength"": 1.0, ""first_value_only"": false, ""threshold"": null, ""threshold_method"": ""mean""}, ""1"": {""model"": ""Linear"", ""changepoint_spacing"": 180, ""changepoint_distance_end"": 360, ""datepart_method"": null}}}",1,2,14.074294703031885,0.9430771638645887,1.1571380569551086,0.5655264993780984,0.9430771638645887,0.0,-108.24121924971264,0.8380706799335991,61.51267024591334,0.6996002821200432,0.44289779297648035,0.5777777777777777,0.538888888888889,3.623761451898755,0.8888888888888888,1.424056351795933,0.7313041134552714,3.0941201540207612,1.3647371336268543,0.04647626503730691,77.70866907460717,40.91449224699372,25.388501566112136,0.12566239421022535,14.074294703031885,0.9430771638645887,1.1571380569551086,0.5655264993780984,0.9430771638645887,0.0,0.8380706799335991,0.6996002821200432,0.44289779297648035,3.623761451898755,0.8888888888888888,1.424056351795933,0.7313041134552714,3.0941201540207612,1.3647371336268543,0.04647626503730691,77.70866907460717,40.91449224699372,25.388501566112136,0.12566239421022535,0.5777777777777777,0.538888888888889,13.869299999999999,25.1391819453291,18.016572861934577,Wh,18.016572861934577,Wh
216,1ac534b93fb2b21a2b5f550fcea43d05,RollingRegression,"{""regression_model"": {""model"": ""ExtraTrees"", ""model_params"": {""n_estimators"": 100, ""min_samples_leaf"": 1, ""min_samples_split"": 2, ""max_depth"": null, ""criterion"": ""squared_error"", ""max_features"": 1}}, ""holiday"": true, ""mean_rolling_periods"": 12, ""macd_periods"": 24, ""std_rolling_periods"": null, ""max_rolling_periods"": 12, ""min_rolling_periods"": null, ""ewm_var_alpha"": null, ""quantile90_rolling_periods"": null, ""quantile10_rolling_periods"": null, ""ewm_alpha"": null, ""additional_lag_periods"": 6, ""abs_energy"": false, ""rolling_autocorr_periods"": null, ""nonzero_last_n"": null, ""add_date_part"": null, ""polynomial_degree"": null, ""x_transform"": null, ""regression_type"": null}","{""fillna"": ""ffill"", ""transformations"": {""0"": ""Scaler"", ""1"": ""Detrend"", ""2"": ""DatepartRegression""}, ""transformation_params"": {""0"": {}, ""1"": {""model"": ""GLS"", ""phi"": 1, ""window"": 30, ""transform_dict"": {""fillna"": null, ""transformations"": {""0"": ""bkfilter""}, ""transformation_params"": {""0"": {}}}}, ""2"": {""regression_model"": {""model"": ""ElasticNet"", ""model_params"": {""l1_ratio"": 0.5, ""fit_intercept"": true, ""selection"": ""cyclic"", ""max_iter"": 1000}}, ""datepart_method"": ""common_fourier"", ""polynomial_degree"": null, ""transform_dict"": null, ""holiday_countries_used"": false, ""lags"": null, ""forward_lags"": null}}}",0,1,13.98271604044747,0.8939545097483271,1.046785208396451,0.5672521670902533,0.8939545097483271,0.0,-0.43788867384163854,0.601779649378786,80.0180172035078,0.8935911031432971,0.5002397130090573,0.9111111111111111,0.5222222222222223,2.4509420659981416,0.9111111111111111,1.4829929220941003,0.700764736660194,3.747118692919445,1.6804330484605001,0.1261552350828257,79.58012852966615,43.63422314972875,20.2189762270994,0.1441929506472016,13.98271604044747,0.8939545097483271,1.046785208396451,0.5672521670902533,0.8939545097483271,0.0,0.601779649378786,0.8935911031432971,0.5002397130090573,2.4509420659981416,0.9111111111111111,1.4829929220941003,0.700764736660194,3.747118692919445,1.6804330484605001,0.1261552350828257,79.58012852966615,43.63422314972875,20.2189762270994,0.1441929506472016,0.9111111111111111,0.5222222222222223,6.8253,25.115305551472144,12.859010486566655,Wh,12.859010486566655,Wh
217,d7812b1579b4881a060bf440eb208b97,Ensemble,"{""model_name"": ""BestN"", ""model_count"": 3, ""model_metric"": ""best_score"", ""models"": {""860cd5b05944ecb82d3157f8432afabb"": {""Model"": ""WindowRegression"", ""ModelParameters"": ""{\""window_size\"": 10, \""input_dim\"": \""univariate\"", \""output_dim\"": \""1step\"", \""normalize_window\"": false, \""max_windows\"": 5000000, \""fourier_encoding_components\"": null, \""scale\"": true, \""datepart_method\"": null, \""regression_type\"": null, \""regression_model\"": {\""model\"": \""SVM\"", \""model_params\"": {\""C\"": 0.1, \""tol\"": 0.001, \""epsilon\"": 0.0, \""loss\"": \""squared_epsilon_insensitive\"", \""max_iter\"": 50}}}"", ""TransformationParameters"": ""{\""fillna\"": \""pchip\"", \""transformations\"": {\""0\"": \""Scaler\""}, \""transformation_params\"": {\""0\"": {}}}""}, ""c0b1c7a0ef49e381d5aea93045d68ec6"": {""Model"": ""WindowRegression"", ""ModelParameters"": ""{\""window_size\"": 10, \""input_dim\"": \""univariate\"", \""output_dim\"": \""1step\"", \""normalize_window\"": false, \""max_windows\"": 5000000, \""fourier_encoding_components\"": null, \""scale\"": true, \""datepart_method\"": null, \""regression_type\"": null, \""regression_model\"": {\""model\"": \""SVM\"", \""model_params\"": {\""C\"": 0.1, \""tol\"": 0.001, \""epsilon\"": 0.0, \""loss\"": \""squared_epsilon_insensitive\"", \""max_iter\"": 50}}}"", ""TransformationParameters"": ""{\""fillna\"": \""ffill\"", \""transformations\"": {\""0\"": \""DatepartRegression\"", \""1\"": \""DatepartRegression\"", \""2\"": \""MinMaxScaler\"", \""3\"": \""Scaler\""}, \""transformation_params\"": {\""0\"": {\""regression_model\"": {\""model\"": \""ElasticNet\"", \""model_params\"": {\""l1_ratio\"": 0.5, \""fit_intercept\"": true, \""selection\"": \""cyclic\"", \""max_iter\"": 1000}}, \""datepart_method\"": \""anchored_segment_fourier:us_school\"", \""polynomial_degree\"": null, \""transform_dict\"": null, \""holiday_countries_used\"": false, \""lags\"": null, \""forward_lags\"": null}, \""1\"": {\""regression_model\"": {\""model\"": \""ElasticNet\"", \""model_params\"": {\""l1_ratio\"": 0.9, \""fit_intercept\"": true, \""selection\"": \""cyclic\"", \""max_iter\"": 200}}, \""datepart_method\"": \""common_fourier\"", \""polynomial_degree\"": null, \""transform_dict\"": null, \""holiday_countries_used\"": false, \""lags\"": null, \""forward_lags\"": 2}, \""2\"": {}, \""3\"": {}}}""}, ""610f0e543b94fb05cd2d59dc7f408967"": {""Model"": ""WindowRegression"", ""ModelParameters"": ""{\""window_size\"": 10, \""input_dim\"": \""univariate\"", \""output_dim\"": \""1step\"", \""normalize_window\"": false, \""max_windows\"": 5000000, \""fourier_encoding_components\"": null, \""scale\"": true, \""datepart_method\"": null, \""regression_type\"": null, \""regression_model\"": {\""model\"": \""SVM\"", \""model_params\"": {\""C\"": 0.1, \""tol\"": 0.001, \""epsilon\"": 0.0, \""loss\"": \""squared_epsilon_insensitive\"", \""max_iter\"": 50}}}"", ""TransformationParameters"": ""{\""fillna\"": \""rolling_mean_24\"", \""transformations\"": {\""0\"": \""DatepartRegression\"", \""1\"": \""DatepartRegression\"", \""2\"": \""MinMaxScaler\""}, \""transformation_params\"": {\""0\"": {\""regression_model\"": {\""model\"": \""ElasticNet\"", \""model_params\"": {\""l1_ratio\"": 0.5, \""fit_intercept\"": true, \""selection\"": \""cyclic\"", \""max_iter\"": 1000}}, \""datepart_method\"": \""anchored_segment_fourier:us_school\"", \""polynomial_degree\"": null, \""transform_dict\"": null, \""holiday_countries_used\"": false, \""lags\"": null, \""forward_lags\"": null}, \""1\"": {\""regression_model\"": {\""model\"": \""ElasticNet\"", \""model_params\"": {\""l1_ratio\"": 0.9, \""fit_intercept\"": true, \""selection\"": \""cyclic\"", \""max_iter\"": 200}}, \""datepart_method\"": \""common_fourier\"", \""polynomial_degree\"": null, \""transform_dict\"": null, \""holiday_countries_used\"": false, \""lags\"": null, \""forward_lags\"": 2}, \""2\"": {}}}""}}, ""model_weights"": {}, ""point_method"": ""mean""}","{""fillna"": ""zero"", ""transformations"": {""0"": ""AnomalyRemoval"", ""1"": ""EWMAFilter"", ""2"": ""AlignLastValue""}, ""transformation_params"": {""0"": {""method"": ""med_diff"", ""method_params"": {""distribution"": ""norm"", ""alpha"": 0.05}, ""fillna"": ""rolling_mean_24"", ""transform_dict"": {""fillna"": null, ""transformations"": {""0"": ""EWMAFilter""}, ""transformation_params"": {""0"": {""span"": 7}}}, ""isolated_only"": false, ""on_inverse"": false}, ""1"": {""span"": 7}, ""2"": {""rows"": 1, ""lag"": 1, ""method"": ""multiplicative"", ""strength"": 1.0, ""first_value_only"": false, ""threshold"": 1, ""threshold_method"": ""max""}}}",1,7,13.99767825824205,0.9854434091656685,1.218913077523579,0.9588626076481978,0.9854434091656685,0.0,-374.2696075718178,0.8440041985451059,246.55974020255334,0.7540502912736723,0.36432205978469756,0.63015873015873,0.5174603174603175,2.9945981479696506,0.7666666666666666,1.481537361561815,0.7571201088736251,3.650684375213498,2.4173596065715985,0.8269532567297108,20.377487965583306,12.690368662594631,11.662153335125483,0.031137294409342302,13.99767825824205,0.9854434091656685,1.218913077523579,0.9588626076481978,0.9854434091656685,0.0,0.8440041985451059,0.7540502912736723,0.36432205978469756,2.9945981479696506,0.7666666666666666,1.481537361561815,0.7571201088736251,3.650684375213498,2.4173596065715985,0.8269532567297108,20.377487965583306,12.690368662594631,11.662153335125483,0.031137294409342302,0.63015873015873,0.5174603174603175,3.376,24.47945988365189,15.577515811767311,Wh,15.577515811767311,Wh
218,4cf3877421f4552576802c2f35eff920,Ensemble,"{""model_name"": ""BestN"", ""model_count"": 5, ""model_metric"": ""bestn_horizontal"", ""models"": {""860cd5b05944ecb82d3157f8432afabb"": {""Model"": ""WindowRegression"", ""ModelParameters"": ""{\""window_size\"": 10, \""input_dim\"": \""univariate\"", \""output_dim\"": \""1step\"", \""normalize_window\"": false, \""max_windows\"": 5000000, \""fourier_encoding_components\"": null, \""scale\"": true, \""datepart_method\"": null, \""regression_type\"": null, \""regression_model\"": {\""model\"": \""SVM\"", \""model_params\"": {\""C\"": 0.1, \""tol\"": 0.001, \""epsilon\"": 0.0, \""loss\"": \""squared_epsilon_insensitive\"", \""max_iter\"": 50}}}"", ""TransformationParameters"": ""{\""fillna\"": \""pchip\"", \""transformations\"": {\""0\"": \""Scaler\""}, \""transformation_params\"": {\""0\"": {}}}""}, ""c0b1c7a0ef49e381d5aea93045d68ec6"": {""Model"": ""WindowRegression"", ""ModelParameters"": ""{\""window_size\"": 10, \""input_dim\"": \""univariate\"", \""output_dim\"": \""1step\"", \""normalize_window\"": false, \""max_windows\"": 5000000, \""fourier_encoding_components\"": null, \""scale\"": true, \""datepart_method\"": null, \""regression_type\"": null, \""regression_model\"": {\""model\"": \""SVM\"", \""model_params\"": {\""C\"": 0.1, \""tol\"": 0.001, \""epsilon\"": 0.0, \""loss\"": \""squared_epsilon_insensitive\"", \""max_iter\"": 50}}}"", ""TransformationParameters"": ""{\""fillna\"": \""ffill\"", \""transformations\"": {\""0\"": \""DatepartRegression\"", \""1\"": \""DatepartRegression\"", \""2\"": \""MinMaxScaler\"", \""3\"": \""Scaler\""}, \""transformation_params\"": {\""0\"": {\""regression_model\"": {\""model\"": \""ElasticNet\"", \""model_params\"": {\""l1_ratio\"": 0.5, \""fit_intercept\"": true, \""selection\"": \""cyclic\"", \""max_iter\"": 1000}}, \""datepart_method\"": \""anchored_segment_fourier:us_school\"", \""polynomial_degree\"": null, \""transform_dict\"": null, \""holiday_countries_used\"": false, \""lags\"": null, \""forward_lags\"": null}, \""1\"": {\""regression_model\"": {\""model\"": \""ElasticNet\"", \""model_params\"": {\""l1_ratio\"": 0.9, \""fit_intercept\"": true, \""selection\"": \""cyclic\"", \""max_iter\"": 200}}, \""datepart_method\"": \""common_fourier\"", \""polynomial_degree\"": null, \""transform_dict\"": null, \""holiday_countries_used\"": false, \""lags\"": null, \""forward_lags\"": 2}, \""2\"": {}, \""3\"": {}}}""}, ""610f0e543b94fb05cd2d59dc7f408967"": {""Model"": ""WindowRegression"", ""ModelParameters"": ""{\""window_size\"": 10, \""input_dim\"": \""univariate\"", \""output_dim\"": \""1step\"", \""normalize_window\"": false, \""max_windows\"": 5000000, \""fourier_encoding_components\"": null, \""scale\"": true, \""datepart_method\"": null, \""regression_type\"": null, \""regression_model\"": {\""model\"": \""SVM\"", \""model_params\"": {\""C\"": 0.1, \""tol\"": 0.001, \""epsilon\"": 0.0, \""loss\"": \""squared_epsilon_insensitive\"", \""max_iter\"": 50}}}"", ""TransformationParameters"": ""{\""fillna\"": \""rolling_mean_24\"", \""transformations\"": {\""0\"": \""DatepartRegression\"", \""1\"": \""DatepartRegression\"", \""2\"": \""MinMaxScaler\""}, \""transformation_params\"": {\""0\"": {\""regression_model\"": {\""model\"": \""ElasticNet\"", \""model_params\"": {\""l1_ratio\"": 0.5, \""fit_intercept\"": true, \""selection\"": \""cyclic\"", \""max_iter\"": 1000}}, \""datepart_method\"": \""anchored_segment_fourier:us_school\"", \""polynomial_degree\"": null, \""transform_dict\"": null, \""holiday_countries_used\"": false, \""lags\"": null, \""forward_lags\"": null}, \""1\"": {\""regression_model\"": {\""model\"": \""ElasticNet\"", \""model_params\"": {\""l1_ratio\"": 0.9, \""fit_intercept\"": true, \""selection\"": \""cyclic\"", \""max_iter\"": 200}}, \""datepart_method\"": \""common_fourier\"", \""polynomial_degree\"": null, \""transform_dict\"": null, \""holiday_countries_used\"": false, \""lags\"": null, \""forward_lags\"": 2}, \""2\"": {}}}""}, ""727a69c39da55c22e462197e5cede5c2"": {""Model"": ""WindowRegression"", ""ModelParameters"": ""{\""window_size\"": 10, \""input_dim\"": \""univariate\"", \""output_dim\"": \""1step\"", \""normalize_window\"": false, \""max_windows\"": 5000000, \""fourier_encoding_components\"": null, \""scale\"": true, \""datepart_method\"": null, \""regression_type\"": null, \""regression_model\"": {\""model\"": \""SVM\"", \""model_params\"": {\""C\"": 0.1, \""tol\"": 0.001, \""epsilon\"": 0.0, \""loss\"": \""squared_epsilon_insensitive\"", \""max_iter\"": 50}}}"", ""TransformationParameters"": ""{\""fillna\"": \""ffill\"", \""transformations\"": {\""0\"": \""MinMaxScaler\""}, \""transformation_params\"": {\""0\"": {}}}""}, ""474b2b4c4272ab687933f5d9bc0a6613"": {""Model"": ""WindowRegression"", ""ModelParameters"": ""{\""window_size\"": 10, \""input_dim\"": \""univariate\"", \""output_dim\"": \""1step\"", \""normalize_window\"": false, \""max_windows\"": 5000000, \""fourier_encoding_components\"": null, \""scale\"": true, \""datepart_method\"": null, \""regression_type\"": null, \""regression_model\"": {\""model\"": \""SVM\"", \""model_params\"": {\""C\"": 0.1, \""tol\"": 0.001, \""epsilon\"": 0.0, \""loss\"": \""squared_epsilon_insensitive\"", \""max_iter\"": 50}}}"", ""TransformationParameters"": ""{\""fillna\"": \""ffill\"", \""transformations\"": {\""0\"": \""DatepartRegression\"", \""1\"": \""MinMaxScaler\""}, \""transformation_params\"": {\""0\"": {\""regression_model\"": {\""model\"": \""ElasticNet\"", \""model_params\"": {\""l1_ratio\"": 0.5, \""fit_intercept\"": true, \""selection\"": \""cyclic\"", \""max_iter\"": 1000}}, \""datepart_method\"": \""anchored_segment_fourier:us_school\"", \""polynomial_degree\"": null, \""transform_dict\"": null, \""holiday_countries_used\"": false, \""lags\"": null, \""forward_lags\"": null}, \""1\"": {}}}""}}, ""point_method"": ""median"", ""model_weights"": {}}","{""fillna"": ""zero"", ""transformations"": {""0"": ""AnomalyRemoval"", ""1"": ""EWMAFilter"", ""2"": ""AlignLastValue""}, ""transformation_params"": {""0"": {""method"": ""med_diff"", ""method_params"": {""distribution"": ""norm"", ""alpha"": 0.05}, ""fillna"": ""rolling_mean_24"", ""transform_dict"": {""fillna"": null, ""transformations"": {""0"": ""EWMAFilter""}, ""transformation_params"": {""0"": {""span"": 7}}}, ""isolated_only"": false, ""on_inverse"": false}, ""1"": {""span"": 7}, ""2"": {""rows"": 1, ""lag"": 1, ""method"": ""multiplicative"", ""strength"": 1.0, ""first_value_only"": false, ""threshold"": 1, ""threshold_method"": ""max""}}}",1,7,13.993165132485627,0.9853062683925004,1.2188736449379756,0.959005071082555,0.9853062683925004,0.0,-373.1347501013184,0.8433023535682899,247.6081989859567,0.7545918870880436,0.3643897922609682,0.63015873015873,0.5174603174603175,2.9968029992992307,0.7666666666666666,1.481409529811237,0.7567124149010106,3.6502256027278888,2.417222555505326,0.8271026480513116,20.307957143953047,12.686052609091599,11.668110699444773,0.031068444517099912,13.993165132485627,0.9853062683925004,1.2188736449379756,0.959005071082555,0.9853062683925004,0.0,0.8433023535682899,0.7545918870880436,0.3643897922609682,2.9968029992992307,0.7666666666666666,1.481409529811237,0.7567124149010106,3.6502256027278888,2.417222555505326,0.8271026480513116,20.307957143953047,12.686052609091599,11.668110699444773,0.031068444517099912,0.63015873015873,0.5174603174603175,5.019142857142858,24.476360690570107,15.574941060585662,Wh,15.574941060585662,Wh
219,a085fca217f32031d7e9224a915d5c8e,Ensemble,"{""model_name"": ""BestN"", ""model_count"": 3, ""model_metric"": ""best_score"", ""models"": {""860cd5b05944ecb82d3157f8432afabb"": {""Model"": ""WindowRegression"", ""ModelParameters"": ""{\""window_size\"": 10, \""input_dim\"": \""univariate\"", \""output_dim\"": \""1step\"", \""normalize_window\"": false, \""max_windows\"": 5000000, \""fourier_encoding_components\"": null, \""scale\"": true, \""datepart_method\"": null, \""regression_type\"": null, \""regression_model\"": {\""model\"": \""SVM\"", \""model_params\"": {\""C\"": 0.1, \""tol\"": 0.001, \""epsilon\"": 0.0, \""loss\"": \""squared_epsilon_insensitive\"", \""max_iter\"": 50}}}"", ""TransformationParameters"": ""{\""fillna\"": \""pchip\"", \""transformations\"": {\""0\"": \""Scaler\""}, \""transformation_params\"": {\""0\"": {}}}""}, ""c0b1c7a0ef49e381d5aea93045d68ec6"": {""Model"": ""WindowRegression"", ""ModelParameters"": ""{\""window_size\"": 10, \""input_dim\"": \""univariate\"", \""output_dim\"": \""1step\"", \""normalize_window\"": false, \""max_windows\"": 5000000, \""fourier_encoding_components\"": null, \""scale\"": true, \""datepart_method\"": null, \""regression_type\"": null, \""regression_model\"": {\""model\"": \""SVM\"", \""model_params\"": {\""C\"": 0.1, \""tol\"": 0.001, \""epsilon\"": 0.0, \""loss\"": \""squared_epsilon_insensitive\"", \""max_iter\"": 50}}}"", ""TransformationParameters"": ""{\""fillna\"": \""ffill\"", \""transformations\"": {\""0\"": \""DatepartRegression\"", \""1\"": \""DatepartRegression\"", \""2\"": \""MinMaxScaler\"", \""3\"": \""Scaler\""}, \""transformation_params\"": {\""0\"": {\""regression_model\"": {\""model\"": \""ElasticNet\"", \""model_params\"": {\""l1_ratio\"": 0.5, \""fit_intercept\"": true, \""selection\"": \""cyclic\"", \""max_iter\"": 1000}}, \""datepart_method\"": \""anchored_segment_fourier:us_school\"", \""polynomial_degree\"": null, \""transform_dict\"": null, \""holiday_countries_used\"": false, \""lags\"": null, \""forward_lags\"": null}, \""1\"": {\""regression_model\"": {\""model\"": \""ElasticNet\"", \""model_params\"": {\""l1_ratio\"": 0.9, \""fit_intercept\"": true, \""selection\"": \""cyclic\"", \""max_iter\"": 200}}, \""datepart_method\"": \""common_fourier\"", \""polynomial_degree\"": null, \""transform_dict\"": null, \""holiday_countries_used\"": false, \""lags\"": null, \""forward_lags\"": 2}, \""2\"": {}, \""3\"": {}}}""}, ""610f0e543b94fb05cd2d59dc7f408967"": {""Model"": ""WindowRegression"", ""ModelParameters"": ""{\""window_size\"": 10, \""input_dim\"": \""univariate\"", \""output_dim\"": \""1step\"", \""normalize_window\"": false, \""max_windows\"": 5000000, \""fourier_encoding_components\"": null, \""scale\"": true, \""datepart_method\"": null, \""regression_type\"": null, \""regression_model\"": {\""model\"": \""SVM\"", \""model_params\"": {\""C\"": 0.1, \""tol\"": 0.001, \""epsilon\"": 0.0, \""loss\"": \""squared_epsilon_insensitive\"", \""max_iter\"": 50}}}"", ""TransformationParameters"": ""{\""fillna\"": \""rolling_mean_24\"", \""transformations\"": {\""0\"": \""DatepartRegression\"", \""1\"": \""DatepartRegression\"", \""2\"": \""MinMaxScaler\""}, \""transformation_params\"": {\""0\"": {\""regression_model\"": {\""model\"": \""ElasticNet\"", \""model_params\"": {\""l1_ratio\"": 0.5, \""fit_intercept\"": true, \""selection\"": \""cyclic\"", \""max_iter\"": 1000}}, \""datepart_method\"": \""anchored_segment_fourier:us_school\"", \""polynomial_degree\"": null, \""transform_dict\"": null, \""holiday_countries_used\"": false, \""lags\"": null, \""forward_lags\"": null}, \""1\"": {\""regression_model\"": {\""model\"": \""ElasticNet\"", \""model_params\"": {\""l1_ratio\"": 0.9, \""fit_intercept\"": true, \""selection\"": \""cyclic\"", \""max_iter\"": 200}}, \""datepart_method\"": \""common_fourier\"", \""polynomial_degree\"": null, \""transform_dict\"": null, \""holiday_countries_used\"": false, \""lags\"": null, \""forward_lags\"": 2}, \""2\"": {}}}""}}, ""model_weights"": {}, ""point_method"": ""mean""}","{""fillna"": ""fake_date"", ""transformations"": {""0"": ""FIRFilter"", ""1"": ""AlignLastValue"", ""2"": ""AlignLastValue""}, ""transformation_params"": {""0"": {""numtaps"": 32, ""cutoff_hz"": 0.1, ""window"": ""triang"", ""sampling_frequency"": 12, ""on_transform"": false, ""on_inverse"": true, ""bounds_only"": true}, ""1"": {""rows"": 1, ""lag"": 1, ""method"": ""multiplicative"", ""strength"": 1.0, ""first_value_only"": false, ""threshold"": null, ""threshold_method"": ""mean""}, ""2"": {""rows"": 1, ""lag"": 1, ""method"": ""multiplicative"", ""strength"": 1.0, ""first_value_only"": true, ""threshold"": 10, ""threshold_method"": ""max""}}}",1,7,14.610320681147671,1.0107712903573256,1.2601933874766982,0.9387314571311202,1.0107712903573256,0.0,-454.9360664480347,0.9112983444733809,181.84984647708026,0.7204038201408967,0.2971438640443446,0.7444444444444445,0.5079365079365079,3.239982799290974,0.7285714285714285,1.5086961567128667,0.7735609462154786,3.712213435227453,1.3406084510159801,0.8193544956476929,42.63982274797955,21.633401013607276,10.264273860350647,0.06502941890646076,14.610320681147671,1.0107712903573256,1.2601933874766982,0.9387314571311202,1.0107712903573256,0.0,0.9112983444733809,0.7204038201408967,0.2971438640443446,3.239982799290974,0.7285714285714285,1.5086961567128667,0.7735609462154786,3.712213435227453,1.3406084510159801,0.8193544956476929,42.63982274797955,21.633401013607276,10.264273860350647,0.06502941890646076,0.7444444444444445,0.5079365079365079,3.445185714285714,24.451167476333108,15.996981757465628,Wh,15.996981757465628,Wh
220,37a6e4956872425df5058dabbc3403aa,ARIMA,"{""p"": 5, ""d"": 1, ""q"": 2, ""regression_type"": null}","{""fillna"": ""ffill"", ""transformations"": {""0"": ""MinMaxScaler"", ""1"": ""Detrend""}, ""transformation_params"": {""0"": {}, ""1"": {""model"": ""Linear"", ""phi"": 1, ""window"": 30, ""transform_dict"": null}}}",0,2,10.921980151422389,0.759538399222064,0.959088974060233,0.5871246154055678,0.759538399222064,0.0,-23.505471637493578,0.5295011062838715,113.21144022247796,0.7304470784797259,0.7250501159943518,0.9944444444444445,0.5277777777777777,4.378346534197581,0.9444444444444444,1.3653589182252843,0.5745133332476617,3.209793163549439,3.6662343561162047,0.08588337011236853,44.85298429249219,17.55396347707953,22.204090465348095,0.06874099512546786,10.921980151422389,0.759538399222064,0.959088974060233,0.5871246154055678,0.759538399222064,0.0,0.5295011062838715,0.7304470784797259,0.7250501159943518,4.378346534197581,0.9444444444444444,1.3653589182252843,0.5745133332476617,3.209793163549439,3.6662343561162047,0.08588337011236853,44.85298429249219,17.55396347707953,22.204090465348095,0.06874099512546786,0.9944444444444445,0.5277777777777777,0.45709999999999995,24.409798711816713,15.314443625450942,Wh,15.314443625450942,Wh
221,e01cb39daaa681bd5c2e08f06dd99846,ARIMA,"{""p"": 5, ""d"": 1, ""q"": 2, ""regression_type"": null}","{""fillna"": ""rolling_mean"", ""transformations"": {""0"": ""Scaler"", ""1"": ""Detrend"", ""2"": ""DatepartRegression""}, ""transformation_params"": {""0"": {}, ""1"": {""model"": ""Linear"", ""phi"": 1, ""window"": 30, ""transform_dict"": null}, ""2"": {""regression_model"": {""model"": ""ElasticNet"", ""model_params"": {""l1_ratio"": 0.5, ""fit_intercept"": true, ""selection"": ""cyclic"", ""max_iter"": 1000}}, ""datepart_method"": ""common_fourier"", ""polynomial_degree"": null, ""transform_dict"": null, ""holiday_countries_used"": false, ""lags"": null, ""forward_lags"": null}}}",0,2,10.918504154438136,0.7593356356499871,0.9589054525684326,0.5872934448338654,0.7593356356499871,0.0,-24.324766437718672,0.53034921670198,112.355647979279,0.7289401683987472,0.7238002625012404,0.9944444444444445,0.5277777777777777,4.380801629054574,0.9444444444444444,1.3651517328721752,0.5751513898984868,3.2218992518256346,3.6822203674512552,0.0855179229158807,44.01544077078017,17.03948362477685,22.210318928216743,0.06718859281631559,10.918504154438136,0.7593356356499871,0.9589054525684326,0.5872934448338654,0.7593356356499871,0.0,0.53034921670198,0.7289401683987472,0.7238002625012404,4.380801629054574,0.9444444444444444,1.3651517328721752,0.5751513898984868,3.2218992518256346,3.6822203674512552,0.0855179229158807,44.01544077078017,17.03948362477685,22.210318928216743,0.06718859281631559,0.9944444444444445,0.5277777777777777,0.3768,24.38802873207111,15.342551099636045,Wh,15.342551099636045,Wh
222,eb4322a21765871305dea139b6c9ae26,ARIMA,"{""p"": 5, ""d"": 1, ""q"": 2, ""regression_type"": null}","{""fillna"": ""cubic"", ""transformations"": {""0"": ""Scaler"", ""1"": ""Detrend"", ""2"": ""DatepartRegression""}, ""transformation_params"": {""0"": {}, ""1"": {""model"": ""Linear"", ""phi"": 1, ""window"": 30, ""transform_dict"": null}, ""2"": {""regression_model"": {""model"": ""ElasticNet"", ""model_params"": {""l1_ratio"": 0.5, ""fit_intercept"": true, ""selection"": ""cyclic"", ""max_iter"": 1000}}, ""datepart_method"": ""common_fourier"", ""polynomial_degree"": null, ""transform_dict"": null, ""holiday_countries_used"": false, ""lags"": null, ""forward_lags"": null}}}",0,2,10.918504154438136,0.7593356356499871,0.9589054525684326,0.5872934448338654,0.7593356356499871,0.0,-24.324766437718672,0.53034921670198,112.355647979279,0.7289401683987472,0.7238002625012404,0.9944444444444445,0.5277777777777777,4.380801629054574,0.9444444444444444,1.3651517328721752,0.5751513898984868,3.2218992518256346,3.6822203674512552,0.0855179229158807,44.01544077078017,17.03948362477685,22.210318928216743,0.06718859281631559,10.918504154438136,0.7593356356499871,0.9589054525684326,0.5872934448338654,0.7593356356499871,0.0,0.53034921670198,0.7289401683987472,0.7238002625012404,4.380801629054574,0.9444444444444444,1.3651517328721752,0.5751513898984868,3.2218992518256346,3.6822203674512552,0.0855179229158807,44.01544077078017,17.03948362477685,22.210318928216743,0.06718859281631559,0.9944444444444445,0.5277777777777777,0.3447,24.388023001162537,15.342551099636045,Wh,15.342551099636045,Wh
223,1a5b8429a79f096864f6adb53f096d89,ARIMA,"{""p"": 5, ""d"": 1, ""q"": 2, ""regression_type"": null}","{""fillna"": ""akima"", ""transformations"": {""0"": ""Scaler"", ""1"": ""Detrend"", ""2"": ""DatepartRegression""}, ""transformation_params"": {""0"": {}, ""1"": {""model"": ""Linear"", ""phi"": 1, ""window"": 30, ""transform_dict"": null}, ""2"": {""regression_model"": {""model"": ""ElasticNet"", ""model_params"": {""l1_ratio"": 0.5, ""fit_intercept"": true, ""selection"": ""cyclic"", ""max_iter"": 1000}}, ""datepart_method"": ""common_fourier"", ""polynomial_degree"": null, ""transform_dict"": null, ""holiday_countries_used"": false, ""lags"": null, ""forward_lags"": null}}}",0,2,10.918504154438136,0.7593356356499871,0.9589054525684326,0.5872934448338654,0.7593356356499871,0.0,-24.324766437718672,0.53034921670198,112.355647979279,0.7289401683987472,0.7238002625012404,0.9944444444444445,0.5277777777777777,4.380801629054574,0.9444444444444444,1.3651517328721752,0.5751513898984868,3.2218992518256346,3.6822203674512552,0.0855179229158807,44.01544077078017,17.03948362477685,22.210318928216743,0.06718859281631559,10.918504154438136,0.7593356356499871,0.9589054525684326,0.5872934448338654,0.7593356356499871,0.0,0.53034921670198,0.7289401683987472,0.7238002625012404,4.380801629054574,0.9444444444444444,1.3651517328721752,0.5751513898984868,3.2218992518256346,3.6822203674512552,0.0855179229158807,44.01544077078017,17.03948362477685,22.210318928216743,0.06718859281631559,0.9944444444444445,0.5277777777777777,0.33895,24.38802197459792,15.342551099636045,Wh,15.342551099636045,Wh
224,af7dc26aa4ddd6c04461ebdc0b187846,ARIMA,"{""p"": 4, ""d"": 1, ""q"": 2, ""regression_type"": null}","{""fillna"": ""ffill"", ""transformations"": {""0"": ""Scaler"", ""1"": ""Detrend"", ""2"": ""Scaler"", ""3"": ""MinMaxScaler""}, ""transformation_params"": {""0"": {}, ""1"": {""model"": ""Linear"", ""phi"": 1, ""window"": 30, ""transform_dict"": null}, ""2"": {}, ""3"": {}}}",0,2,10.914380147350547,0.7590243869059273,0.9588385272829327,0.5873683958206292,0.7590243869059273,0.0,-24.037990354650738,0.5297721621181076,112.5863992884162,0.7290429043729609,0.7235523964388637,0.9944444444444445,0.5333333333333333,4.379780130060466,0.9444444444444444,1.3650400222035963,0.5745171460196623,3.2177770929583973,3.693239413608879,0.08815806261444331,44.27420446688273,17.21309006790556,22.130844802277785,0.06766925875077887,10.914380147350547,0.7590243869059273,0.9588385272829327,0.5873683958206292,0.7590243869059273,0.0,0.5297721621181076,0.7290429043729609,0.7235523964388637,4.379780130060466,0.9444444444444444,1.3650400222035963,0.5745171460196623,3.2177770929583973,3.693239413608879,0.08815806261444331,44.27420446688273,17.21309006790556,22.130844802277785,0.06766925875077887,0.9944444444444445,0.5333333333333333,0.4605,24.38092250266042,15.330928130524471,Wh,15.330928130524471,Wh
225,3016b20230397a754e49fab4fb007801,Ensemble,"{""model_name"": ""BestN"", ""model_count"": 5, ""model_metric"": ""bestn_horizontal"", ""models"": {""860cd5b05944ecb82d3157f8432afabb"": {""Model"": ""WindowRegression"", ""ModelParameters"": ""{\""window_size\"": 10, \""input_dim\"": \""univariate\"", \""output_dim\"": \""1step\"", \""normalize_window\"": false, \""max_windows\"": 5000000, \""fourier_encoding_components\"": null, \""scale\"": true, \""datepart_method\"": null, \""regression_type\"": null, \""regression_model\"": {\""model\"": \""SVM\"", \""model_params\"": {\""C\"": 0.1, \""tol\"": 0.001, \""epsilon\"": 0.0, \""loss\"": \""squared_epsilon_insensitive\"", \""max_iter\"": 50}}}"", ""TransformationParameters"": ""{\""fillna\"": \""pchip\"", \""transformations\"": {\""0\"": \""Scaler\""}, \""transformation_params\"": {\""0\"": {}}}""}, ""c0b1c7a0ef49e381d5aea93045d68ec6"": {""Model"": ""WindowRegression"", ""ModelParameters"": ""{\""window_size\"": 10, \""input_dim\"": \""univariate\"", \""output_dim\"": \""1step\"", \""normalize_window\"": false, \""max_windows\"": 5000000, \""fourier_encoding_components\"": null, \""scale\"": true, \""datepart_method\"": null, \""regression_type\"": null, \""regression_model\"": {\""model\"": \""SVM\"", \""model_params\"": {\""C\"": 0.1, \""tol\"": 0.001, \""epsilon\"": 0.0, \""loss\"": \""squared_epsilon_insensitive\"", \""max_iter\"": 50}}}"", ""TransformationParameters"": ""{\""fillna\"": \""ffill\"", \""transformations\"": {\""0\"": \""DatepartRegression\"", \""1\"": \""DatepartRegression\"", \""2\"": \""MinMaxScaler\"", \""3\"": \""Scaler\""}, \""transformation_params\"": {\""0\"": {\""regression_model\"": {\""model\"": \""ElasticNet\"", \""model_params\"": {\""l1_ratio\"": 0.5, \""fit_intercept\"": true, \""selection\"": \""cyclic\"", \""max_iter\"": 1000}}, \""datepart_method\"": \""anchored_segment_fourier:us_school\"", \""polynomial_degree\"": null, \""transform_dict\"": null, \""holiday_countries_used\"": false, \""lags\"": null, \""forward_lags\"": null}, \""1\"": {\""regression_model\"": {\""model\"": \""ElasticNet\"", \""model_params\"": {\""l1_ratio\"": 0.9, \""fit_intercept\"": true, \""selection\"": \""cyclic\"", \""max_iter\"": 200}}, \""datepart_method\"": \""common_fourier\"", \""polynomial_degree\"": null, \""transform_dict\"": null, \""holiday_countries_used\"": false, \""lags\"": null, \""forward_lags\"": 2}, \""2\"": {}, \""3\"": {}}}""}, ""610f0e543b94fb05cd2d59dc7f408967"": {""Model"": ""WindowRegression"", ""ModelParameters"": ""{\""window_size\"": 10, \""input_dim\"": \""univariate\"", \""output_dim\"": \""1step\"", \""normalize_window\"": false, \""max_windows\"": 5000000, \""fourier_encoding_components\"": null, \""scale\"": true, \""datepart_method\"": null, \""regression_type\"": null, \""regression_model\"": {\""model\"": \""SVM\"", \""model_params\"": {\""C\"": 0.1, \""tol\"": 0.001, \""epsilon\"": 0.0, \""loss\"": \""squared_epsilon_insensitive\"", \""max_iter\"": 50}}}"", ""TransformationParameters"": ""{\""fillna\"": \""rolling_mean_24\"", \""transformations\"": {\""0\"": \""DatepartRegression\"", \""1\"": \""DatepartRegression\"", \""2\"": \""MinMaxScaler\""}, \""transformation_params\"": {\""0\"": {\""regression_model\"": {\""model\"": \""ElasticNet\"", \""model_params\"": {\""l1_ratio\"": 0.5, \""fit_intercept\"": true, \""selection\"": \""cyclic\"", \""max_iter\"": 1000}}, \""datepart_method\"": \""anchored_segment_fourier:us_school\"", \""polynomial_degree\"": null, \""transform_dict\"": null, \""holiday_countries_used\"": false, \""lags\"": null, \""forward_lags\"": null}, \""1\"": {\""regression_model\"": {\""model\"": \""ElasticNet\"", \""model_params\"": {\""l1_ratio\"": 0.9, \""fit_intercept\"": true, \""selection\"": \""cyclic\"", \""max_iter\"": 200}}, \""datepart_method\"": \""common_fourier\"", \""polynomial_degree\"": null, \""transform_dict\"": null, \""holiday_countries_used\"": false, \""lags\"": null, \""forward_lags\"": 2}, \""2\"": {}}}""}, ""727a69c39da55c22e462197e5cede5c2"": {""Model"": ""WindowRegression"", ""ModelParameters"": ""{\""window_size\"": 10, \""input_dim\"": \""univariate\"", \""output_dim\"": \""1step\"", \""normalize_window\"": false, \""max_windows\"": 5000000, \""fourier_encoding_components\"": null, \""scale\"": true, \""datepart_method\"": null, \""regression_type\"": null, \""regression_model\"": {\""model\"": \""SVM\"", \""model_params\"": {\""C\"": 0.1, \""tol\"": 0.001, \""epsilon\"": 0.0, \""loss\"": \""squared_epsilon_insensitive\"", \""max_iter\"": 50}}}"", ""TransformationParameters"": ""{\""fillna\"": \""ffill\"", \""transformations\"": {\""0\"": \""MinMaxScaler\""}, \""transformation_params\"": {\""0\"": {}}}""}, ""474b2b4c4272ab687933f5d9bc0a6613"": {""Model"": ""WindowRegression"", ""ModelParameters"": ""{\""window_size\"": 10, \""input_dim\"": \""univariate\"", \""output_dim\"": \""1step\"", \""normalize_window\"": false, \""max_windows\"": 5000000, \""fourier_encoding_components\"": null, \""scale\"": true, \""datepart_method\"": null, \""regression_type\"": null, \""regression_model\"": {\""model\"": \""SVM\"", \""model_params\"": {\""C\"": 0.1, \""tol\"": 0.001, \""epsilon\"": 0.0, \""loss\"": \""squared_epsilon_insensitive\"", \""max_iter\"": 50}}}"", ""TransformationParameters"": ""{\""fillna\"": \""ffill\"", \""transformations\"": {\""0\"": \""DatepartRegression\"", \""1\"": \""MinMaxScaler\""}, \""transformation_params\"": {\""0\"": {\""regression_model\"": {\""model\"": \""ElasticNet\"", \""model_params\"": {\""l1_ratio\"": 0.5, \""fit_intercept\"": true, \""selection\"": \""cyclic\"", \""max_iter\"": 1000}}, \""datepart_method\"": \""anchored_segment_fourier:us_school\"", \""polynomial_degree\"": null, \""transform_dict\"": null, \""holiday_countries_used\"": false, \""lags\"": null, \""forward_lags\"": null}, \""1\"": {}}}""}}, ""point_method"": ""median"", ""model_weights"": {}}","{""fillna"": ""fake_date"", ""transformations"": {""0"": ""FIRFilter"", ""1"": ""AlignLastValue"", ""2"": ""AlignLastValue""}, ""transformation_params"": {""0"": {""numtaps"": 32, ""cutoff_hz"": 0.1, ""window"": ""triang"", ""sampling_frequency"": 12, ""on_transform"": false, ""on_inverse"": true, ""bounds_only"": true}, ""1"": {""rows"": 1, ""lag"": 1, ""method"": ""multiplicative"", ""strength"": 1.0, ""first_value_only"": false, ""threshold"": null, ""threshold_method"": ""mean""}, ""2"": {""rows"": 1, ""lag"": 1, ""method"": ""multiplicative"", ""strength"": 1.0, ""first_value_only"": true, ""threshold"": 10, ""threshold_method"": ""max""}}}",1,7,14.56116408024734,1.0081089778214596,1.257562190158812,0.9396173571154472,1.0081089778214596,0.0,-450.300892009423,0.9068723135240558,184.8077640180965,0.7209379929142801,0.29565318285041264,0.753968253968254,0.5095238095238095,3.2329802563823877,0.7301587301587301,1.5065788873107764,0.7708828304349132,3.7028183446839096,1.3339312303043744,0.8202846450704807,41.87299505868132,21.3798603995769,10.322267770321613,0.06391732993751054,14.56116408024734,1.0081089778214596,1.257562190158812,0.9396173571154472,1.0081089778214596,0.0,0.9068723135240558,0.7209379929142801,0.29565318285041264,3.2329802563823877,0.7301587301587301,1.5065788873107764,0.7708828304349132,3.7028183446839096,1.3339312303043744,0.8202846450704807,41.87299505868132,21.3798603995769,10.322267770321613,0.06391732993751054,0.753968253968254,0.5095238095238095,5.081928571428572,24.372614734460722,15.949609806019351,Wh,15.949609806019351,Wh
226,82acb6cdb422de4e4a2c77f406d21132,ARIMA,"{""p"": 4, ""d"": 1, ""q"": 2, ""regression_type"": null}","{""fillna"": ""ffill"", ""transformations"": {""0"": ""Scaler"", ""1"": ""Detrend""}, ""transformation_params"": {""0"": {}, ""1"": {""model"": ""Linear"", ""phi"": 1, ""window"": 30, ""transform_dict"": null}}}",0,2,10.904015198303787,0.7581778477731724,0.957981099887818,0.5874540072192457,0.7581778477731724,0.0,-24.49483495234759,0.5299319707303873,111.97717764682346,0.7274773427207318,0.723279143262463,0.9944444444444445,0.5333333333333333,4.378609376246249,0.9444444444444444,1.3646729447668795,0.5741918729045185,3.220126564818523,3.6831895552850127,0.08738276889383109,43.74117134723793,16.912384963326954,22.140764566332102,0.06671964867616766,10.904015198303787,0.7581778477731724,0.957981099887818,0.5874540072192457,0.7581778477731724,0.0,0.5299319707303873,0.7274773427207318,0.723279143262463,4.378609376246249,0.9444444444444444,1.3646729447668795,0.5741918729045185,3.220126564818523,3.6831895552850127,0.08738276889383109,43.74117134723793,16.912384963326954,22.140764566332102,0.06671964867616766,0.9944444444444445,0.5333333333333333,0.31375,24.361024012968226,15.321288266274843,Wh,15.321288266274843,Wh
227,e932c15b5303f38c36b726e5aa22f27e,ARIMA,"{""p"": 4, ""d"": 1, ""q"": 2, ""regression_type"": null}","{""fillna"": ""rolling_mean"", ""transformations"": {""0"": ""Scaler"", ""1"": ""Detrend"", ""2"": ""Scaler"", ""3"": ""Scaler""}, ""transformation_params"": {""0"": {}, ""1"": {""model"": ""Linear"", ""phi"": 1, ""window"": 30, ""transform_dict"": null}, ""2"": {}, ""3"": {}}}",0,2,10.904015198303787,0.7581778477731724,0.957981099887818,0.5874540072192457,0.7581778477731724,0.0,-24.49483495234759,0.5299319707303873,111.97717764682346,0.7274773427207318,0.723279143262463,0.9944444444444445,0.5333333333333333,4.378609376246249,0.9444444444444444,1.3646729447668795,0.5741918729045185,3.220126564818523,3.6831895552850127,0.08738276889383109,43.74117134723793,16.912384963326954,22.140764566332102,0.06671964867616766,10.904015198303787,0.7581778477731724,0.957981099887818,0.5874540072192457,0.7581778477731724,0.0,0.5299319707303873,0.7274773427207318,0.723279143262463,4.378609376246249,0.9444444444444444,1.3646729447668795,0.5741918729045185,3.220126564818523,3.6831895552850127,0.08738276889383109,43.74117134723793,16.912384963326954,22.140764566332102,0.06671964867616766,0.9944444444444445,0.5333333333333333,0.2811,24.361018183866516,15.321288266274843,Wh,15.321288266274843,Wh
228,8b59952b3d714fee49df361e2fdefad5,ARIMA,"{""p"": 4, ""d"": 1, ""q"": 2, ""regression_type"": null}","{""fillna"": ""akima"", ""transformations"": {""0"": ""Scaler"", ""1"": ""Detrend"", ""2"": ""DatepartRegression""}, ""transformation_params"": {""0"": {}, ""1"": {""model"": ""Linear"", ""phi"": 1, ""window"": 30, ""transform_dict"": null}, ""2"": {""regression_model"": {""model"": ""ElasticNet"", ""model_params"": {""l1_ratio"": 0.5, ""fit_intercept"": true, ""selection"": ""cyclic"", ""max_iter"": 1000}}, ""datepart_method"": ""common_fourier"", ""polynomial_degree"": null, ""transform_dict"": null, ""holiday_countries_used"": false, ""lags"": null, ""forward_lags"": null}}}",0,2,10.902400231997632,0.7580435077389778,0.9578525450572359,0.5874600542469935,0.7580435077389778,0.0,-24.526841935599744,0.529905564019689,111.92098945741628,0.7272928582947076,0.723191186855858,0.9944444444444445,0.5333333333333333,4.378289808596152,0.9444444444444444,1.3646135753165325,0.5740938923232574,3.2199598654819477,3.683748849033673,0.0873390228667258,43.69707376090827,16.889250996958094,22.143184794120607,0.06664338659191349,10.902400231997632,0.7580435077389778,0.9578525450572359,0.5874600542469935,0.7580435077389778,0.0,0.529905564019689,0.7272928582947076,0.723191186855858,4.378289808596152,0.9444444444444444,1.3646135753165325,0.5740938923232574,3.2199598654819477,3.683748849033673,0.0873390228667258,43.69707376090827,16.889250996958094,22.143184794120607,0.06664338659191349,0.9944444444444445,0.5333333333333333,0.3356,24.35750620783834,15.318425962371007,Wh,15.318425962371007,Wh
229,e54859cf5fbc12fb05d703c881f674d3,ARIMA,"{""p"": 4, ""d"": 1, ""q"": 2, ""regression_type"": null}","{""fillna"": ""ffill"", ""transformations"": {""0"": ""Scaler"", ""1"": ""Detrend"", ""2"": ""DatepartRegression""}, ""transformation_params"": {""0"": {}, ""1"": {""model"": ""Linear"", ""phi"": 1, ""window"": 30, ""transform_dict"": null}, ""2"": {""regression_model"": {""model"": ""ElasticNet"", ""model_params"": {""l1_ratio"": 0.5, ""fit_intercept"": true, ""selection"": ""cyclic"", ""max_iter"": 1000}}, ""datepart_method"": ""common_fourier"", ""polynomial_degree"": null, ""transform_dict"": null, ""holiday_countries_used"": false, ""lags"": null, ""forward_lags"": null}}}",0,2,10.902400231997632,0.7580435077389778,0.9578525450572359,0.5874600542469935,0.7580435077389778,0.0,-24.526841935599744,0.529905564019689,111.92098945741628,0.7272928582947076,0.723191186855858,0.9944444444444445,0.5333333333333333,4.378289808596152,0.9444444444444444,1.3646135753165325,0.5740938923232574,3.2199598654819477,3.683748849033673,0.0873390228667258,43.69707376090827,16.889250996958094,22.143184794120607,0.06664338659191349,10.902400231997632,0.7580435077389778,0.9578525450572359,0.5874600542469935,0.7580435077389778,0.0,0.529905564019689,0.7272928582947076,0.723191186855858,4.378289808596152,0.9444444444444444,1.3646135753165325,0.5740938923232574,3.2199598654819477,3.683748849033673,0.0873390228667258,43.69707376090827,16.889250996958094,22.143184794120607,0.06664338659191349,0.9944444444444445,0.5333333333333333,0.2794,24.357496174285018,15.318425962371007,Wh,15.318425962371007,Wh
230,82cfc706085a43df078ec14fe7a484da,Ensemble,"{""model_name"": ""BestN"", ""model_count"": 5, ""model_metric"": ""mixed_metric"", ""models"": {""9401cafd8f6b338a48dd5f0e109ef608"": {""Model"": ""ARIMA"", ""ModelParameters"": ""{\""p\"": 4, \""d\"": 1, \""q\"": 1, \""regression_type\"": null}"", ""TransformationParameters"": ""{\""fillna\"": \""ffill\"", \""transformations\"": {\""0\"": \""Scaler\"", \""1\"": \""Detrend\"", \""2\"": \""DatepartRegression\""}, \""transformation_params\"": {\""0\"": {}, \""1\"": {\""model\"": \""Linear\"", \""phi\"": 1, \""window\"": 30, \""transform_dict\"": null}, \""2\"": {\""regression_model\"": {\""model\"": \""ElasticNet\"", \""model_params\"": {\""l1_ratio\"": 0.5, \""fit_intercept\"": true, \""selection\"": \""cyclic\"", \""max_iter\"": 1000}}, \""datepart_method\"": \""common_fourier\"", \""polynomial_degree\"": null, \""transform_dict\"": null, \""holiday_countries_used\"": false, \""lags\"": null, \""forward_lags\"": null}}}""}, ""a8ad161bc7623e4bb730ce0012481031"": {""Model"": ""RollingRegression"", ""ModelParameters"": ""{\""regression_model\"": {\""model\"": \""RANSAC\"", \""model_params\"": {}}, \""holiday\"": true, \""mean_rolling_periods\"": 12, \""macd_periods\"": 24, \""std_rolling_periods\"": 10, \""max_rolling_periods\"": null, \""min_rolling_periods\"": 4, \""ewm_var_alpha\"": null, \""quantile90_rolling_periods\"": null, \""quantile10_rolling_periods\"": null, \""ewm_alpha\"": 0.8, \""additional_lag_periods\"": 2, \""abs_energy\"": false, \""rolling_autocorr_periods\"": null, \""nonzero_last_n\"": null, \""add_date_part\"": null, \""polynomial_degree\"": null, \""x_transform\"": null, \""regression_type\"": null}"", ""TransformationParameters"": ""{\""fillna\"": \""ffill\"", \""transformations\"": {\""0\"": \""Detrend\"", \""1\"": \""DatepartRegression\"", \""2\"": \""Scaler\"", \""3\"": \""Scaler\"", \""4\"": \""MinMaxScaler\""}, \""transformation_params\"": {\""0\"": {\""model\"": \""Linear\"", \""phi\"": 1, \""window\"": null, \""transform_dict\"": null}, \""1\"": {\""regression_model\"": {\""model\"": \""ElasticNet\"", \""model_params\"": {\""l1_ratio\"": 0.9, \""fit_intercept\"": true, \""selection\"": \""cyclic\"", \""max_iter\"": 200}}, \""datepart_method\"": \""common_fourier\"", \""polynomial_degree\"": null, \""transform_dict\"": null, \""holiday_countries_used\"": false, \""lags\"": null, \""forward_lags\"": 2}, \""2\"": {}, \""3\"": {}, \""4\"": {}}}""}}, ""point_method"": ""median"", ""model_weights"": {}}","{""fillna"": ""quadratic"", ""transformations"": {""0"": ""AlignLastValue"", ""1"": ""ChangepointDetrend""}, ""transformation_params"": {""0"": {""rows"": 1, ""lag"": 1, ""method"": ""multiplicative"", ""strength"": 1.0, ""first_value_only"": false, ""threshold"": null, ""threshold_method"": ""mean""}, ""1"": {""model"": ""Linear"", ""changepoint_spacing"": 180, ""changepoint_distance_end"": 360, ""datepart_method"": null}}}",1,2,13.581633347789186,0.9103352546241941,1.123625439326998,0.570121110540067,0.9103352546241941,0.0,-106.49835225951327,0.8144360528042494,57.36199357284166,0.6730880683121533,0.4249055924253504,0.5666666666666667,0.5055555555555555,3.5567211045567966,0.9166666666666667,1.3911087401028097,0.6997790035186701,2.9979938743510455,1.2804682876546563,0.04753392080885091,74.04751228857441,38.64817974468103,25.251447686030488,0.11939673469228207,13.581633347789186,0.9103352546241941,1.123625439326998,0.570121110540067,0.9103352546241941,0.0,0.8144360528042494,0.6730880683121533,0.4249055924253504,3.5567211045567966,0.9166666666666667,1.3911087401028097,0.6997790035186701,2.9979938743510455,1.2804682876546563,0.04753392080885091,74.04751228857441,38.64817974468103,25.251447686030488,0.11939673469228207,0.5666666666666667,0.5055555555555555,15.0704,24.257465612344582,17.727337151734705,Wh,17.727337151734705,Wh
231,fc0f226c028fa6d5cf31b377dd9fae02,WindowRegression,"{""window_size"": 20, ""input_dim"": ""univariate"", ""output_dim"": ""forecast_length"", ""normalize_window"": false, ""max_windows"": 50000, ""fourier_encoding_components"": null, ""scale"": true, ""datepart_method"": null, ""regression_type"": null, ""regression_model"": {""model"": ""SVM"", ""model_params"": {""C"": 0.5, ""tol"": 0.0001, ""epsilon"": 0.05, ""loss"": ""squared_epsilon_insensitive"", ""max_iter"": 100}}}","{""fillna"": ""ffill"", ""transformations"": {""0"": ""Scaler"", ""1"": ""Detrend""}, ""transformation_params"": {""0"": {}, ""1"": {""model"": ""Linear"", ""phi"": 1, ""window"": null, ""transform_dict"": {""fillna"": null, ""transformations"": {""0"": ""ClipOutliers""}, ""transformation_params"": {""0"": {""method"": ""clip"", ""std_threshold"": 4}}}}}}",0,1,13.63316842764643,0.8621539635889007,1.0818083376961614,0.9716287994020514,0.8621539635889007,0.0,-24.051833888894848,0.6466643000340604,53.54202283410621,0.7830222663723195,0.44439587929305896,0.7444444444444445,0.5,3.351008913212529,0.7666666666666667,1.6414504249718012,0.6348587925982512,3.104163249861374,2.5965580939879915,0.6469603321489745,29.49018894521136,24.35875098905714,13.555631801104507,0.053433909164501206,13.63316842764643,0.8621539635889007,1.0818083376961614,0.9716287994020514,0.8621539635889007,0.0,0.6466643000340604,0.7830222663723195,0.44439587929305896,3.351008913212529,0.7666666666666667,1.6414504249718012,0.6348587925982512,3.104163249861374,2.5965580939879915,0.6469603321489745,29.49018894521136,24.35875098905714,13.555631801104507,0.053433909164501206,0.7444444444444445,0.5,4.2642,24.10034262194153,12.40157831067469,Wh,12.40157831067469,Wh
232,a8ad161bc7623e4bb730ce0012481031,RollingRegression,"{""regression_model"": {""model"": ""RANSAC"", ""model_params"": {}}, ""holiday"": true, ""mean_rolling_periods"": 12, ""macd_periods"": 24, ""std_rolling_periods"": 10, ""max_rolling_periods"": null, ""min_rolling_periods"": 4, ""ewm_var_alpha"": null, ""quantile90_rolling_periods"": null, ""quantile10_rolling_periods"": null, ""ewm_alpha"": 0.8, ""additional_lag_periods"": 2, ""abs_energy"": false, ""rolling_autocorr_periods"": null, ""nonzero_last_n"": null, ""add_date_part"": null, ""polynomial_degree"": null, ""x_transform"": null, ""regression_type"": null}","{""fillna"": ""ffill"", ""transformations"": {""0"": ""Detrend"", ""1"": ""DatepartRegression"", ""2"": ""Scaler"", ""3"": ""Scaler"", ""4"": ""MinMaxScaler""}, ""transformation_params"": {""0"": {""model"": ""Linear"", ""phi"": 1, ""window"": null, ""transform_dict"": null}, ""1"": {""regression_model"": {""model"": ""ElasticNet"", ""model_params"": {""l1_ratio"": 0.9, ""fit_intercept"": true, ""selection"": ""cyclic"", ""max_iter"": 200}}, ""datepart_method"": ""common_fourier"", ""polynomial_degree"": null, ""transform_dict"": null, ""holiday_countries_used"": false, ""lags"": null, ""forward_lags"": 2}, ""2"": {}, ""3"": {}, ""4"": {}}}",0,2,12.893155749487187,0.9360901877940722,1.1351898336897808,0.5686847095113525,0.9360901877940722,0.0,-14.619035796193565,0.5930473459986209,153.8771980067394,0.9208819714292589,0.4315304165486472,0.9555555555555556,0.5111111111111111,4.587836046310304,0.9444444444444444,1.4239867131640476,0.7349740334899879,4.193863024252247,2.1020499963375867,0.09681562556966321,69.62908110527293,24.34386716764534,22.142187957590448,0.10829514579277653,12.893155749487187,0.9360901877940722,1.1351898336897808,0.5686847095113525,0.9360901877940722,0.0,0.5930473459986209,0.9208819714292589,0.4315304165486472,4.587836046310304,0.9444444444444444,1.4239867131640476,0.7349740334899879,4.193863024252247,2.1020499963375867,0.09681562556966321,69.62908110527293,24.34386716764534,22.142187957590448,0.10829514579277653,0.9555555555555556,0.5111111111111111,4.2618,23.924348871466997,20.702036306320267,Wh,20.702036306320267,Wh
233,b1e49beea316c673ee10d05c71670688,WindowRegression,"{""window_size"": 5, ""input_dim"": ""univariate"", ""output_dim"": ""forecast_length"", ""normalize_window"": false, ""max_windows"": 5000000, ""fourier_encoding_components"": null, ""scale"": true, ""datepart_method"": null, ""regression_type"": null, ""regression_model"": {""model"": ""KNN"", ""model_params"": {""n_neighbors"": 5, ""weights"": ""uniform"", ""p"": 2, ""leaf_size"": 30}}}","{""fillna"": ""cubic"", ""transformations"": {""0"": ""Scaler"", ""1"": ""Detrend"", ""2"": ""DatepartRegression"", ""3"": ""Detrend""}, ""transformation_params"": {""0"": {}, ""1"": {""model"": ""Linear"", ""phi"": 1, ""window"": 30, ""transform_dict"": null}, ""2"": {""regression_model"": {""model"": ""ElasticNet"", ""model_params"": {""l1_ratio"": 0.5, ""fit_intercept"": true, ""selection"": ""cyclic"", ""max_iter"": 1000}}, ""datepart_method"": ""common_fourier"", ""polynomial_degree"": null, ""transform_dict"": null, ""holiday_countries_used"": false, ""lags"": null, ""forward_lags"": null}, ""3"": {""model"": ""Linear"", ""phi"": 1, ""window"": null, ""transform_dict"": {""fillna"": null, ""transformations"": {""0"": ""EWMAFilter""}, ""transformation_params"": {""0"": {""span"": 7}}}}}}",0,1,13.379551469033284,0.859347458086996,1.0751963138314415,0.7707461693295827,0.859347458086996,0.0,-5.0883399159613685,0.574238683149975,72.25293131186827,0.8471444793047935,0.40254682515394874,0.7444444444444445,0.4111111111111111,3.1235621431258584,0.6666666666666666,1.6550280852068804,0.6600250377612041,2.9722187579521875,1.5605192059217,0.39189007906788004,67.16459139590688,47.088090352002986,5.7320677614815665,0.12169697123295273,13.379551469033284,0.859347458086996,1.0751963138314415,0.7707461693295827,0.859347458086996,0.0,0.574238683149975,0.8471444793047935,0.40254682515394874,3.1235621431258584,0.6666666666666666,1.6550280852068804,0.6600250377612041,2.9722187579521875,1.5605192059217,0.39189007906788004,67.16459139590688,47.088090352002986,5.7320677614815665,0.12169697123295273,0.7444444444444445,0.4111111111111111,0.1894,23.461499375472226,12.36120837765678,Wh,12.36120837765678,Wh
234,d94a8385627ed1c2209c30e0d59173be,WindowRegression,"{""window_size"": 20, ""input_dim"": ""univariate"", ""output_dim"": ""forecast_length"", ""normalize_window"": false, ""max_windows"": 50000, ""fourier_encoding_components"": null, ""scale"": true, ""datepart_method"": null, ""regression_type"": null, ""regression_model"": {""model"": ""SVM"", ""model_params"": {""C"": 0.5, ""tol"": 0.0001, ""epsilon"": 0.05, ""loss"": ""squared_epsilon_insensitive"", ""max_iter"": 100}}}","{""fillna"": ""ffill"", ""transformations"": {""0"": ""Scaler"", ""1"": ""Detrend"", ""2"": ""DatepartRegression""}, ""transformation_params"": {""0"": {}, ""1"": {""model"": ""Linear"", ""phi"": 1, ""window"": 30, ""transform_dict"": null}, ""2"": {""regression_model"": {""model"": ""ElasticNet"", ""model_params"": {""l1_ratio"": 0.5, ""fit_intercept"": true, ""selection"": ""cyclic"", ""max_iter"": 1000}}, ""datepart_method"": ""common_fourier"", ""polynomial_degree"": null, ""transform_dict"": null, ""holiday_countries_used"": false, ""lags"": null, ""forward_lags"": null}}}",0,1,13.225501925770017,0.8095838206263161,1.0303481633210674,0.9697890243510637,0.8095838206263161,0.0,-33.06636506383831,0.6550357944617559,39.796178792530114,0.69171106998995,0.45945410876281617,0.6888888888888889,0.5,3.1557861134128125,0.7777777777777778,1.5838181885320062,0.5951696848704032,2.9509900140621514,3.402038980201042,0.6414871972976145,6.7298137286918,11.022836763565783,15.002399482359532,0.012193894591215327,13.225501925770017,0.8095838206263161,1.0303481633210674,0.9697890243510637,0.8095838206263161,0.0,0.6550357944617559,0.69171106998995,0.45945410876281617,3.1557861134128125,0.7777777777777778,1.5838181885320062,0.5951696848704032,2.9509900140621514,3.402038980201042,0.6414871972976145,6.7298137286918,11.022836763565783,15.002399482359532,0.012193894591215327,0.6888888888888889,0.5,0.1852,23.457890931369466,11.645387685464357,Wh,11.645387685464357,Wh
235,2a454440afdff581d1bbbc959af72a79,Ensemble,"{""model_name"": ""BestN"", ""model_count"": 3, ""model_metric"": ""mixed_metric"", ""models"": {""860cd5b05944ecb82d3157f8432afabb"": {""Model"": ""WindowRegression"", ""ModelParameters"": ""{\""window_size\"": 10, \""input_dim\"": \""univariate\"", \""output_dim\"": \""1step\"", \""normalize_window\"": false, \""max_windows\"": 5000000, \""fourier_encoding_components\"": null, \""scale\"": true, \""datepart_method\"": null, \""regression_type\"": null, \""regression_model\"": {\""model\"": \""SVM\"", \""model_params\"": {\""C\"": 0.1, \""tol\"": 0.001, \""epsilon\"": 0.0, \""loss\"": \""squared_epsilon_insensitive\"", \""max_iter\"": 50}}}"", ""TransformationParameters"": ""{\""fillna\"": \""pchip\"", \""transformations\"": {\""0\"": \""Scaler\""}, \""transformation_params\"": {\""0\"": {}}}""}, ""c0b1c7a0ef49e381d5aea93045d68ec6"": {""Model"": ""WindowRegression"", ""ModelParameters"": ""{\""window_size\"": 10, \""input_dim\"": \""univariate\"", \""output_dim\"": \""1step\"", \""normalize_window\"": false, \""max_windows\"": 5000000, \""fourier_encoding_components\"": null, \""scale\"": true, \""datepart_method\"": null, \""regression_type\"": null, \""regression_model\"": {\""model\"": \""SVM\"", \""model_params\"": {\""C\"": 0.1, \""tol\"": 0.001, \""epsilon\"": 0.0, \""loss\"": \""squared_epsilon_insensitive\"", \""max_iter\"": 50}}}"", ""TransformationParameters"": ""{\""fillna\"": \""ffill\"", \""transformations\"": {\""0\"": \""DatepartRegression\"", \""1\"": \""DatepartRegression\"", \""2\"": \""MinMaxScaler\"", \""3\"": \""Scaler\""}, \""transformation_params\"": {\""0\"": {\""regression_model\"": {\""model\"": \""ElasticNet\"", \""model_params\"": {\""l1_ratio\"": 0.5, \""fit_intercept\"": true, \""selection\"": \""cyclic\"", \""max_iter\"": 1000}}, \""datepart_method\"": \""anchored_segment_fourier:us_school\"", \""polynomial_degree\"": null, \""transform_dict\"": null, \""holiday_countries_used\"": false, \""lags\"": null, \""forward_lags\"": null}, \""1\"": {\""regression_model\"": {\""model\"": \""ElasticNet\"", \""model_params\"": {\""l1_ratio\"": 0.9, \""fit_intercept\"": true, \""selection\"": \""cyclic\"", \""max_iter\"": 200}}, \""datepart_method\"": \""common_fourier\"", \""polynomial_degree\"": null, \""transform_dict\"": null, \""holiday_countries_used\"": false, \""lags\"": null, \""forward_lags\"": 2}, \""2\"": {}, \""3\"": {}}}""}, ""b56ba147e1633d9995afee23f1bd58c7"": {""Model"": ""WindowRegression"", ""ModelParameters"": ""{\""window_size\"": 20, \""input_dim\"": \""univariate\"", \""output_dim\"": \""1step\"", \""normalize_window\"": false, \""max_windows\"": 5000000, \""fourier_encoding_components\"": null, \""scale\"": false, \""datepart_method\"": null, \""regression_type\"": null, \""regression_model\"": {\""model\"": \""xgboost\"", \""model_params\"": {\""booster\"": \""gbtree\"", \""objective\"": \""reg:squarederror\"", \""max_depth\"": 6, \""eta\"": 0.003, \""min_child_weight\"": 0.5, \""subsample\"": 1, \""colsample_bylevel\"": 0.9, \""reg_alpha\"": 0, \""reg_lambda\"": 1, \""n_estimators\"": 7, \""multi_strategy\"": \""multi_output_tree\"", \""tree_method\"": \""hist\""}}}"", ""TransformationParameters"": ""{\""fillna\"": \""ffill\"", \""transformations\"": {\""0\"": \""Scaler\"", \""1\"": \""Detrend\"", \""2\"": \""MinMaxScaler\""}, \""transformation_params\"": {\""0\"": {}, \""1\"": {\""model\"": \""Linear\"", \""phi\"": 1, \""window\"": 30, \""transform_dict\"": null}, \""2\"": {}}}""}}, ""model_weights"": {}, ""point_method"": ""mean""}","{""fillna"": ""linear"", ""transformations"": {""0"": ""Constraint""}, ""transformation_params"": {""0"": {""constraint_method"": ""quantile"", ""constraint_direction"": ""lower"", ""constraint_regularization"": 0.7, ""constraint_value"": 0.5, ""bounds_only"": false, ""fillna"": ""linear""}}}",1,6,11.999584697606366,0.851190797781611,1.0800573603530415,0.6128831389786334,0.851190797781611,0.0,-84.77198525599998,0.6022062760197646,374.8710455460701,0.8067577485903881,0.502858010493144,0.3314814814814815,0.5240740740740741,3.648336816366167,0.8592592592592593,1.4270581193890817,0.6376455518077131,3.3481092185526085,2.2982767829547393,0.23930952588377974,48.34984338167835,17.330759891460115,20.93041916317428,0.07793581063868259,11.999584697606366,0.851190797781611,1.0800573603530415,0.6128831389786334,0.851190797781611,0.0,0.6022062760197646,0.8067577485903881,0.502858010493144,3.648336816366167,0.8592592592592593,1.4270581193890817,0.6376455518077131,3.3481092185526085,2.2982767829547393,0.23930952588377974,48.34984338167835,17.330759891460115,20.93041916317428,0.07793581063868259,0.3314814814814815,0.5240740740740741,1.9019166666666667,23.454995796675405,15.442914711320475,Wh,15.442914711320475,Wh
236,78b161a45e3a258e17b2929d75092637,Ensemble,"{""model_name"": ""BestN"", ""model_count"": 3, ""model_metric"": ""horizontal"", ""models"": {""a6a1477ee2b31d009999314fa5df12a0"": {""Model"": ""ARIMA"", ""ModelParameters"": ""{\""p\"": 4, \""d\"": 0, \""q\"": 0, \""regression_type\"": \""Holiday\""}"", ""TransformationParameters"": ""{\""fillna\"": \""ffill\"", \""transformations\"": {\""0\"": \""Scaler\"", \""1\"": \""Detrend\"", \""2\"": \""DatepartRegression\""}, \""transformation_params\"": {\""0\"": {}, \""1\"": {\""model\"": \""Linear\"", \""phi\"": 1, \""window\"": 30, \""transform_dict\"": null}, \""2\"": {\""regression_model\"": {\""model\"": \""ElasticNet\"", \""model_params\"": {\""l1_ratio\"": 0.5, \""fit_intercept\"": true, \""selection\"": \""cyclic\"", \""max_iter\"": 1000}}, \""datepart_method\"": \""common_fourier\"", \""polynomial_degree\"": null, \""transform_dict\"": null, \""holiday_countries_used\"": false, \""lags\"": null, \""forward_lags\"": null}}}""}, ""a8ddd1ef89834c17140b9aab182e2ad4"": {""Model"": ""RollingRegression"", ""ModelParameters"": ""{\""regression_model\"": {\""model\"": \""ExtraTrees\"", \""model_params\"": {\""n_estimators\"": 100, \""min_samples_leaf\"": 1, \""min_samples_split\"": 2, \""max_depth\"": null, \""criterion\"": \""squared_error\"", \""max_features\"": 1}}, \""holiday\"": true, \""mean_rolling_periods\"": 7, \""macd_periods\"": 46, \""std_rolling_periods\"": 7, \""max_rolling_periods\"": 12, \""min_rolling_periods\"": 2, \""ewm_var_alpha\"": null, \""quantile90_rolling_periods\"": null, \""quantile10_rolling_periods\"": null, \""ewm_alpha\"": null, \""additional_lag_periods\"": 90, \""abs_energy\"": false, \""rolling_autocorr_periods\"": null, \""nonzero_last_n\"": null, \""add_date_part\"": \""simple_2\"", \""polynomial_degree\"": null, \""x_transform\"": null, \""regression_type\"": null}"", ""TransformationParameters"": ""{\""fillna\"": \""ffill\"", \""transformations\"": {\""0\"": \""Scaler\"", \""1\"": \""Detrend\"", \""2\"": \""DatepartRegression\""}, \""transformation_params\"": {\""0\"": {}, \""1\"": {\""model\"": \""Linear\"", \""phi\"": 1, \""window\"": 30, \""transform_dict\"": null}, \""2\"": {\""regression_model\"": {\""model\"": \""ElasticNet\"", \""model_params\"": {\""l1_ratio\"": 0.5, \""fit_intercept\"": true, \""selection\"": \""cyclic\"", \""max_iter\"": 1000}}, \""datepart_method\"": \""common_fourier\"", \""polynomial_degree\"": null, \""transform_dict\"": null, \""holiday_countries_used\"": false, \""lags\"": null, \""forward_lags\"": null}}}""}}, ""model_weights"": {}, ""point_method"": ""mean""}","{""fillna"": ""fake_date"", ""transformations"": {""0"": ""AlignLastValue"", ""1"": ""AlignLastValue""}, ""transformation_params"": {""0"": {""rows"": 4, ""lag"": 28, ""method"": ""additive"", ""strength"": 0.2, ""first_value_only"": false, ""threshold"": 1, ""threshold_method"": ""max""}, ""1"": {""rows"": 1, ""lag"": 1, ""method"": ""additive"", ""strength"": 1.0, ""first_value_only"": false, ""threshold"": 1, ""threshold_method"": ""mean""}}}",1,2,13.300914085816824,0.8910858305759943,1.0915804801879272,0.5661117717232595,0.8910858305759943,0.0,-107.73243857093173,0.8045076308370294,52.663010932747234,0.655684098414372,0.38545370608105767,0.9277777777777778,0.5333333333333333,3.458426528096645,0.9222222222222223,1.368455236737515,0.6905634490108746,3.057659231464278,1.260424851236098,0.09331512707580018,71.0631278603173,35.87469667794192,24.054356605113316,0.11399193792993051,13.300914085816824,0.8910858305759943,1.0915804801879272,0.5661117717232595,0.8910858305759943,0.0,0.8045076308370294,0.655684098414372,0.38545370608105767,3.458426528096645,0.9222222222222223,1.368455236737515,0.6905634490108746,3.057659231464278,1.260424851236098,0.09331512707580018,71.0631278603173,35.87469667794192,24.054356605113316,0.11399193792993051,0.9277777777777778,0.5333333333333333,14.05255,23.344218941924638,17.65666901671852,Wh,17.65666901671852,Wh
237,fccb822efed129898f59d3ad4cbfe3e7,Ensemble,"{""model_name"": ""BestN"", ""model_count"": 3, ""model_metric"": ""best_score_unique"", ""models"": {""a8ddd1ef89834c17140b9aab182e2ad4"": {""Model"": ""RollingRegression"", ""ModelParameters"": ""{\""regression_model\"": {\""model\"": \""ExtraTrees\"", \""model_params\"": {\""n_estimators\"": 100, \""min_samples_leaf\"": 1, \""min_samples_split\"": 2, \""max_depth\"": null, \""criterion\"": \""squared_error\"", \""max_features\"": 1}}, \""holiday\"": true, \""mean_rolling_periods\"": 7, \""macd_periods\"": 46, \""std_rolling_periods\"": 7, \""max_rolling_periods\"": 12, \""min_rolling_periods\"": 2, \""ewm_var_alpha\"": null, \""quantile90_rolling_periods\"": null, \""quantile10_rolling_periods\"": null, \""ewm_alpha\"": null, \""additional_lag_periods\"": 90, \""abs_energy\"": false, \""rolling_autocorr_periods\"": null, \""nonzero_last_n\"": null, \""add_date_part\"": \""simple_2\"", \""polynomial_degree\"": null, \""x_transform\"": null, \""regression_type\"": null}"", ""TransformationParameters"": ""{\""fillna\"": \""ffill\"", \""transformations\"": {\""0\"": \""Scaler\"", \""1\"": \""Detrend\"", \""2\"": \""DatepartRegression\""}, \""transformation_params\"": {\""0\"": {}, \""1\"": {\""model\"": \""Linear\"", \""phi\"": 1, \""window\"": 30, \""transform_dict\"": null}, \""2\"": {\""regression_model\"": {\""model\"": \""ElasticNet\"", \""model_params\"": {\""l1_ratio\"": 0.5, \""fit_intercept\"": true, \""selection\"": \""cyclic\"", \""max_iter\"": 1000}}, \""datepart_method\"": \""common_fourier\"", \""polynomial_degree\"": null, \""transform_dict\"": null, \""holiday_countries_used\"": false, \""lags\"": null, \""forward_lags\"": null}}}""}, ""a6a1477ee2b31d009999314fa5df12a0"": {""Model"": ""ARIMA"", ""ModelParameters"": ""{\""p\"": 4, \""d\"": 0, \""q\"": 0, \""regression_type\"": \""Holiday\""}"", ""TransformationParameters"": ""{\""fillna\"": \""ffill\"", \""transformations\"": {\""0\"": \""Scaler\"", \""1\"": \""Detrend\"", \""2\"": \""DatepartRegression\""}, \""transformation_params\"": {\""0\"": {}, \""1\"": {\""model\"": \""Linear\"", \""phi\"": 1, \""window\"": 30, \""transform_dict\"": null}, \""2\"": {\""regression_model\"": {\""model\"": \""ElasticNet\"", \""model_params\"": {\""l1_ratio\"": 0.5, \""fit_intercept\"": true, \""selection\"": \""cyclic\"", \""max_iter\"": 1000}}, \""datepart_method\"": \""common_fourier\"", \""polynomial_degree\"": null, \""transform_dict\"": null, \""holiday_countries_used\"": false, \""lags\"": null, \""forward_lags\"": null}}}""}}, ""model_weights"": {}, ""point_method"": ""mean""}","{""fillna"": ""fake_date"", ""transformations"": {""0"": ""AlignLastValue"", ""1"": ""AlignLastValue""}, ""transformation_params"": {""0"": {""rows"": 4, ""lag"": 28, ""method"": ""additive"", ""strength"": 0.2, ""first_value_only"": false, ""threshold"": 1, ""threshold_method"": ""max""}, ""1"": {""rows"": 1, ""lag"": 1, ""method"": ""additive"", ""strength"": 1.0, ""first_value_only"": false, ""threshold"": 1, ""threshold_method"": ""mean""}}}",1,2,13.300914085816824,0.8910858305759942,1.0915804801879272,0.5661117717232598,0.8910858305759942,0.0,-107.73243857093172,0.8045076308370294,52.66301093274723,0.6556840984143721,0.38545370608105767,0.9277777777777778,0.5333333333333333,3.458426528096645,0.9222222222222223,1.368455236737515,0.6905634490108747,3.0576592314642785,1.260424851236098,0.09331512707580018,71.0631278603173,35.87469667794192,24.05435660511332,0.11399193792993051,13.300914085816824,0.8910858305759942,1.0915804801879272,0.5661117717232598,0.8910858305759942,0.0,0.8045076308370294,0.6556840984143721,0.38545370608105767,3.458426528096645,0.9222222222222223,1.368455236737515,0.6905634490108747,3.0576592314642785,1.260424851236098,0.09331512707580018,71.0631278603173,35.87469667794192,24.05435660511332,0.11399193792993051,0.9277777777777778,0.5333333333333333,12.8422,23.344002854535553,17.656669016718517,Wh,17.656669016718517,Wh
238,0f3049b539df0f24632fc84a166b3756,Ensemble,"{""model_name"": ""BestN"", ""model_count"": 5, ""model_metric"": ""bestn_horizontal"", ""models"": {""860cd5b05944ecb82d3157f8432afabb"": {""Model"": ""WindowRegression"", ""ModelParameters"": ""{\""window_size\"": 10, \""input_dim\"": \""univariate\"", \""output_dim\"": \""1step\"", \""normalize_window\"": false, \""max_windows\"": 5000000, \""fourier_encoding_components\"": null, \""scale\"": true, \""datepart_method\"": null, \""regression_type\"": null, \""regression_model\"": {\""model\"": \""SVM\"", \""model_params\"": {\""C\"": 0.1, \""tol\"": 0.001, \""epsilon\"": 0.0, \""loss\"": \""squared_epsilon_insensitive\"", \""max_iter\"": 50}}}"", ""TransformationParameters"": ""{\""fillna\"": \""pchip\"", \""transformations\"": {\""0\"": \""Scaler\""}, \""transformation_params\"": {\""0\"": {}}}""}, ""c0b1c7a0ef49e381d5aea93045d68ec6"": {""Model"": ""WindowRegression"", ""ModelParameters"": ""{\""window_size\"": 10, \""input_dim\"": \""univariate\"", \""output_dim\"": \""1step\"", \""normalize_window\"": false, \""max_windows\"": 5000000, \""fourier_encoding_components\"": null, \""scale\"": true, \""datepart_method\"": null, \""regression_type\"": null, \""regression_model\"": {\""model\"": \""SVM\"", \""model_params\"": {\""C\"": 0.1, \""tol\"": 0.001, \""epsilon\"": 0.0, \""loss\"": \""squared_epsilon_insensitive\"", \""max_iter\"": 50}}}"", ""TransformationParameters"": ""{\""fillna\"": \""ffill\"", \""transformations\"": {\""0\"": \""DatepartRegression\"", \""1\"": \""DatepartRegression\"", \""2\"": \""MinMaxScaler\"", \""3\"": \""Scaler\""}, \""transformation_params\"": {\""0\"": {\""regression_model\"": {\""model\"": \""ElasticNet\"", \""model_params\"": {\""l1_ratio\"": 0.5, \""fit_intercept\"": true, \""selection\"": \""cyclic\"", \""max_iter\"": 1000}}, \""datepart_method\"": \""anchored_segment_fourier:us_school\"", \""polynomial_degree\"": null, \""transform_dict\"": null, \""holiday_countries_used\"": false, \""lags\"": null, \""forward_lags\"": null}, \""1\"": {\""regression_model\"": {\""model\"": \""ElasticNet\"", \""model_params\"": {\""l1_ratio\"": 0.9, \""fit_intercept\"": true, \""selection\"": \""cyclic\"", \""max_iter\"": 200}}, \""datepart_method\"": \""common_fourier\"", \""polynomial_degree\"": null, \""transform_dict\"": null, \""holiday_countries_used\"": false, \""lags\"": null, \""forward_lags\"": 2}, \""2\"": {}, \""3\"": {}}}""}, ""610f0e543b94fb05cd2d59dc7f408967"": {""Model"": ""WindowRegression"", ""ModelParameters"": ""{\""window_size\"": 10, \""input_dim\"": \""univariate\"", \""output_dim\"": \""1step\"", \""normalize_window\"": false, \""max_windows\"": 5000000, \""fourier_encoding_components\"": null, \""scale\"": true, \""datepart_method\"": null, \""regression_type\"": null, \""regression_model\"": {\""model\"": \""SVM\"", \""model_params\"": {\""C\"": 0.1, \""tol\"": 0.001, \""epsilon\"": 0.0, \""loss\"": \""squared_epsilon_insensitive\"", \""max_iter\"": 50}}}"", ""TransformationParameters"": ""{\""fillna\"": \""rolling_mean_24\"", \""transformations\"": {\""0\"": \""DatepartRegression\"", \""1\"": \""DatepartRegression\"", \""2\"": \""MinMaxScaler\""}, \""transformation_params\"": {\""0\"": {\""regression_model\"": {\""model\"": \""ElasticNet\"", \""model_params\"": {\""l1_ratio\"": 0.5, \""fit_intercept\"": true, \""selection\"": \""cyclic\"", \""max_iter\"": 1000}}, \""datepart_method\"": \""anchored_segment_fourier:us_school\"", \""polynomial_degree\"": null, \""transform_dict\"": null, \""holiday_countries_used\"": false, \""lags\"": null, \""forward_lags\"": null}, \""1\"": {\""regression_model\"": {\""model\"": \""ElasticNet\"", \""model_params\"": {\""l1_ratio\"": 0.9, \""fit_intercept\"": true, \""selection\"": \""cyclic\"", \""max_iter\"": 200}}, \""datepart_method\"": \""common_fourier\"", \""polynomial_degree\"": null, \""transform_dict\"": null, \""holiday_countries_used\"": false, \""lags\"": null, \""forward_lags\"": 2}, \""2\"": {}}}""}, ""727a69c39da55c22e462197e5cede5c2"": {""Model"": ""WindowRegression"", ""ModelParameters"": ""{\""window_size\"": 10, \""input_dim\"": \""univariate\"", \""output_dim\"": \""1step\"", \""normalize_window\"": false, \""max_windows\"": 5000000, \""fourier_encoding_components\"": null, \""scale\"": true, \""datepart_method\"": null, \""regression_type\"": null, \""regression_model\"": {\""model\"": \""SVM\"", \""model_params\"": {\""C\"": 0.1, \""tol\"": 0.001, \""epsilon\"": 0.0, \""loss\"": \""squared_epsilon_insensitive\"", \""max_iter\"": 50}}}"", ""TransformationParameters"": ""{\""fillna\"": \""ffill\"", \""transformations\"": {\""0\"": \""MinMaxScaler\""}, \""transformation_params\"": {\""0\"": {}}}""}, ""474b2b4c4272ab687933f5d9bc0a6613"": {""Model"": ""WindowRegression"", ""ModelParameters"": ""{\""window_size\"": 10, \""input_dim\"": \""univariate\"", \""output_dim\"": \""1step\"", \""normalize_window\"": false, \""max_windows\"": 5000000, \""fourier_encoding_components\"": null, \""scale\"": true, \""datepart_method\"": null, \""regression_type\"": null, \""regression_model\"": {\""model\"": \""SVM\"", \""model_params\"": {\""C\"": 0.1, \""tol\"": 0.001, \""epsilon\"": 0.0, \""loss\"": \""squared_epsilon_insensitive\"", \""max_iter\"": 50}}}"", ""TransformationParameters"": ""{\""fillna\"": \""ffill\"", \""transformations\"": {\""0\"": \""DatepartRegression\"", \""1\"": \""MinMaxScaler\""}, \""transformation_params\"": {\""0\"": {\""regression_model\"": {\""model\"": \""ElasticNet\"", \""model_params\"": {\""l1_ratio\"": 0.5, \""fit_intercept\"": true, \""selection\"": \""cyclic\"", \""max_iter\"": 1000}}, \""datepart_method\"": \""anchored_segment_fourier:us_school\"", \""polynomial_degree\"": null, \""transform_dict\"": null, \""holiday_countries_used\"": false, \""lags\"": null, \""forward_lags\"": null}, \""1\"": {}}}""}}, ""point_method"": ""median"", ""model_weights"": {}}","{""fillna"": ""linear"", ""transformations"": {""0"": ""Constraint""}, ""transformation_params"": {""0"": {""constraint_method"": ""quantile"", ""constraint_direction"": ""lower"", ""constraint_regularization"": 0.7, ""constraint_value"": 0.5, ""bounds_only"": false, ""fillna"": ""linear""}}}",1,7,11.833183020862009,0.8421175653410218,1.0684084199051678,0.639347606733046,0.8421175653410218,0.0,-124.27099872623481,0.6107426976464013,406.2630674386089,0.7846778300472206,0.4951475705278763,0.30158730158730157,0.5190476190476191,3.4401955767252224,0.8746031746031747,1.4085792100893797,0.6288758151490004,3.2663076395114143,2.2589725866214,0.3452081728769458,40.284581244624874,14.45645025094701,17.353418984567874,0.06507683281654762,11.833183020862009,0.8421175653410218,1.0684084199051678,0.639347606733046,0.8421175653410218,0.0,0.6107426976464013,0.7846778300472206,0.4951475705278763,3.4401955767252224,0.8746031746031747,1.4085792100893797,0.6288758151490004,3.2663076395114143,2.2589725866214,0.3452081728769458,40.284581244624874,14.45645025094701,17.353418984567874,0.06507683281654762,0.30158730158730157,0.5190476190476191,4.974185714285714,23.138776235370763,15.549631531880099,Wh,15.549631531880099,Wh
239,ddd0a9b93d128068e461d5800b7574cb,Ensemble,"{""model_name"": ""BestN"", ""model_count"": 3, ""model_metric"": ""best_score"", ""models"": {""860cd5b05944ecb82d3157f8432afabb"": {""Model"": ""WindowRegression"", ""ModelParameters"": ""{\""window_size\"": 10, \""input_dim\"": \""univariate\"", \""output_dim\"": \""1step\"", \""normalize_window\"": false, \""max_windows\"": 5000000, \""fourier_encoding_components\"": null, \""scale\"": true, \""datepart_method\"": null, \""regression_type\"": null, \""regression_model\"": {\""model\"": \""SVM\"", \""model_params\"": {\""C\"": 0.1, \""tol\"": 0.001, \""epsilon\"": 0.0, \""loss\"": \""squared_epsilon_insensitive\"", \""max_iter\"": 50}}}"", ""TransformationParameters"": ""{\""fillna\"": \""pchip\"", \""transformations\"": {\""0\"": \""Scaler\""}, \""transformation_params\"": {\""0\"": {}}}""}, ""c0b1c7a0ef49e381d5aea93045d68ec6"": {""Model"": ""WindowRegression"", ""ModelParameters"": ""{\""window_size\"": 10, \""input_dim\"": \""univariate\"", \""output_dim\"": \""1step\"", \""normalize_window\"": false, \""max_windows\"": 5000000, \""fourier_encoding_components\"": null, \""scale\"": true, \""datepart_method\"": null, \""regression_type\"": null, \""regression_model\"": {\""model\"": \""SVM\"", \""model_params\"": {\""C\"": 0.1, \""tol\"": 0.001, \""epsilon\"": 0.0, \""loss\"": \""squared_epsilon_insensitive\"", \""max_iter\"": 50}}}"", ""TransformationParameters"": ""{\""fillna\"": \""ffill\"", \""transformations\"": {\""0\"": \""DatepartRegression\"", \""1\"": \""DatepartRegression\"", \""2\"": \""MinMaxScaler\"", \""3\"": \""Scaler\""}, \""transformation_params\"": {\""0\"": {\""regression_model\"": {\""model\"": \""ElasticNet\"", \""model_params\"": {\""l1_ratio\"": 0.5, \""fit_intercept\"": true, \""selection\"": \""cyclic\"", \""max_iter\"": 1000}}, \""datepart_method\"": \""anchored_segment_fourier:us_school\"", \""polynomial_degree\"": null, \""transform_dict\"": null, \""holiday_countries_used\"": false, \""lags\"": null, \""forward_lags\"": null}, \""1\"": {\""regression_model\"": {\""model\"": \""ElasticNet\"", \""model_params\"": {\""l1_ratio\"": 0.9, \""fit_intercept\"": true, \""selection\"": \""cyclic\"", \""max_iter\"": 200}}, \""datepart_method\"": \""common_fourier\"", \""polynomial_degree\"": null, \""transform_dict\"": null, \""holiday_countries_used\"": false, \""lags\"": null, \""forward_lags\"": 2}, \""2\"": {}, \""3\"": {}}}""}, ""610f0e543b94fb05cd2d59dc7f408967"": {""Model"": ""WindowRegression"", ""ModelParameters"": ""{\""window_size\"": 10, \""input_dim\"": \""univariate\"", \""output_dim\"": \""1step\"", \""normalize_window\"": false, \""max_windows\"": 5000000, \""fourier_encoding_components\"": null, \""scale\"": true, \""datepart_method\"": null, \""regression_type\"": null, \""regression_model\"": {\""model\"": \""SVM\"", \""model_params\"": {\""C\"": 0.1, \""tol\"": 0.001, \""epsilon\"": 0.0, \""loss\"": \""squared_epsilon_insensitive\"", \""max_iter\"": 50}}}"", ""TransformationParameters"": ""{\""fillna\"": \""rolling_mean_24\"", \""transformations\"": {\""0\"": \""DatepartRegression\"", \""1\"": \""DatepartRegression\"", \""2\"": \""MinMaxScaler\""}, \""transformation_params\"": {\""0\"": {\""regression_model\"": {\""model\"": \""ElasticNet\"", \""model_params\"": {\""l1_ratio\"": 0.5, \""fit_intercept\"": true, \""selection\"": \""cyclic\"", \""max_iter\"": 1000}}, \""datepart_method\"": \""anchored_segment_fourier:us_school\"", \""polynomial_degree\"": null, \""transform_dict\"": null, \""holiday_countries_used\"": false, \""lags\"": null, \""forward_lags\"": null}, \""1\"": {\""regression_model\"": {\""model\"": \""ElasticNet\"", \""model_params\"": {\""l1_ratio\"": 0.9, \""fit_intercept\"": true, \""selection\"": \""cyclic\"", \""max_iter\"": 200}}, \""datepart_method\"": \""common_fourier\"", \""polynomial_degree\"": null, \""transform_dict\"": null, \""holiday_countries_used\"": false, \""lags\"": null, \""forward_lags\"": 2}, \""2\"": {}}}""}}, ""model_weights"": {}, ""point_method"": ""mean""}","{""fillna"": ""linear"", ""transformations"": {""0"": ""Constraint""}, ""transformation_params"": {""0"": {""constraint_method"": ""quantile"", ""constraint_direction"": ""lower"", ""constraint_regularization"": 0.7, ""constraint_value"": 0.5, ""bounds_only"": false, ""fillna"": ""linear""}}}",1,7,11.812712383921633,0.8405044419072212,1.0661413085043532,0.6386551710775138,0.8405044419072212,0.0,-125.0762784642587,0.6104785755192044,404.4415199372906,0.7827044211514205,0.4938253148022733,0.30158730158730157,0.5190476190476191,3.4373381018301927,0.8761904761904763,1.406887772383383,0.6276756024488163,3.256799953344386,2.248324513475953,0.3439255732061773,39.90932021043313,14.361654731349097,17.402069771478004,0.06449498227337394,11.812712383921633,0.8405044419072212,1.0661413085043532,0.6386551710775138,0.8405044419072212,0.0,0.6104785755192044,0.7827044211514205,0.4938253148022733,3.4373381018301927,0.8761904761904763,1.406887772383383,0.6276756024488163,3.256799953344386,2.248324513475953,0.3439255732061773,39.90932021043313,14.361654731349097,17.402069771478004,0.06449498227337394,0.30158730158730157,0.5190476190476191,3.327914285714286,23.090302312785386,15.49651534675324,Wh,15.49651534675324,Wh
240,df2a75aa26bbc9b79058b2a555c830a4,RollingRegression,"{""regression_model"": {""model"": ""ExtraTrees"", ""model_params"": {""n_estimators"": 100, ""min_samples_leaf"": 1, ""min_samples_split"": 2, ""max_depth"": null, ""criterion"": ""squared_error"", ""max_features"": 1}}, ""holiday"": true, ""mean_rolling_periods"": 12, ""macd_periods"": 24, ""std_rolling_periods"": 7, ""max_rolling_periods"": null, ""min_rolling_periods"": 2, ""ewm_var_alpha"": null, ""quantile90_rolling_periods"": null, ""quantile10_rolling_periods"": null, ""ewm_alpha"": 0.2, ""additional_lag_periods"": 6, ""abs_energy"": false, ""rolling_autocorr_periods"": 7, ""nonzero_last_n"": null, ""add_date_part"": null, ""polynomial_degree"": null, ""x_transform"": null, ""regression_type"": null}","{""fillna"": ""ffill"", ""transformations"": {""0"": ""DatepartRegression"", ""1"": ""Detrend"", ""2"": ""Detrend""}, ""transformation_params"": {""0"": {""regression_model"": {""model"": ""ElasticNet"", ""model_params"": {""l1_ratio"": 0.5, ""fit_intercept"": true, ""selection"": ""cyclic"", ""max_iter"": 1000}}, ""datepart_method"": [365.25, ""is_quarter_start"", ""hour""], ""polynomial_degree"": null, ""transform_dict"": {""fillna"": null, ""transformations"": {""0"": ""ClipOutliers""}, ""transformation_params"": {""0"": {""method"": ""clip"", ""std_threshold"": 4}}}, ""holiday_countries_used"": false, ""lags"": null, ""forward_lags"": null}, ""1"": {""model"": ""GLS"", ""phi"": 1, ""window"": null, ""transform_dict"": {""fillna"": null, ""transformations"": {""0"": ""EWMAFilter""}, ""transformation_params"": {""0"": {""span"": 2}}}}, ""2"": {""model"": ""Linear"", ""phi"": 1, ""window"": null, ""transform_dict"": {""fillna"": ""rolling_mean_24"", ""transformations"": {""0"": ""DifferencedTransformer"", ""1"": ""AlignLastValue""}, ""transformation_params"": {""0"": {""lag"": 2, ""fill"": ""bfill""}, ""1"": {""rows"": 1, ""lag"": 7, ""method"": ""additive"", ""strength"": 1.0, ""first_value_only"": false, ""threshold"": 10, ""threshold_method"": ""max"", ""mean_type"": ""arithmetic""}}}}}}",0,1,12.581692513707049,0.797751225452678,0.9629757890126652,0.6458746950383242,0.797751225452678,0.0,-1.4198913089731704,0.547268282241555,70.37771898176787,0.7956499703922861,0.46440420824950784,0.9444444444444444,0.4666666666666667,2.419094720827741,0.8333333333333334,1.4801239782222082,0.6085427814876434,3.0058191718807543,1.2703197084261504,0.3238534640386182,68.95782767279469,41.99471703205535,14.231807559116707,0.12494617470559684,12.581692513707049,0.797751225452678,0.9629757890126652,0.6458746950383242,0.797751225452678,0.0,0.547268282241555,0.7956499703922861,0.46440420824950784,2.419094720827741,0.8333333333333334,1.4801239782222082,0.6085427814876434,3.0058191718807543,1.2703197084261504,0.3238534640386182,68.95782767279469,41.99471703205535,14.231807559116707,0.12494617470559684,0.9444444444444444,0.4666666666666667,13.1132,22.84858131562611,11.475182754719116,Wh,11.475182754719116,Wh
241,763fdba0073e310c42bb02fd0ac3b584,Ensemble,"{""model_name"": ""BestN"", ""model_count"": 3, ""model_metric"": ""best_score"", ""models"": {""860cd5b05944ecb82d3157f8432afabb"": {""Model"": ""WindowRegression"", ""ModelParameters"": ""{\""window_size\"": 10, \""input_dim\"": \""univariate\"", \""output_dim\"": \""1step\"", \""normalize_window\"": false, \""max_windows\"": 5000000, \""fourier_encoding_components\"": null, \""scale\"": true, \""datepart_method\"": null, \""regression_type\"": null, \""regression_model\"": {\""model\"": \""SVM\"", \""model_params\"": {\""C\"": 0.1, \""tol\"": 0.001, \""epsilon\"": 0.0, \""loss\"": \""squared_epsilon_insensitive\"", \""max_iter\"": 50}}}"", ""TransformationParameters"": ""{\""fillna\"": \""pchip\"", \""transformations\"": {\""0\"": \""Scaler\""}, \""transformation_params\"": {\""0\"": {}}}""}, ""c0b1c7a0ef49e381d5aea93045d68ec6"": {""Model"": ""WindowRegression"", ""ModelParameters"": ""{\""window_size\"": 10, \""input_dim\"": \""univariate\"", \""output_dim\"": \""1step\"", \""normalize_window\"": false, \""max_windows\"": 5000000, \""fourier_encoding_components\"": null, \""scale\"": true, \""datepart_method\"": null, \""regression_type\"": null, \""regression_model\"": {\""model\"": \""SVM\"", \""model_params\"": {\""C\"": 0.1, \""tol\"": 0.001, \""epsilon\"": 0.0, \""loss\"": \""squared_epsilon_insensitive\"", \""max_iter\"": 50}}}"", ""TransformationParameters"": ""{\""fillna\"": \""ffill\"", \""transformations\"": {\""0\"": \""DatepartRegression\"", \""1\"": \""DatepartRegression\"", \""2\"": \""MinMaxScaler\"", \""3\"": \""Scaler\""}, \""transformation_params\"": {\""0\"": {\""regression_model\"": {\""model\"": \""ElasticNet\"", \""model_params\"": {\""l1_ratio\"": 0.5, \""fit_intercept\"": true, \""selection\"": \""cyclic\"", \""max_iter\"": 1000}}, \""datepart_method\"": \""anchored_segment_fourier:us_school\"", \""polynomial_degree\"": null, \""transform_dict\"": null, \""holiday_countries_used\"": false, \""lags\"": null, \""forward_lags\"": null}, \""1\"": {\""regression_model\"": {\""model\"": \""ElasticNet\"", \""model_params\"": {\""l1_ratio\"": 0.9, \""fit_intercept\"": true, \""selection\"": \""cyclic\"", \""max_iter\"": 200}}, \""datepart_method\"": \""common_fourier\"", \""polynomial_degree\"": null, \""transform_dict\"": null, \""holiday_countries_used\"": false, \""lags\"": null, \""forward_lags\"": 2}, \""2\"": {}, \""3\"": {}}}""}, ""610f0e543b94fb05cd2d59dc7f408967"": {""Model"": ""WindowRegression"", ""ModelParameters"": ""{\""window_size\"": 10, \""input_dim\"": \""univariate\"", \""output_dim\"": \""1step\"", \""normalize_window\"": false, \""max_windows\"": 5000000, \""fourier_encoding_components\"": null, \""scale\"": true, \""datepart_method\"": null, \""regression_type\"": null, \""regression_model\"": {\""model\"": \""SVM\"", \""model_params\"": {\""C\"": 0.1, \""tol\"": 0.001, \""epsilon\"": 0.0, \""loss\"": \""squared_epsilon_insensitive\"", \""max_iter\"": 50}}}"", ""TransformationParameters"": ""{\""fillna\"": \""rolling_mean_24\"", \""transformations\"": {\""0\"": \""DatepartRegression\"", \""1\"": \""DatepartRegression\"", \""2\"": \""MinMaxScaler\""}, \""transformation_params\"": {\""0\"": {\""regression_model\"": {\""model\"": \""ElasticNet\"", \""model_params\"": {\""l1_ratio\"": 0.5, \""fit_intercept\"": true, \""selection\"": \""cyclic\"", \""max_iter\"": 1000}}, \""datepart_method\"": \""anchored_segment_fourier:us_school\"", \""polynomial_degree\"": null, \""transform_dict\"": null, \""holiday_countries_used\"": false, \""lags\"": null, \""forward_lags\"": null}, \""1\"": {\""regression_model\"": {\""model\"": \""ElasticNet\"", \""model_params\"": {\""l1_ratio\"": 0.9, \""fit_intercept\"": true, \""selection\"": \""cyclic\"", \""max_iter\"": 200}}, \""datepart_method\"": \""common_fourier\"", \""polynomial_degree\"": null, \""transform_dict\"": null, \""holiday_countries_used\"": false, \""lags\"": null, \""forward_lags\"": 2}, \""2\"": {}}}""}}, ""model_weights"": {}, ""point_method"": ""mean""}","{""fillna"": ""ffill"", ""transformations"": {""0"": ""RegressionFilter"", ""1"": ""HistoricValues""}, ""transformation_params"": {""0"": {""sigma"": 1, ""rolling_window"": 90, ""run_order"": ""season_first"", ""regression_params"": {""regression_model"": {""model"": ""ElasticNet"", ""model_params"": {""l1_ratio"": 0.5, ""fit_intercept"": false, ""selection"": ""cyclic"", ""max_iter"": 2000}}, ""datepart_method"": ""simple"", ""polynomial_degree"": null, ""transform_dict"": {""fillna"": null, ""transformations"": {""0"": ""ScipyFilter""}, ""transformation_params"": {""0"": {""method"": ""savgol_filter"", ""method_args"": {""window_length"": 31, ""polyorder"": 3, ""deriv"": 0, ""mode"": ""interp""}}}}, ""holiday_countries_used"": false, ""lags"": null, ""forward_lags"": null}, ""holiday_params"": null, ""trend_method"": ""rolling_mean""}, ""1"": {""window"": 28}}}",1,7,12.48610674612278,0.8822854306119277,1.1198594286011971,0.8372457997308135,0.8822854306119277,0.0,-357.4048890536113,0.7724733010640487,198.43493223190308,0.6728245374422865,0.3840362068324266,0.5507936507936508,0.4888888888888889,3.2627296447753906,0.9285714285714286,1.351646321098908,0.6585243168527553,3.109508422567298,1.86886465945379,0.7115123074358969,25.19801636345448,15.065944896189873,5.026755828428814,0.03848073449887144,12.48610674612278,0.8822854306119277,1.1198594286011971,0.8372457997308135,0.8822854306119277,0.0,0.7724733010640487,0.6728245374422865,0.3840362068324266,3.2627296447753906,0.9285714285714286,1.351646321098908,0.6585243168527553,3.109508422567298,1.86886465945379,0.7115123074358969,25.19801636345448,15.065944896189873,5.026755828428814,0.03848073449887144,0.5507936507936508,0.4888888888888889,3.3569,22.704786397060875,13.797279360459738,Wh,13.797279360459738,Wh
242,62298f7304ca4c0cd76b35affb9c5a95,RollingRegression,"{""regression_model"": {""model"": ""HistGradientBoost"", ""model_params"": {""loss"": ""squared_error"", ""learning_rate"": 1, ""max_depth"": null, ""min_samples_leaf"": 20, ""max_iter"": 100, ""l2_regularization"": 0}}, ""holiday"": false, ""mean_rolling_periods"": 5, ""macd_periods"": 17, ""std_rolling_periods"": 10, ""max_rolling_periods"": null, ""min_rolling_periods"": 2, ""ewm_var_alpha"": null, ""quantile90_rolling_periods"": null, ""quantile10_rolling_periods"": null, ""ewm_alpha"": null, ""additional_lag_periods"": 90, ""abs_energy"": false, ""rolling_autocorr_periods"": null, ""nonzero_last_n"": null, ""add_date_part"": null, ""polynomial_degree"": null, ""x_transform"": ""Nystroem"", ""regression_type"": null}","{""fillna"": ""zero"", ""transformations"": {""0"": ""Detrend"", ""1"": ""Detrend""}, ""transformation_params"": {""0"": {""model"": ""Linear"", ""phi"": 1, ""window"": null, ""transform_dict"": {""fillna"": null, ""transformations"": {""0"": ""ClipOutliers""}, ""transformation_params"": {""0"": {""method"": ""clip"", ""std_threshold"": 4}}}}, ""1"": {""model"": ""Linear"", ""phi"": 1, ""window"": 30, ""transform_dict"": null}}}",0,1,12.67414480107392,0.7661238991461007,0.9562424697445451,0.9999218399832337,0.7661238991461007,0.0,-34.0583418113057,0.6350522745867401,34.892809111843356,0.6514866137242425,0.4677746777595944,0.9666666666666667,0.4888888888888889,2.6731461077258967,0.9,1.4527917079402477,0.5813492566486579,3.0201819133457692,1.6371653493170408,0.6453354269466636,0.8344673005376535,4.158864624228205,8.658874416690526,0.0015119892931345859,12.67414480107392,0.7661238991461007,0.9562424697445451,0.9999218399832337,0.7661238991461007,0.0,0.6350522745867401,0.6514866137242425,0.4677746777595944,2.6731461077258967,0.9,1.4527917079402477,0.5813492566486579,3.0201819133457692,1.6371653493170408,0.6453354269466636,0.8344673005376535,4.158864624228205,8.658874416690526,0.0015119892931345859,0.9666666666666667,0.4888888888888889,1.3356,22.623350396554045,11.020242244655758,Wh,11.020242244655758,Wh
243,b691a1b40ac134050b0723cb1e09a40d,Ensemble,"{""model_name"": ""BestN"", ""model_count"": 5, ""model_metric"": ""bestn_horizontal"", ""models"": {""860cd5b05944ecb82d3157f8432afabb"": {""Model"": ""WindowRegression"", ""ModelParameters"": ""{\""window_size\"": 10, \""input_dim\"": \""univariate\"", \""output_dim\"": \""1step\"", \""normalize_window\"": false, \""max_windows\"": 5000000, \""fourier_encoding_components\"": null, \""scale\"": true, \""datepart_method\"": null, \""regression_type\"": null, \""regression_model\"": {\""model\"": \""SVM\"", \""model_params\"": {\""C\"": 0.1, \""tol\"": 0.001, \""epsilon\"": 0.0, \""loss\"": \""squared_epsilon_insensitive\"", \""max_iter\"": 50}}}"", ""TransformationParameters"": ""{\""fillna\"": \""pchip\"", \""transformations\"": {\""0\"": \""Scaler\""}, \""transformation_params\"": {\""0\"": {}}}""}, ""c0b1c7a0ef49e381d5aea93045d68ec6"": {""Model"": ""WindowRegression"", ""ModelParameters"": ""{\""window_size\"": 10, \""input_dim\"": \""univariate\"", \""output_dim\"": \""1step\"", \""normalize_window\"": false, \""max_windows\"": 5000000, \""fourier_encoding_components\"": null, \""scale\"": true, \""datepart_method\"": null, \""regression_type\"": null, \""regression_model\"": {\""model\"": \""SVM\"", \""model_params\"": {\""C\"": 0.1, \""tol\"": 0.001, \""epsilon\"": 0.0, \""loss\"": \""squared_epsilon_insensitive\"", \""max_iter\"": 50}}}"", ""TransformationParameters"": ""{\""fillna\"": \""ffill\"", \""transformations\"": {\""0\"": \""DatepartRegression\"", \""1\"": \""DatepartRegression\"", \""2\"": \""MinMaxScaler\"", \""3\"": \""Scaler\""}, \""transformation_params\"": {\""0\"": {\""regression_model\"": {\""model\"": \""ElasticNet\"", \""model_params\"": {\""l1_ratio\"": 0.5, \""fit_intercept\"": true, \""selection\"": \""cyclic\"", \""max_iter\"": 1000}}, \""datepart_method\"": \""anchored_segment_fourier:us_school\"", \""polynomial_degree\"": null, \""transform_dict\"": null, \""holiday_countries_used\"": false, \""lags\"": null, \""forward_lags\"": null}, \""1\"": {\""regression_model\"": {\""model\"": \""ElasticNet\"", \""model_params\"": {\""l1_ratio\"": 0.9, \""fit_intercept\"": true, \""selection\"": \""cyclic\"", \""max_iter\"": 200}}, \""datepart_method\"": \""common_fourier\"", \""polynomial_degree\"": null, \""transform_dict\"": null, \""holiday_countries_used\"": false, \""lags\"": null, \""forward_lags\"": 2}, \""2\"": {}, \""3\"": {}}}""}, ""610f0e543b94fb05cd2d59dc7f408967"": {""Model"": ""WindowRegression"", ""ModelParameters"": ""{\""window_size\"": 10, \""input_dim\"": \""univariate\"", \""output_dim\"": \""1step\"", \""normalize_window\"": false, \""max_windows\"": 5000000, \""fourier_encoding_components\"": null, \""scale\"": true, \""datepart_method\"": null, \""regression_type\"": null, \""regression_model\"": {\""model\"": \""SVM\"", \""model_params\"": {\""C\"": 0.1, \""tol\"": 0.001, \""epsilon\"": 0.0, \""loss\"": \""squared_epsilon_insensitive\"", \""max_iter\"": 50}}}"", ""TransformationParameters"": ""{\""fillna\"": \""rolling_mean_24\"", \""transformations\"": {\""0\"": \""DatepartRegression\"", \""1\"": \""DatepartRegression\"", \""2\"": \""MinMaxScaler\""}, \""transformation_params\"": {\""0\"": {\""regression_model\"": {\""model\"": \""ElasticNet\"", \""model_params\"": {\""l1_ratio\"": 0.5, \""fit_intercept\"": true, \""selection\"": \""cyclic\"", \""max_iter\"": 1000}}, \""datepart_method\"": \""anchored_segment_fourier:us_school\"", \""polynomial_degree\"": null, \""transform_dict\"": null, \""holiday_countries_used\"": false, \""lags\"": null, \""forward_lags\"": null}, \""1\"": {\""regression_model\"": {\""model\"": \""ElasticNet\"", \""model_params\"": {\""l1_ratio\"": 0.9, \""fit_intercept\"": true, \""selection\"": \""cyclic\"", \""max_iter\"": 200}}, \""datepart_method\"": \""common_fourier\"", \""polynomial_degree\"": null, \""transform_dict\"": null, \""holiday_countries_used\"": false, \""lags\"": null, \""forward_lags\"": 2}, \""2\"": {}}}""}, ""727a69c39da55c22e462197e5cede5c2"": {""Model"": ""WindowRegression"", ""ModelParameters"": ""{\""window_size\"": 10, \""input_dim\"": \""univariate\"", \""output_dim\"": \""1step\"", \""normalize_window\"": false, \""max_windows\"": 5000000, \""fourier_encoding_components\"": null, \""scale\"": true, \""datepart_method\"": null, \""regression_type\"": null, \""regression_model\"": {\""model\"": \""SVM\"", \""model_params\"": {\""C\"": 0.1, \""tol\"": 0.001, \""epsilon\"": 0.0, \""loss\"": \""squared_epsilon_insensitive\"", \""max_iter\"": 50}}}"", ""TransformationParameters"": ""{\""fillna\"": \""ffill\"", \""transformations\"": {\""0\"": \""MinMaxScaler\""}, \""transformation_params\"": {\""0\"": {}}}""}, ""474b2b4c4272ab687933f5d9bc0a6613"": {""Model"": ""WindowRegression"", ""ModelParameters"": ""{\""window_size\"": 10, \""input_dim\"": \""univariate\"", \""output_dim\"": \""1step\"", \""normalize_window\"": false, \""max_windows\"": 5000000, \""fourier_encoding_components\"": null, \""scale\"": true, \""datepart_method\"": null, \""regression_type\"": null, \""regression_model\"": {\""model\"": \""SVM\"", \""model_params\"": {\""C\"": 0.1, \""tol\"": 0.001, \""epsilon\"": 0.0, \""loss\"": \""squared_epsilon_insensitive\"", \""max_iter\"": 50}}}"", ""TransformationParameters"": ""{\""fillna\"": \""ffill\"", \""transformations\"": {\""0\"": \""DatepartRegression\"", \""1\"": \""MinMaxScaler\""}, \""transformation_params\"": {\""0\"": {\""regression_model\"": {\""model\"": \""ElasticNet\"", \""model_params\"": {\""l1_ratio\"": 0.5, \""fit_intercept\"": true, \""selection\"": \""cyclic\"", \""max_iter\"": 1000}}, \""datepart_method\"": \""anchored_segment_fourier:us_school\"", \""polynomial_degree\"": null, \""transform_dict\"": null, \""holiday_countries_used\"": false, \""lags\"": null, \""forward_lags\"": null}, \""1\"": {}}}""}}, ""point_method"": ""median"", ""model_weights"": {}}","{""fillna"": ""ffill"", ""transformations"": {""0"": ""RegressionFilter"", ""1"": ""HistoricValues""}, ""transformation_params"": {""0"": {""sigma"": 1, ""rolling_window"": 90, ""run_order"": ""season_first"", ""regression_params"": {""regression_model"": {""model"": ""ElasticNet"", ""model_params"": {""l1_ratio"": 0.5, ""fit_intercept"": false, ""selection"": ""cyclic"", ""max_iter"": 2000}}, ""datepart_method"": ""simple"", ""polynomial_degree"": null, ""transform_dict"": {""fillna"": null, ""transformations"": {""0"": ""ScipyFilter""}, ""transformation_params"": {""0"": {""method"": ""savgol_filter"", ""method_args"": {""window_length"": 31, ""polyorder"": 3, ""deriv"": 0, ""mode"": ""interp""}}}}, ""holiday_countries_used"": false, ""lags"": null, ""forward_lags"": null}, ""holiday_params"": null, ""trend_method"": ""rolling_mean""}, ""1"": {""window"": 28}}}",1,7,12.405368871046974,0.8764778401273084,1.112256131702823,0.8362747069889069,0.8764778401273084,0.0,-351.7998184626384,0.7652825237235107,200.38122081756592,0.6719085312706641,0.3817037324581443,0.5507936507936508,0.4984126984126984,3.2627296447753906,0.9285714285714286,1.3507147397793056,0.6546578033159006,3.1048682177878635,1.8545130041379718,0.71387008260961,24.56014775470727,14.755247628837363,4.968013669760965,0.0375820995954892,12.405368871046974,0.8764778401273084,1.112256131702823,0.8362747069889069,0.8764778401273084,0.0,0.7652825237235107,0.6719085312706641,0.3817037324581443,3.2627296447753906,0.9285714285714286,1.3507147397793056,0.6546578033159006,3.1048682177878635,1.8545130041379718,0.71387008260961,24.56014775470727,14.755247628837363,4.968013669760965,0.0375820995954892,0.5507936507936508,0.4984126984126984,5.000171428571428,22.55773744349336,13.680070327775873,Wh,13.680070327775873,Wh
244,a9e2a0e20abdf7cfb93325b43c9edc2e,WindowRegression,"{""window_size"": 10, ""input_dim"": ""univariate"", ""output_dim"": ""1step"", ""normalize_window"": false, ""max_windows"": 5000000, ""fourier_encoding_components"": null, ""scale"": true, ""datepart_method"": null, ""regression_type"": null, ""regression_model"": {""model"": ""SVM"", ""model_params"": {""C"": 0.1, ""tol"": 0.001, ""epsilon"": 0.0, ""loss"": ""squared_epsilon_insensitive"", ""max_iter"": 50}}}","{""fillna"": ""time"", ""transformations"": {""0"": ""MinMaxScaler"", ""1"": ""Detrend"", ""2"": ""MinMaxScaler"", ""3"": ""Scaler""}, ""transformation_params"": {""0"": {}, ""1"": {""model"": ""Linear"", ""phi"": 1, ""window"": null, ""transform_dict"": null}, ""2"": {}, ""3"": {}}}",0,2,12.84692418356225,0.8520846325856212,1.0591549534357438,0.8105236541841122,0.8520846325856212,0.0,-103.95541909719981,0.7670280530534984,49.41981476821201,0.6216096914759625,0.37806981905583065,0.7555555555555555,0.49444444444444446,3.3783651630761753,0.788888888888889,1.460320329578657,0.6526767323882527,3.238258405451286,1.6619697394441482,0.5227924780518439,36.76664161227147,20.00012775906187,15.570388394396565,0.05702661308208035,12.84692418356225,0.8520846325856212,1.0591549534357438,0.8105236541841122,0.8520846325856212,0.0,0.7670280530534984,0.6216096914759625,0.37806981905583065,3.3783651630761753,0.788888888888889,1.460320329578657,0.6526767323882527,3.238258405451286,1.6619697394441482,0.5227924780518439,36.76664161227147,20.00012775906187,15.570388394396565,0.05702661308208035,0.7555555555555555,0.49444444444444446,0.39925,22.54606595179913,18.265387437872402,Wh,18.265387437872402,Wh
245,9dce7e34882660c87540e2fe7e37f458,WindowRegression,"{""window_size"": 10, ""input_dim"": ""univariate"", ""output_dim"": ""1step"", ""normalize_window"": false, ""max_windows"": 5000000, ""fourier_encoding_components"": null, ""scale"": true, ""datepart_method"": null, ""regression_type"": null, ""regression_model"": {""model"": ""SVM"", ""model_params"": {""C"": 0.1, ""tol"": 0.001, ""epsilon"": 0.0, ""loss"": ""squared_epsilon_insensitive"", ""max_iter"": 50}}}","{""fillna"": ""ffill"", ""transformations"": {""0"": ""MinMaxScaler"", ""1"": ""Detrend"", ""2"": ""MinMaxScaler"", ""3"": ""Scaler""}, ""transformation_params"": {""0"": {}, ""1"": {""model"": ""Linear"", ""phi"": 1, ""window"": null, ""transform_dict"": null}, ""2"": {}, ""3"": {}}}",0,2,12.84692418356225,0.8520846325856212,1.0591549534357438,0.8105236541841122,0.8520846325856212,0.0,-103.95541909719981,0.7670280530534984,49.41981476821201,0.6216096914759625,0.37806981905583065,0.7555555555555555,0.49444444444444446,3.3783651630761753,0.788888888888889,1.460320329578657,0.6526767323882527,3.238258405451286,1.6619697394441482,0.5227924780518439,36.76664161227147,20.00012775906187,15.570388394396565,0.05702661308208035,12.84692418356225,0.8520846325856212,1.0591549534357438,0.8105236541841122,0.8520846325856212,0.0,0.7670280530534984,0.6216096914759625,0.37806981905583065,3.3783651630761753,0.788888888888889,1.460320329578657,0.6526767323882527,3.238258405451286,1.6619697394441482,0.5227924780518439,36.76664161227147,20.00012775906187,15.570388394396565,0.05702661308208035,0.7555555555555555,0.49444444444444446,0.356,22.54605823024786,18.265387437872402,Wh,18.265387437872402,Wh
246,acb38f44b58cca69ade1124de497495f,Ensemble,"{""model_name"": ""BestN"", ""model_count"": 3, ""model_metric"": ""bestn_horizontal"", ""models"": {""a8ddd1ef89834c17140b9aab182e2ad4"": {""Model"": ""RollingRegression"", ""ModelParameters"": ""{\""regression_model\"": {\""model\"": \""ExtraTrees\"", \""model_params\"": {\""n_estimators\"": 100, \""min_samples_leaf\"": 1, \""min_samples_split\"": 2, \""max_depth\"": null, \""criterion\"": \""squared_error\"", \""max_features\"": 1}}, \""holiday\"": true, \""mean_rolling_periods\"": 7, \""macd_periods\"": 46, \""std_rolling_periods\"": 7, \""max_rolling_periods\"": 12, \""min_rolling_periods\"": 2, \""ewm_var_alpha\"": null, \""quantile90_rolling_periods\"": null, \""quantile10_rolling_periods\"": null, \""ewm_alpha\"": null, \""additional_lag_periods\"": 90, \""abs_energy\"": false, \""rolling_autocorr_periods\"": null, \""nonzero_last_n\"": null, \""add_date_part\"": \""simple_2\"", \""polynomial_degree\"": null, \""x_transform\"": null, \""regression_type\"": null}"", ""TransformationParameters"": ""{\""fillna\"": \""ffill\"", \""transformations\"": {\""0\"": \""Scaler\"", \""1\"": \""Detrend\"", \""2\"": \""DatepartRegression\""}, \""transformation_params\"": {\""0\"": {}, \""1\"": {\""model\"": \""Linear\"", \""phi\"": 1, \""window\"": 30, \""transform_dict\"": null}, \""2\"": {\""regression_model\"": {\""model\"": \""ElasticNet\"", \""model_params\"": {\""l1_ratio\"": 0.5, \""fit_intercept\"": true, \""selection\"": \""cyclic\"", \""max_iter\"": 1000}}, \""datepart_method\"": \""common_fourier\"", \""polynomial_degree\"": null, \""transform_dict\"": null, \""holiday_countries_used\"": false, \""lags\"": null, \""forward_lags\"": null}}}""}, ""a6a1477ee2b31d009999314fa5df12a0"": {""Model"": ""ARIMA"", ""ModelParameters"": ""{\""p\"": 4, \""d\"": 0, \""q\"": 0, \""regression_type\"": \""Holiday\""}"", ""TransformationParameters"": ""{\""fillna\"": \""ffill\"", \""transformations\"": {\""0\"": \""Scaler\"", \""1\"": \""Detrend\"", \""2\"": \""DatepartRegression\""}, \""transformation_params\"": {\""0\"": {}, \""1\"": {\""model\"": \""Linear\"", \""phi\"": 1, \""window\"": 30, \""transform_dict\"": null}, \""2\"": {\""regression_model\"": {\""model\"": \""ElasticNet\"", \""model_params\"": {\""l1_ratio\"": 0.5, \""fit_intercept\"": true, \""selection\"": \""cyclic\"", \""max_iter\"": 1000}}, \""datepart_method\"": \""common_fourier\"", \""polynomial_degree\"": null, \""transform_dict\"": null, \""holiday_countries_used\"": false, \""lags\"": null, \""forward_lags\"": null}}}""}}, ""model_weights"": {""92d666001d3288989025051fecaf3542"": 3.0, ""a8ddd1ef89834c17140b9aab182e2ad4"": 2.0, ""a6a1477ee2b31d009999314fa5df12a0"": 1.0}, ""point_method"": ""mean""}","{""fillna"": ""fake_date"", ""transformations"": {""0"": ""AlignLastValue"", ""1"": ""AlignLastValue""}, ""transformation_params"": {""0"": {""rows"": 4, ""lag"": 28, ""method"": ""additive"", ""strength"": 0.2, ""first_value_only"": false, ""threshold"": 1, ""threshold_method"": ""max""}, ""1"": {""rows"": 1, ""lag"": 1, ""method"": ""additive"", ""strength"": 1.0, ""first_value_only"": false, ""threshold"": 1, ""threshold_method"": ""mean""}}}",1,2,12.627234024357222,0.8478241774160455,1.0487965242822754,0.5656692134357537,0.8478241774160455,0.0,-101.66804949758878,0.7646798236833031,50.9403024372994,0.6308829436915804,0.391561465579222,0.9444444444444444,0.5277777777777778,3.449290784221704,0.9277777777777778,1.3483225262349978,0.6487992562411027,2.8851076275634515,1.1532190265607518,0.10504842992613611,65.41042881585474,33.7779218897764,23.718202127496752,0.10492157106634648,12.627234024357222,0.8478241774160455,1.0487965242822754,0.5656692134357537,0.8478241774160455,0.0,0.7646798236833031,0.6308829436915804,0.391561465579222,3.449290784221704,0.9277777777777778,1.3483225262349978,0.6487992562411027,2.8851076275634515,1.1532190265607518,0.10504842992613611,65.41042881585474,33.7779218897764,23.718202127496752,0.10492157106634648,0.9444444444444444,0.5277777777777778,13.661349999999999,22.529460019749774,16.635568657496723,Wh,16.635568657496723,Wh
247,d72eafe5c68b6bd71ecfa6a1ee71274e,ARIMA,"{""p"": 4, ""d"": 1, ""q"": 5, ""regression_type"": null}","{""fillna"": ""ffill"", ""transformations"": {""0"": ""Scaler"", ""1"": ""Detrend"", ""2"": ""Scaler""}, ""transformation_params"": {""0"": {}, ""1"": {""model"": ""Linear"", ""phi"": 1, ""window"": 30, ""transform_dict"": null}, ""2"": {}}}",0,2,10.01498808285586,0.6847033482273075,0.8803913719477336,0.5885168536649192,0.6847033482273075,0.0,-29.93040900264254,0.5031533070757321,93.3161936782728,0.645695112050176,0.6630883264992942,0.9888888888888889,0.55,4.111498563871361,0.9444444444444444,1.3350315789619187,0.510819164024633,2.8372874843454268,2.5495615710107407,0.13551914899878179,31.692892337815138,12.292348656595875,20.714535164517557,0.04833614632833965,10.01498808285586,0.6847033482273075,0.8803913719477336,0.5885168536649192,0.6847033482273075,0.0,0.5031533070757321,0.645695112050176,0.6630883264992942,4.111498563871361,0.9444444444444444,1.3350315789619187,0.510819164024633,2.8372874843454268,2.5495615710107407,0.13551914899878179,31.692892337815138,12.292348656595875,20.714535164517557,0.04833614632833965,0.9888888888888889,0.55,1.0909,22.296475247906834,13.202484405478144,Wh,13.202484405478144,Wh
248,ee3a8ac7655a468378cb5b19f07c91a1,ARIMA,"{""p"": 5, ""d"": 1, ""q"": 1, ""regression_type"": null}","{""fillna"": ""cubic"", ""transformations"": {""0"": ""Scaler"", ""1"": ""Detrend"", ""2"": ""DatepartRegression""}, ""transformation_params"": {""0"": {}, ""1"": {""model"": ""Linear"", ""phi"": 1, ""window"": 30, ""transform_dict"": null}, ""2"": {""regression_model"": {""model"": ""ElasticNet"", ""model_params"": {""l1_ratio"": 0.5, ""fit_intercept"": true, ""selection"": ""cyclic"", ""max_iter"": 1000}}, ""datepart_method"": ""common_fourier"", ""polynomial_degree"": null, ""transform_dict"": null, ""holiday_countries_used"": false, ""lags"": null, ""forward_lags"": null}}}",0,2,9.052463052822324,0.6076381327484626,0.7902939048020701,0.5808239106947964,0.6076381327484626,0.0,-39.61073997267498,0.48223016163098015,69.76412392204828,0.5528223247756603,0.7634395342055275,0.9944444444444445,0.5333333333333333,3.7281164642510998,0.9444444444444444,1.2972131498988748,0.4421591126663791,2.403073742138516,2.4854832858026636,0.09495648492610477,15.076691974686657,7.332329225846886,22.479619698075286,0.023407525589051636,9.052463052822324,0.6076381327484626,0.7902939048020701,0.5808239106947964,0.6076381327484626,0.0,0.48223016163098015,0.5528223247756603,0.7634395342055275,3.7281164642510998,0.9444444444444444,1.2972131498988748,0.4421591126663791,2.403073742138516,2.4854832858026636,0.09495648492610477,15.076691974686657,7.332329225846886,22.479619698075286,0.023407525589051636,0.9944444444444445,0.5333333333333333,0.25229999999999997,22.038895415796418,10.951521193005547,Wh,10.951521193005547,Wh
249,8f85c1c976b65772224dc3b73cb15e2f,WindowRegression,"{""window_size"": 10, ""input_dim"": ""univariate"", ""output_dim"": ""1step"", ""normalize_window"": false, ""max_windows"": 5000000, ""fourier_encoding_components"": null, ""scale"": true, ""datepart_method"": null, ""regression_type"": null, ""regression_model"": {""model"": ""SVM"", ""model_params"": {""C"": 0.1, ""tol"": 0.001, ""epsilon"": 0.0, ""loss"": ""squared_epsilon_insensitive"", ""max_iter"": 50}}}","{""fillna"": ""rolling_mean_24"", ""transformations"": {""0"": ""Detrend""}, ""transformation_params"": {""0"": {""model"": ""Linear"", ""phi"": 1, ""window"": null, ""transform_dict"": {""fillna"": null, ""transformations"": {""0"": ""EWMAFilter""}, ""transformation_params"": {""0"": {""span"": 7}}}}}}",0,1,12.564911231353896,0.7950488226741504,0.9535599745378407,0.5609724055055488,0.7950488226741504,0.0,-0.8872754681323949,0.54763340268278,70.66711857254117,0.7931873819232602,0.35764856557334385,0.8444444444444444,0.5,2.5216933933802412,0.9444444444444444,1.414781585964395,0.6124354682625776,2.96708442415058,1.2599754274346258,0.04314949272516573,69.77984310440877,42.0818524482733,20.8059328055764,0.12643560218896388,12.564911231353896,0.7950488226741504,0.9535599745378407,0.5609724055055488,0.7950488226741504,0.0,0.54763340268278,0.7931873819232602,0.35764856557334385,2.5216933933802412,0.9444444444444444,1.414781585964395,0.6124354682625776,2.96708442415058,1.2599754274346258,0.04314949272516573,69.77984310440877,42.0818524482733,20.8059328055764,0.12643560218896388,0.8444444444444444,0.5,0.2733,21.49461876195362,11.436310278223868,Wh,11.436310278223868,Wh
250,38f98ae8e6adfbede6148f99ee3644b7,ARIMA,"{""p"": 4, ""d"": 1, ""q"": 1, ""regression_type"": null}","{""fillna"": ""akima"", ""transformations"": {""0"": ""Detrend"", ""1"": ""Detrend"", ""2"": ""DatepartRegression""}, ""transformation_params"": {""0"": {""model"": ""GLS"", ""phi"": 1, ""window"": null, ""transform_dict"": {""fillna"": null, ""transformations"": {""0"": ""ScipyFilter""}, ""transformation_params"": {""0"": {""method"": ""savgol_filter"", ""method_args"": {""window_length"": 31, ""polyorder"": 3, ""deriv"": 0, ""mode"": ""interp""}}}}}, ""1"": {""model"": ""Linear"", ""phi"": 1, ""window"": 30, ""transform_dict"": null}, ""2"": {""regression_model"": {""model"": ""ElasticNet"", ""model_params"": {""l1_ratio"": 0.5, ""fit_intercept"": true, ""selection"": ""cyclic"", ""max_iter"": 1000}}, ""datepart_method"": ""common_fourier"", ""polynomial_degree"": null, ""transform_dict"": null, ""holiday_countries_used"": false, ""lags"": null, ""forward_lags"": null}}}",0,2,8.947305759545724,0.5994605171913728,0.7773462479674722,0.5773833888434459,0.5994605171913728,0.0,-42.450880858550875,0.4835054167842874,65.45201223589623,0.5397228970905881,0.72895278742252,0.9944444444444445,0.5222222222222221,3.6481264953362746,0.9444444444444444,1.2917724404841333,0.4373863900446524,2.3583560358173736,2.206522438928171,0.111984833115815,11.500565688672683,6.621337150516505,21.949106009792587,0.017862406291864738,8.947305759545724,0.5994605171913728,0.7773462479674722,0.5773833888434459,0.5994605171913728,0.0,0.4835054167842874,0.5397228970905881,0.72895278742252,3.6481264953362746,0.9444444444444444,1.2917724404841333,0.4373863900446524,2.3583560358173736,2.206522438928171,0.111984833115815,11.500565688672683,6.621337150516505,21.949106009792587,0.017862406291864738,0.9944444444444445,0.5222222222222221,0.2082,21.4535724634462,10.75266658016428,Wh,10.75266658016428,Wh
251,9401cafd8f6b338a48dd5f0e109ef608,ARIMA,"{""p"": 4, ""d"": 1, ""q"": 1, ""regression_type"": null}","{""fillna"": ""ffill"", ""transformations"": {""0"": ""Scaler"", ""1"": ""Detrend"", ""2"": ""DatepartRegression""}, ""transformation_params"": {""0"": {}, ""1"": {""model"": ""Linear"", ""phi"": 1, ""window"": 30, ""transform_dict"": null}, ""2"": {""regression_model"": {""model"": ""ElasticNet"", ""model_params"": {""l1_ratio"": 0.5, ""fit_intercept"": true, ""selection"": ""cyclic"", ""max_iter"": 1000}}, ""datepart_method"": ""common_fourier"", ""polynomial_degree"": null, ""transform_dict"": null, ""holiday_countries_used"": false, ""lags"": null, ""forward_lags"": null}}}",0,2,8.947167328789568,0.5994494440805056,0.7773358604195805,0.5773847894736143,0.5994494440805056,0.0,-42.459747405292354,0.48351138991525644,65.44115252919866,0.5396973675849019,0.7289659987575858,0.9944444444444445,0.5222222222222221,3.648094930836784,0.9444444444444444,1.2917664797382244,0.43738154433094906,2.358406833927014,2.206556929019907,0.11197708221253452,11.490702561953153,6.6162131819068835,21.949278751364922,0.01784498136576509,8.947167328789568,0.5994494440805056,0.7773358604195805,0.5773847894736143,0.5994494440805056,0.0,0.48351138991525644,0.5396973675849019,0.7289659987575858,3.648094930836784,0.9444444444444444,1.2917664797382244,0.43738154433094906,2.358406833927014,2.206556929019907,0.11197708221253452,11.490702561953153,6.6162131819068835,21.949278751364922,0.01784498136576509,0.9944444444444445,0.5222222222222221,0.28625,21.453523361058537,10.752611257690772,Wh,10.752611257690772,Wh
252,f34ebf9a5653d760e9d7867fc76f881f,WindowRegression,"{""window_size"": 10, ""input_dim"": ""univariate"", ""output_dim"": ""1step"", ""normalize_window"": false, ""max_windows"": 5000000, ""fourier_encoding_components"": null, ""scale"": true, ""datepart_method"": null, ""regression_type"": null, ""regression_model"": {""model"": ""SVM"", ""model_params"": {""C"": 0.1, ""tol"": 0.001, ""epsilon"": 0.0, ""loss"": ""squared_epsilon_insensitive"", ""max_iter"": 50}}}","{""fillna"": ""ffill"", ""transformations"": {""0"": ""DatepartRegression"", ""1"": ""Detrend"", ""2"": ""DatepartRegression"", ""3"": ""Scaler""}, ""transformation_params"": {""0"": {""regression_model"": {""model"": ""ElasticNet"", ""model_params"": {""l1_ratio"": 0.5, ""fit_intercept"": true, ""selection"": ""cyclic"", ""max_iter"": 1000}}, ""datepart_method"": ""anchored_segment_fourier:us_school"", ""polynomial_degree"": null, ""transform_dict"": null, ""holiday_countries_used"": false, ""lags"": null, ""forward_lags"": null}, ""1"": {""model"": ""Linear"", ""phi"": 1, ""window"": 30, ""transform_dict"": null}, ""2"": {""regression_model"": {""model"": ""ElasticNet"", ""model_params"": {""l1_ratio"": 0.5, ""fit_intercept"": true, ""selection"": ""cyclic"", ""max_iter"": 1000}}, ""datepart_method"": ""common_fourier"", ""polynomial_degree"": null, ""transform_dict"": null, ""holiday_countries_used"": false, ""lags"": null, ""forward_lags"": null}, ""3"": {}}}",0,2,12.049422045921354,0.8533683896529665,1.0427123171742387,0.8405779194674126,0.8533683896529665,0.0,-48.536636283562814,0.6281081369368238,105.06967385397115,0.7728707004067622,0.34381642739744234,0.7833333333333333,0.49444444444444446,3.878947271349574,0.9444444444444444,1.3869062155763925,0.6601281488192221,3.5085225295455054,2.7263448983967535,0.5445282707841229,28.266518785204163,11.469758461813687,17.735903462404167,0.04381813606653434,12.049422045921354,0.8533683896529665,1.0427123171742387,0.8405779194674126,0.8533683896529665,0.0,0.6281081369368238,0.7728707004067622,0.34381642739744234,3.878947271349574,0.9444444444444444,1.3869062155763925,0.6601281488192221,3.5085225295455054,2.7263448983967535,0.5445282707841229,28.266518785204163,11.469758461813687,17.735903462404167,0.04381813606653434,0.7833333333333333,0.49444444444444446,1.37145,21.44656058043863,17.91272873933594,Wh,17.91272873933594,Wh
253,b3998d13a41bba18be0ee7d8ebba25b3,WindowRegression,"{""window_size"": 10, ""input_dim"": ""univariate"", ""output_dim"": ""1step"", ""normalize_window"": false, ""max_windows"": 5000000, ""fourier_encoding_components"": null, ""scale"": true, ""datepart_method"": null, ""regression_type"": null, ""regression_model"": {""model"": ""SVM"", ""model_params"": {""C"": 0.1, ""tol"": 0.001, ""epsilon"": 0.0, ""loss"": ""squared_epsilon_insensitive"", ""max_iter"": 50}}}","{""fillna"": ""ffill"", ""transformations"": {""0"": ""Scaler"", ""1"": ""Detrend"", ""2"": ""DatepartRegression""}, ""transformation_params"": {""0"": {}, ""1"": {""model"": ""Linear"", ""phi"": 1, ""window"": 30, ""transform_dict"": null}, ""2"": {""regression_model"": {""model"": ""ElasticNet"", ""model_params"": {""l1_ratio"": 0.5, ""fit_intercept"": true, ""selection"": ""cyclic"", ""max_iter"": 1000}}, ""datepart_method"": ""common_fourier"", ""polynomial_degree"": null, ""transform_dict"": null, ""holiday_countries_used"": false, ""lags"": null, ""forward_lags"": null}}}",0,2,12.049422045921347,0.8533683896529662,1.0427123171742385,0.8405779194674132,0.8533683896529662,0.0,-48.536636283562835,0.6281081369368238,105.06967385397107,0.7728707004067616,0.3438164273974412,0.7833333333333333,0.49444444444444446,3.8789472713495723,0.9444444444444444,1.3869062155763923,0.6601281488192222,3.508522529545503,2.7263448983967438,0.5445282707841229,28.26651878520412,11.4697584618137,17.735903462404174,0.043818136066534286,12.049422045921347,0.8533683896529662,1.0427123171742385,0.8405779194674132,0.8533683896529662,0.0,0.6281081369368238,0.7728707004067616,0.3438164273974412,3.8789472713495723,0.9444444444444444,1.3869062155763923,0.6601281488192222,3.508522529545503,2.7263448983967438,0.5445282707841229,28.26651878520412,11.4697584618137,17.735903462404174,0.043818136066534286,0.7833333333333333,0.49444444444444446,0.4299,21.44639248271383,17.91272873933594,Wh,17.91272873933594,Wh
254,3e844468643d96c53c2960ab40c08720,WindowRegression,"{""window_size"": 10, ""input_dim"": ""univariate"", ""output_dim"": ""1step"", ""normalize_window"": false, ""max_windows"": 5000000, ""fourier_encoding_components"": null, ""scale"": true, ""datepart_method"": null, ""regression_type"": null, ""regression_model"": {""model"": ""SVM"", ""model_params"": {""C"": 0.1, ""tol"": 0.001, ""epsilon"": 0.0, ""loss"": ""squared_epsilon_insensitive"", ""max_iter"": 50}}}","{""fillna"": ""ffill"", ""transformations"": {""0"": ""MinMaxScaler"", ""1"": ""Detrend"", ""2"": ""DatepartRegression""}, ""transformation_params"": {""0"": {}, ""1"": {""model"": ""Linear"", ""phi"": 1, ""window"": 30, ""transform_dict"": null}, ""2"": {""regression_model"": {""model"": ""ElasticNet"", ""model_params"": {""l1_ratio"": 0.5, ""fit_intercept"": true, ""selection"": ""cyclic"", ""max_iter"": 1000}}, ""datepart_method"": ""common_fourier"", ""polynomial_degree"": null, ""transform_dict"": null, ""holiday_countries_used"": false, ""lags"": null, ""forward_lags"": null}}}",0,2,12.049422236415996,0.8533684071198568,1.0427123500473237,0.8405779368557389,0.8533684071198568,0.0,-48.536639384268454,0.6281081471217306,105.06967389730576,0.7728707088805334,0.3438164383881606,0.7833333333333333,0.49444444444444446,3.878948176478813,0.9444444444444444,1.3869062263501033,0.6601281729385924,3.5085226410364805,2.726345348417922,0.544528326123721,28.266517256518654,11.469757702269574,17.7359055840142,0.043818133664008135,12.049422236415996,0.8533684071198568,1.0427123500473237,0.8405779368557389,0.8533684071198568,0.0,0.6281081471217306,0.7728707088805334,0.3438164383881606,3.878948176478813,0.9444444444444444,1.3869062263501033,0.6601281729385924,3.5085226410364805,2.726345348417922,0.544528326123721,28.266517256518654,11.469757702269574,17.7359055840142,0.043818133664008135,0.7833333333333333,0.49444444444444446,0.4004,21.44638769780946,17.912729257041256,Wh,17.912729257041256,Wh
255,4e5172a95d9df8a4955da0131303fd63,WindowRegression,"{""window_size"": 10, ""input_dim"": ""univariate"", ""output_dim"": ""1step"", ""normalize_window"": false, ""max_windows"": 5000000, ""fourier_encoding_components"": null, ""scale"": true, ""datepart_method"": null, ""regression_type"": null, ""regression_model"": {""model"": ""SVM"", ""model_params"": {""C"": 0.1, ""tol"": 0.001, ""epsilon"": 0.0, ""loss"": ""squared_epsilon_insensitive"", ""max_iter"": 50}}}","{""fillna"": ""ffill"", ""transformations"": {""0"": ""MinMaxScaler"", ""1"": ""Detrend"", ""2"": ""DatepartRegression"", ""3"": ""Scaler""}, ""transformation_params"": {""0"": {}, ""1"": {""model"": ""Linear"", ""phi"": 1, ""window"": 30, ""transform_dict"": null}, ""2"": {""regression_model"": {""model"": ""ElasticNet"", ""model_params"": {""l1_ratio"": 0.5, ""fit_intercept"": true, ""selection"": ""cyclic"", ""max_iter"": 1000}}, ""datepart_method"": ""common_fourier"", ""polynomial_degree"": null, ""transform_dict"": null, ""holiday_countries_used"": false, ""lags"": null, ""forward_lags"": null}, ""3"": {}}}",0,2,12.049422236415996,0.8533684071198568,1.0427123500473237,0.8405779368557389,0.8533684071198568,0.0,-48.536639384268454,0.6281081471217306,105.06967389730576,0.7728707088805334,0.3438164383881606,0.7833333333333333,0.49444444444444446,3.878948176478813,0.9444444444444444,1.3869062263501033,0.6601281729385924,3.5085226410364805,2.726345348417922,0.544528326123721,28.266517256518654,11.469757702269574,17.7359055840142,0.043818133664008135,12.049422236415996,0.8533684071198568,1.0427123500473237,0.8405779368557389,0.8533684071198568,0.0,0.6281081471217306,0.7728707088805334,0.3438164383881606,3.878948176478813,0.9444444444444444,1.3869062263501033,0.6601281729385924,3.5085226410364805,2.726345348417922,0.544528326123721,28.266517256518654,11.469757702269574,17.7359055840142,0.043818133664008135,0.7833333333333333,0.49444444444444446,0.35119999999999996,21.446378913986976,17.912729257041256,Wh,17.912729257041256,Wh
256,796b25212b0d6b45f6484b286c618709,WindowRegression,"{""window_size"": 10, ""input_dim"": ""univariate"", ""output_dim"": ""1step"", ""normalize_window"": false, ""max_windows"": 5000000, ""fourier_encoding_components"": null, ""scale"": true, ""datepart_method"": null, ""regression_type"": null, ""regression_model"": {""model"": ""SVM"", ""model_params"": {""C"": 0.1, ""tol"": 0.001, ""epsilon"": 0.0, ""loss"": ""squared_epsilon_insensitive"", ""max_iter"": 50}}}","{""fillna"": ""ffill_mean_biased"", ""transformations"": {""0"": ""Scaler"", ""1"": ""Detrend"", ""2"": ""DatepartRegression"", ""3"": ""DatepartRegression"", ""4"": ""Scaler""}, ""transformation_params"": {""0"": {}, ""1"": {""model"": ""Linear"", ""phi"": 1, ""window"": 30, ""transform_dict"": null}, ""2"": {""regression_model"": {""model"": ""ElasticNet"", ""model_params"": {""l1_ratio"": 0.5, ""fit_intercept"": true, ""selection"": ""cyclic"", ""max_iter"": 1000}}, ""datepart_method"": ""common_fourier"", ""polynomial_degree"": null, ""transform_dict"": null, ""holiday_countries_used"": false, ""lags"": null, ""forward_lags"": null}, ""3"": {""regression_model"": {""model"": ""ElasticNet"", ""model_params"": {""l1_ratio"": 0.5, ""fit_intercept"": true, ""selection"": ""cyclic"", ""max_iter"": 1000}}, ""datepart_method"": [""dayofweek"", [365.25, 14]], ""polynomial_degree"": null, ""transform_dict"": null, ""holiday_countries_used"": false, ""lags"": null, ""forward_lags"": null}, ""4"": {}}}",0,2,12.049422045921347,0.8533683896529662,1.0427123171742385,0.8405779194674132,0.8533683896529662,0.0,-48.53663628356283,0.6281081369368238,105.06967385397107,0.7728707004067616,0.3438164273974412,0.7833333333333333,0.49444444444444446,3.8789472713495723,0.9444444444444444,1.3869062155763923,0.6601281488192222,3.508522529545503,2.7263448983967438,0.5445282707841229,28.26651878520412,11.4697584618137,17.735903462404178,0.043818136066534286,12.049422045921347,0.8533683896529662,1.0427123171742385,0.8405779194674132,0.8533683896529662,0.0,0.6281081369368238,0.7728707004067616,0.3438164273974412,3.8789472713495723,0.9444444444444444,1.3869062155763923,0.6601281488192222,3.508522529545503,2.7263448983967438,0.5445282707841229,28.26651878520412,11.4697584618137,17.735903462404178,0.043818136066534286,0.7833333333333333,0.49444444444444446,0.35285,21.446378726747927,17.91272873933594,Wh,17.91272873933594,Wh
257,29d7a847f037c85fad4f1407752ba01a,WindowRegression,"{""window_size"": 10, ""input_dim"": ""univariate"", ""output_dim"": ""1step"", ""normalize_window"": false, ""max_windows"": 5000000, ""fourier_encoding_components"": null, ""scale"": true, ""datepart_method"": null, ""regression_type"": null, ""regression_model"": {""model"": ""SVM"", ""model_params"": {""C"": 0.1, ""tol"": 0.001, ""epsilon"": 0.0, ""loss"": ""squared_epsilon_insensitive"", ""max_iter"": 50}}}","{""fillna"": ""ffill"", ""transformations"": {""0"": ""Scaler"", ""1"": ""Detrend"", ""2"": ""DatepartRegression"", ""3"": ""Scaler""}, ""transformation_params"": {""0"": {}, ""1"": {""model"": ""Linear"", ""phi"": 1, ""window"": 30, ""transform_dict"": null}, ""2"": {""regression_model"": {""model"": ""ElasticNet"", ""model_params"": {""l1_ratio"": 0.5, ""fit_intercept"": true, ""selection"": ""cyclic"", ""max_iter"": 1000}}, ""datepart_method"": ""common_fourier"", ""polynomial_degree"": null, ""transform_dict"": null, ""holiday_countries_used"": false, ""lags"": null, ""forward_lags"": null}, ""3"": {}}}",0,2,12.049422045921347,0.8533683896529662,1.0427123171742385,0.8405779194674132,0.8533683896529662,0.0,-48.536636283562835,0.6281081369368238,105.06967385397107,0.7728707004067616,0.3438164273974412,0.7833333333333333,0.49444444444444446,3.8789472713495723,0.9444444444444444,1.3869062155763923,0.6601281488192222,3.508522529545503,2.7263448983967438,0.5445282707841229,28.26651878520412,11.4697584618137,17.735903462404174,0.043818136066534286,12.049422045921347,0.8533683896529662,1.0427123171742385,0.8405779194674132,0.8533683896529662,0.0,0.6281081369368238,0.7728707004067616,0.3438164273974412,3.8789472713495723,0.9444444444444444,1.3869062155763923,0.6601281488192222,3.508522529545503,2.7263448983967438,0.5445282707841229,28.26651878520412,11.4697584618137,17.735903462404174,0.043818136066534286,0.7833333333333333,0.49444444444444446,0.3332,21.44637521857492,17.91272873933594,Wh,17.91272873933594,Wh
258,ba75172aaf380de38e1363228b8c01df,Ensemble,"{""model_name"": ""BestN"", ""model_count"": 3, ""model_metric"": ""bestn_horizontal"", ""models"": {""860cd5b05944ecb82d3157f8432afabb"": {""Model"": ""WindowRegression"", ""ModelParameters"": ""{\""window_size\"": 10, \""input_dim\"": \""univariate\"", \""output_dim\"": \""1step\"", \""normalize_window\"": false, \""max_windows\"": 5000000, \""fourier_encoding_components\"": null, \""scale\"": true, \""datepart_method\"": null, \""regression_type\"": null, \""regression_model\"": {\""model\"": \""SVM\"", \""model_params\"": {\""C\"": 0.1, \""tol\"": 0.001, \""epsilon\"": 0.0, \""loss\"": \""squared_epsilon_insensitive\"", \""max_iter\"": 50}}}"", ""TransformationParameters"": ""{\""fillna\"": \""pchip\"", \""transformations\"": {\""0\"": \""Scaler\""}, \""transformation_params\"": {\""0\"": {}}}""}, ""e9ab0dee8ad32b476a4ab9bc6aed1fef"": {""Model"": ""RollingRegression"", ""ModelParameters"": ""{\""regression_model\"": {\""model\"": \""RANSAC\"", \""model_params\"": {}}, \""holiday\"": true, \""mean_rolling_periods\"": 12, \""macd_periods\"": 24, \""std_rolling_periods\"": 30, \""max_rolling_periods\"": 12, \""min_rolling_periods\"": null, \""ewm_var_alpha\"": null, \""quantile90_rolling_periods\"": null, \""quantile10_rolling_periods\"": null, \""ewm_alpha\"": 0.8, \""additional_lag_periods\"": 6, \""abs_energy\"": false, \""rolling_autocorr_periods\"": null, \""nonzero_last_n\"": null, \""add_date_part\"": null, \""polynomial_degree\"": null, \""x_transform\"": null, \""regression_type\"": null}"", ""TransformationParameters"": ""{\""fillna\"": \""ffill\"", \""transformations\"": {\""0\"": \""Scaler\"", \""1\"": \""Detrend\"", \""2\"": \""DatepartRegression\""}, \""transformation_params\"": {\""0\"": {}, \""1\"": {\""model\"": \""Linear\"", \""phi\"": 1, \""window\"": 30, \""transform_dict\"": null}, \""2\"": {\""regression_model\"": {\""model\"": \""ElasticNet\"", \""model_params\"": {\""l1_ratio\"": 0.5, \""fit_intercept\"": true, \""selection\"": \""cyclic\"", \""max_iter\"": 1000}}, \""datepart_method\"": \""common_fourier\"", \""polynomial_degree\"": null, \""transform_dict\"": null, \""holiday_countries_used\"": false, \""lags\"": null, \""forward_lags\"": null}}}""}, ""67630d1909fa60ae1f9595fc12ff2a69"": {""Model"": ""ARIMA"", ""ModelParameters"": ""{\""p\"": 4, \""d\"": 0, \""q\"": 1, \""regression_type\"": null}"", ""TransformationParameters"": ""{\""fillna\"": \""ffill\"", \""transformations\"": {\""0\"": \""Scaler\"", \""1\"": \""Detrend\"", \""2\"": \""DatepartRegression\""}, \""transformation_params\"": {\""0\"": {}, \""1\"": {\""model\"": \""Linear\"", \""phi\"": 1, \""window\"": 30, \""transform_dict\"": null}, \""2\"": {\""regression_model\"": {\""model\"": \""ElasticNet\"", \""model_params\"": {\""l1_ratio\"": 0.5, \""fit_intercept\"": true, \""selection\"": \""cyclic\"", \""max_iter\"": 1000}}, \""datepart_method\"": \""common_fourier\"", \""polynomial_degree\"": null, \""transform_dict\"": null, \""holiday_countries_used\"": false, \""lags\"": null, \""forward_lags\"": null}}}""}}, ""model_weights"": {""860cd5b05944ecb82d3157f8432afabb"": 4.0, ""e9ab0dee8ad32b476a4ab9bc6aed1fef"": 3.0, ""67630d1909fa60ae1f9595fc12ff2a69"": 2.0}, ""point_method"": ""mean""}","{""fillna"": ""cubic"", ""transformations"": {""0"": ""ScipyFilter"", ""1"": ""DatepartRegression""}, ""transformation_params"": {""0"": {""method"": ""butter"", ""method_args"": {""N"": 1, ""btype"": ""highpass"", ""analog"": false, ""output"": ""sos"", ""Wn"": 0.024390243902439025}}, ""1"": {""regression_model"": {""model"": ""ElasticNet"", ""model_params"": {""l1_ratio"": 0.5, ""fit_intercept"": true, ""selection"": ""cyclic"", ""max_iter"": 1000}}, ""datepart_method"": [""weekdayofmonth"", ""common_fourier""], ""polynomial_degree"": null, ""transform_dict"": null, ""holiday_countries_used"": false, ""lags"": null, ""forward_lags"": null}}}",1,1,11.800599847052439,0.7436485808520757,0.9124683013624937,0.5560154788643744,0.7436485808520757,0.0,-0.03733584180094596,0.5132169578464872,66.89103643488588,0.7436444912606502,0.4135811865877869,0.8888888888888888,0.5111111111111111,2.4589293378809307,0.9444444444444444,1.4048174043400115,0.5614596949521472,2.6736104017795417,1.3299657119691335,0.03933041216977801,66.85370059308492,42.67644654731369,21.48011747916948,0.12113366148444857,11.800599847052439,0.7436485808520757,0.9124683013624937,0.5560154788643744,0.7436485808520757,0.0,0.5132169578464872,0.7436444912606502,0.4135811865877869,2.4589293378809307,0.9444444444444444,1.4048174043400115,0.5614596949521472,2.6736104017795417,1.3299657119691335,0.03933041216977801,66.85370059308492,42.67644654731369,21.48011747916948,0.12113366148444857,0.8888888888888888,0.5111111111111111,5.4351,21.18959949297521,10.696947993684136,Wh,10.696947993684136,Wh
259,332fb25a8a8382c9531c2b9ea0918bc7,Ensemble,"{""model_name"": ""BestN"", ""model_count"": 3, ""model_metric"": ""best_score_unique"", ""models"": {""860cd5b05944ecb82d3157f8432afabb"": {""Model"": ""WindowRegression"", ""ModelParameters"": ""{\""window_size\"": 10, \""input_dim\"": \""univariate\"", \""output_dim\"": \""1step\"", \""normalize_window\"": false, \""max_windows\"": 5000000, \""fourier_encoding_components\"": null, \""scale\"": true, \""datepart_method\"": null, \""regression_type\"": null, \""regression_model\"": {\""model\"": \""SVM\"", \""model_params\"": {\""C\"": 0.1, \""tol\"": 0.001, \""epsilon\"": 0.0, \""loss\"": \""squared_epsilon_insensitive\"", \""max_iter\"": 50}}}"", ""TransformationParameters"": ""{\""fillna\"": \""pchip\"", \""transformations\"": {\""0\"": \""Scaler\""}, \""transformation_params\"": {\""0\"": {}}}""}, ""e9ab0dee8ad32b476a4ab9bc6aed1fef"": {""Model"": ""RollingRegression"", ""ModelParameters"": ""{\""regression_model\"": {\""model\"": \""RANSAC\"", \""model_params\"": {}}, \""holiday\"": true, \""mean_rolling_periods\"": 12, \""macd_periods\"": 24, \""std_rolling_periods\"": 30, \""max_rolling_periods\"": 12, \""min_rolling_periods\"": null, \""ewm_var_alpha\"": null, \""quantile90_rolling_periods\"": null, \""quantile10_rolling_periods\"": null, \""ewm_alpha\"": 0.8, \""additional_lag_periods\"": 6, \""abs_energy\"": false, \""rolling_autocorr_periods\"": null, \""nonzero_last_n\"": null, \""add_date_part\"": null, \""polynomial_degree\"": null, \""x_transform\"": null, \""regression_type\"": null}"", ""TransformationParameters"": ""{\""fillna\"": \""ffill\"", \""transformations\"": {\""0\"": \""Scaler\"", \""1\"": \""Detrend\"", \""2\"": \""DatepartRegression\""}, \""transformation_params\"": {\""0\"": {}, \""1\"": {\""model\"": \""Linear\"", \""phi\"": 1, \""window\"": 30, \""transform_dict\"": null}, \""2\"": {\""regression_model\"": {\""model\"": \""ElasticNet\"", \""model_params\"": {\""l1_ratio\"": 0.5, \""fit_intercept\"": true, \""selection\"": \""cyclic\"", \""max_iter\"": 1000}}, \""datepart_method\"": \""common_fourier\"", \""polynomial_degree\"": null, \""transform_dict\"": null, \""holiday_countries_used\"": false, \""lags\"": null, \""forward_lags\"": null}}}""}, ""67630d1909fa60ae1f9595fc12ff2a69"": {""Model"": ""ARIMA"", ""ModelParameters"": ""{\""p\"": 4, \""d\"": 0, \""q\"": 1, \""regression_type\"": null}"", ""TransformationParameters"": ""{\""fillna\"": \""ffill\"", \""transformations\"": {\""0\"": \""Scaler\"", \""1\"": \""Detrend\"", \""2\"": \""DatepartRegression\""}, \""transformation_params\"": {\""0\"": {}, \""1\"": {\""model\"": \""Linear\"", \""phi\"": 1, \""window\"": 30, \""transform_dict\"": null}, \""2\"": {\""regression_model\"": {\""model\"": \""ElasticNet\"", \""model_params\"": {\""l1_ratio\"": 0.5, \""fit_intercept\"": true, \""selection\"": \""cyclic\"", \""max_iter\"": 1000}}, \""datepart_method\"": \""common_fourier\"", \""polynomial_degree\"": null, \""transform_dict\"": null, \""holiday_countries_used\"": false, \""lags\"": null, \""forward_lags\"": null}}}""}}, ""model_weights"": {}, ""point_method"": ""mean""}","{""fillna"": ""cubic"", ""transformations"": {""0"": ""ScipyFilter"", ""1"": ""DatepartRegression""}, ""transformation_params"": {""0"": {""method"": ""butter"", ""method_args"": {""N"": 1, ""btype"": ""highpass"", ""analog"": false, ""output"": ""sos"", ""Wn"": 0.024390243902439025}}, ""1"": {""regression_model"": {""model"": ""ElasticNet"", ""model_params"": {""l1_ratio"": 0.5, ""fit_intercept"": true, ""selection"": ""cyclic"", ""max_iter"": 1000}}, ""datepart_method"": [""weekdayofmonth"", ""common_fourier""], ""polynomial_degree"": null, ""transform_dict"": null, ""holiday_countries_used"": false, ""lags"": null, ""forward_lags"": null}}}",1,1,11.673692905116223,0.7352677328626624,0.9078168213339327,0.5544485192133475,0.7352677328626624,0.0,-0.05363800508501804,0.5070303671514899,66.1204579525546,0.7352595467635644,0.42420863214089405,0.9333333333333333,0.5,2.473514013496934,0.9555555555555556,1.3932468796143664,0.5532770719815285,2.5998283240673574,1.2830100485468054,0.035652566201803945,66.06681994746958,42.68626258191251,21.743328845689796,0.119707895477346,11.673692905116223,0.7352677328626624,0.9078168213339327,0.5544485192133475,0.7352677328626624,0.0,0.5070303671514899,0.7352595467635644,0.42420863214089405,2.473514013496934,0.9555555555555556,1.3932468796143664,0.5532770719815285,2.5998283240673574,1.2830100485468054,0.035652566201803945,66.06681994746958,42.68626258191251,21.743328845689796,0.119707895477346,0.9333333333333333,0.5,5.6352,21.163521513977646,10.576394418522323,Wh,10.576394418522323,Wh
260,f4026bcb945527366142585533a0e062,Ensemble,"{""model_name"": ""BestN"", ""model_count"": 3, ""model_metric"": ""horizontal"", ""models"": {""67630d1909fa60ae1f9595fc12ff2a69"": {""Model"": ""ARIMA"", ""ModelParameters"": ""{\""p\"": 4, \""d\"": 0, \""q\"": 1, \""regression_type\"": null}"", ""TransformationParameters"": ""{\""fillna\"": \""ffill\"", \""transformations\"": {\""0\"": \""Scaler\"", \""1\"": \""Detrend\"", \""2\"": \""DatepartRegression\""}, \""transformation_params\"": {\""0\"": {}, \""1\"": {\""model\"": \""Linear\"", \""phi\"": 1, \""window\"": 30, \""transform_dict\"": null}, \""2\"": {\""regression_model\"": {\""model\"": \""ElasticNet\"", \""model_params\"": {\""l1_ratio\"": 0.5, \""fit_intercept\"": true, \""selection\"": \""cyclic\"", \""max_iter\"": 1000}}, \""datepart_method\"": \""common_fourier\"", \""polynomial_degree\"": null, \""transform_dict\"": null, \""holiday_countries_used\"": false, \""lags\"": null, \""forward_lags\"": null}}}""}, ""e9ab0dee8ad32b476a4ab9bc6aed1fef"": {""Model"": ""RollingRegression"", ""ModelParameters"": ""{\""regression_model\"": {\""model\"": \""RANSAC\"", \""model_params\"": {}}, \""holiday\"": true, \""mean_rolling_periods\"": 12, \""macd_periods\"": 24, \""std_rolling_periods\"": 30, \""max_rolling_periods\"": 12, \""min_rolling_periods\"": null, \""ewm_var_alpha\"": null, \""quantile90_rolling_periods\"": null, \""quantile10_rolling_periods\"": null, \""ewm_alpha\"": 0.8, \""additional_lag_periods\"": 6, \""abs_energy\"": false, \""rolling_autocorr_periods\"": null, \""nonzero_last_n\"": null, \""add_date_part\"": null, \""polynomial_degree\"": null, \""x_transform\"": null, \""regression_type\"": null}"", ""TransformationParameters"": ""{\""fillna\"": \""ffill\"", \""transformations\"": {\""0\"": \""Scaler\"", \""1\"": \""Detrend\"", \""2\"": \""DatepartRegression\""}, \""transformation_params\"": {\""0\"": {}, \""1\"": {\""model\"": \""Linear\"", \""phi\"": 1, \""window\"": 30, \""transform_dict\"": null}, \""2\"": {\""regression_model\"": {\""model\"": \""ElasticNet\"", \""model_params\"": {\""l1_ratio\"": 0.5, \""fit_intercept\"": true, \""selection\"": \""cyclic\"", \""max_iter\"": 1000}}, \""datepart_method\"": \""common_fourier\"", \""polynomial_degree\"": null, \""transform_dict\"": null, \""holiday_countries_used\"": false, \""lags\"": null, \""forward_lags\"": null}}}""}, ""860cd5b05944ecb82d3157f8432afabb"": {""Model"": ""WindowRegression"", ""ModelParameters"": ""{\""window_size\"": 10, \""input_dim\"": \""univariate\"", \""output_dim\"": \""1step\"", \""normalize_window\"": false, \""max_windows\"": 5000000, \""fourier_encoding_components\"": null, \""scale\"": true, \""datepart_method\"": null, \""regression_type\"": null, \""regression_model\"": {\""model\"": \""SVM\"", \""model_params\"": {\""C\"": 0.1, \""tol\"": 0.001, \""epsilon\"": 0.0, \""loss\"": \""squared_epsilon_insensitive\"", \""max_iter\"": 50}}}"", ""TransformationParameters"": ""{\""fillna\"": \""pchip\"", \""transformations\"": {\""0\"": \""Scaler\""}, \""transformation_params\"": {\""0\"": {}}}""}}, ""model_weights"": {}, ""point_method"": ""mean""}","{""fillna"": ""cubic"", ""transformations"": {""0"": ""ScipyFilter"", ""1"": ""DatepartRegression""}, ""transformation_params"": {""0"": {""method"": ""butter"", ""method_args"": {""N"": 1, ""btype"": ""highpass"", ""analog"": false, ""output"": ""sos"", ""Wn"": 0.024390243902439025}}, ""1"": {""regression_model"": {""model"": ""ElasticNet"", ""model_params"": {""l1_ratio"": 0.5, ""fit_intercept"": true, ""selection"": ""cyclic"", ""max_iter"": 1000}}, ""datepart_method"": [""weekdayofmonth"", ""common_fourier""], ""polynomial_degree"": null, ""transform_dict"": null, ""holiday_countries_used"": false, ""lags"": null, ""forward_lags"": null}}}",1,1,11.673692905116223,0.7352677328626623,0.9078168213339327,0.5544485192133477,0.7352677328626623,0.0,-0.05363800508501804,0.5070303671514899,66.12045795255459,0.7352595467635644,0.42420863214089405,0.9333333333333333,0.5,2.473514013496936,0.9555555555555556,1.3932468796143664,0.5532770719815286,2.5998283240673574,1.2830100485468048,0.035652566201803945,66.06681994746958,42.68626258191251,21.743328845689796,0.119707895477346,11.673692905116223,0.7352677328626623,0.9078168213339327,0.5544485192133477,0.7352677328626623,0.0,0.5070303671514899,0.7352595467635644,0.42420863214089405,2.473514013496936,0.9555555555555556,1.3932468796143664,0.5532770719815286,2.5998283240673574,1.2830100485468048,0.035652566201803945,66.06681994746958,42.68626258191251,21.743328845689796,0.119707895477346,0.9333333333333333,0.5,5.126,21.163430604985603,10.576394418522321,Wh,10.576394418522321,Wh
261,a9460df71469954fb2269bda0dfe2bb7,Ensemble,"{""model_name"": ""BestN"", ""model_count"": 5, ""model_metric"": ""mixed_metric"", ""models"": {""9401cafd8f6b338a48dd5f0e109ef608"": {""Model"": ""ARIMA"", ""ModelParameters"": ""{\""p\"": 4, \""d\"": 1, \""q\"": 1, \""regression_type\"": null}"", ""TransformationParameters"": ""{\""fillna\"": \""ffill\"", \""transformations\"": {\""0\"": \""Scaler\"", \""1\"": \""Detrend\"", \""2\"": \""DatepartRegression\""}, \""transformation_params\"": {\""0\"": {}, \""1\"": {\""model\"": \""Linear\"", \""phi\"": 1, \""window\"": 30, \""transform_dict\"": null}, \""2\"": {\""regression_model\"": {\""model\"": \""ElasticNet\"", \""model_params\"": {\""l1_ratio\"": 0.5, \""fit_intercept\"": true, \""selection\"": \""cyclic\"", \""max_iter\"": 1000}}, \""datepart_method\"": \""common_fourier\"", \""polynomial_degree\"": null, \""transform_dict\"": null, \""holiday_countries_used\"": false, \""lags\"": null, \""forward_lags\"": null}}}""}, ""a8ad161bc7623e4bb730ce0012481031"": {""Model"": ""RollingRegression"", ""ModelParameters"": ""{\""regression_model\"": {\""model\"": \""RANSAC\"", \""model_params\"": {}}, \""holiday\"": true, \""mean_rolling_periods\"": 12, \""macd_periods\"": 24, \""std_rolling_periods\"": 10, \""max_rolling_periods\"": null, \""min_rolling_periods\"": 4, \""ewm_var_alpha\"": null, \""quantile90_rolling_periods\"": null, \""quantile10_rolling_periods\"": null, \""ewm_alpha\"": 0.8, \""additional_lag_periods\"": 2, \""abs_energy\"": false, \""rolling_autocorr_periods\"": null, \""nonzero_last_n\"": null, \""add_date_part\"": null, \""polynomial_degree\"": null, \""x_transform\"": null, \""regression_type\"": null}"", ""TransformationParameters"": ""{\""fillna\"": \""ffill\"", \""transformations\"": {\""0\"": \""Detrend\"", \""1\"": \""DatepartRegression\"", \""2\"": \""Scaler\"", \""3\"": \""Scaler\"", \""4\"": \""MinMaxScaler\""}, \""transformation_params\"": {\""0\"": {\""model\"": \""Linear\"", \""phi\"": 1, \""window\"": null, \""transform_dict\"": null}, \""1\"": {\""regression_model\"": {\""model\"": \""ElasticNet\"", \""model_params\"": {\""l1_ratio\"": 0.9, \""fit_intercept\"": true, \""selection\"": \""cyclic\"", \""max_iter\"": 200}}, \""datepart_method\"": \""common_fourier\"", \""polynomial_degree\"": null, \""transform_dict\"": null, \""holiday_countries_used\"": false, \""lags\"": null, \""forward_lags\"": 2}, \""2\"": {}, \""3\"": {}, \""4\"": {}}}""}}, ""point_method"": ""median"", ""model_weights"": {}}","{""fillna"": ""fake_date"", ""transformations"": {""0"": ""AlignLastValue"", ""1"": ""AlignLastValue""}, ""transformation_params"": {""0"": {""rows"": 4, ""lag"": 28, ""method"": ""additive"", ""strength"": 0.2, ""first_value_only"": false, ""threshold"": 1, ""threshold_method"": ""max""}, ""1"": {""rows"": 1, ""lag"": 1, ""method"": ""additive"", ""strength"": 1.0, ""first_value_only"": false, ""threshold"": 1, ""threshold_method"": ""mean""}}}",1,2,11.72704688848169,0.788797193675639,0.9850059021864124,0.5747046881811705,0.788797193675639,0.0,-98.41208888420991,0.719811884923468,43.57140597740511,0.5850029319330297,0.3560637956195969,0.9333333333333333,0.5055555555555555,3.27581847736905,0.9388888888888889,1.3279086414479147,0.5941738585213087,2.726247684383591,0.9827720960132995,0.10897446205389166,57.34964809697608,28.97176212235386,23.365944125422065,0.09121544891026845,11.72704688848169,0.788797193675639,0.9850059021864124,0.5747046881811705,0.788797193675639,0.0,0.719811884923468,0.5850029319330297,0.3560637956195969,3.27581847736905,0.9388888888888889,1.3279086414479147,0.5941738585213087,2.726247684383591,0.9827720960132995,0.10897446205389166,57.34964809697608,28.97176212235386,23.365944125422065,0.09121544891026845,0.9333333333333333,0.5055555555555555,14.9214,20.877411245008023,15.936469950294486,Wh,15.936469950294486,Wh
262,f0ddea44a00b36dc8d79b965bc700067,DatepartRegression,"{""regression_model"": {""model"": ""RandomForest"", ""model_params"": {""n_estimators"": 100, ""min_samples_leaf"": 2, ""bootstrap"": true}}, ""datepart_method"": ""expanded"", ""polynomial_degree"": null, ""holiday_countries_used"": false, ""lags"": null, ""forward_lags"": null, ""regression_type"": null}","{""fillna"": ""zero"", ""transformations"": {""0"": ""Scaler"", ""1"": ""MinMaxScaler"", ""2"": ""Detrend""}, ""transformation_params"": {""0"": {}, ""1"": {}, ""2"": {""model"": ""Linear"", ""phi"": 1, ""window"": null, ""transform_dict"": {""fillna"": null, ""transformations"": {""0"": ""EWMAFilter""}, ""transformation_params"": {""0"": {""span"": 7}}}}}}",0,1,10.972527678394432,0.6865398885328058,0.8892246143819822,0.6001498499947296,0.6865398885328058,0.0,-1.3016138174826075,0.47390412128295323,60.486976150469914,0.684434153721059,0.4658612610611573,0.9444444444444444,0.4444444444444444,2.5764899614293135,0.9555555555555556,1.3646717727399555,0.49450421653701326,2.5491135732680714,1.085509296890475,0.1955987009523725,59.18536233298731,35.60038653485134,16.411151533136934,0.10723923405999286,10.972527678394432,0.6865398885328058,0.8892246143819822,0.6001498499947296,0.6865398885328058,0.0,0.47390412128295323,0.684434153721059,0.4658612610611573,2.5764899614293135,0.9555555555555556,1.3646717727399555,0.49450421653701326,2.5491135732680714,1.085509296890475,0.1955987009523725,59.18536233298731,35.60038653485134,16.411151533136934,0.10723923405999286,0.9444444444444444,0.4444444444444444,0.4776,20.798470289742887,9.875473002060295,Wh,9.875473002060295,Wh
263,9346c9ca4d69db1559017e6210abc0d6,Ensemble,"{""model_name"": ""BestN"", ""model_count"": 5, ""model_metric"": ""mixed_metric"", ""models"": {""9401cafd8f6b338a48dd5f0e109ef608"": {""Model"": ""ARIMA"", ""ModelParameters"": ""{\""p\"": 4, \""d\"": 1, \""q\"": 1, \""regression_type\"": null}"", ""TransformationParameters"": ""{\""fillna\"": \""ffill\"", \""transformations\"": {\""0\"": \""Scaler\"", \""1\"": \""Detrend\"", \""2\"": \""DatepartRegression\""}, \""transformation_params\"": {\""0\"": {}, \""1\"": {\""model\"": \""Linear\"", \""phi\"": 1, \""window\"": 30, \""transform_dict\"": null}, \""2\"": {\""regression_model\"": {\""model\"": \""ElasticNet\"", \""model_params\"": {\""l1_ratio\"": 0.5, \""fit_intercept\"": true, \""selection\"": \""cyclic\"", \""max_iter\"": 1000}}, \""datepart_method\"": \""common_fourier\"", \""polynomial_degree\"": null, \""transform_dict\"": null, \""holiday_countries_used\"": false, \""lags\"": null, \""forward_lags\"": null}}}""}, ""a8ad161bc7623e4bb730ce0012481031"": {""Model"": ""RollingRegression"", ""ModelParameters"": ""{\""regression_model\"": {\""model\"": \""RANSAC\"", \""model_params\"": {}}, \""holiday\"": true, \""mean_rolling_periods\"": 12, \""macd_periods\"": 24, \""std_rolling_periods\"": 10, \""max_rolling_periods\"": null, \""min_rolling_periods\"": 4, \""ewm_var_alpha\"": null, \""quantile90_rolling_periods\"": null, \""quantile10_rolling_periods\"": null, \""ewm_alpha\"": 0.8, \""additional_lag_periods\"": 2, \""abs_energy\"": false, \""rolling_autocorr_periods\"": null, \""nonzero_last_n\"": null, \""add_date_part\"": null, \""polynomial_degree\"": null, \""x_transform\"": null, \""regression_type\"": null}"", ""TransformationParameters"": ""{\""fillna\"": \""ffill\"", \""transformations\"": {\""0\"": \""Detrend\"", \""1\"": \""DatepartRegression\"", \""2\"": \""Scaler\"", \""3\"": \""Scaler\"", \""4\"": \""MinMaxScaler\""}, \""transformation_params\"": {\""0\"": {\""model\"": \""Linear\"", \""phi\"": 1, \""window\"": null, \""transform_dict\"": null}, \""1\"": {\""regression_model\"": {\""model\"": \""ElasticNet\"", \""model_params\"": {\""l1_ratio\"": 0.9, \""fit_intercept\"": true, \""selection\"": \""cyclic\"", \""max_iter\"": 200}}, \""datepart_method\"": \""common_fourier\"", \""polynomial_degree\"": null, \""transform_dict\"": null, \""holiday_countries_used\"": false, \""lags\"": null, \""forward_lags\"": 2}, \""2\"": {}, \""3\"": {}, \""4\"": {}}}""}}, ""point_method"": ""kalman"", ""model_weights"": {}}","{""fillna"": ""fake_date"", ""transformations"": {""0"": ""AlignLastValue"", ""1"": ""AlignLastValue""}, ""transformation_params"": {""0"": {""rows"": 4, ""lag"": 28, ""method"": ""additive"", ""strength"": 0.2, ""first_value_only"": false, ""threshold"": 1, ""threshold_method"": ""max""}, ""1"": {""rows"": 1, ""lag"": 1, ""method"": ""additive"", ""strength"": 1.0, ""first_value_only"": false, ""threshold"": 1, ""threshold_method"": ""mean""}}}",1,2,10.769528186629017,0.7260447412782036,0.9265870025645052,0.5708219124595445,0.7260447412782036,0.0,-78.94226152574026,0.6435585277322965,51.74579190433636,0.5695491732180088,0.44565811783922304,0.31666666666666665,0.49444444444444446,2.968884279617101,0.9444444444444444,1.3087411177688306,0.5304942178812659,2.4258625340550988,0.8295446468577434,0.09875877442677451,48.80406375600455,26.846732360077247,23.570288633996704,0.0790819552499532,10.769528186629017,0.7260447412782036,0.9265870025645052,0.5708219124595445,0.7260447412782036,0.0,0.6435585277322965,0.5695491732180088,0.44565811783922304,2.968884279617101,0.9444444444444444,1.3087411177688306,0.5304942178812659,2.4258625340550988,0.8295446468577434,0.09875877442677451,48.80406375600455,26.846732360077247,23.570288633996704,0.0790819552499532,0.31666666666666665,0.49444444444444446,14.0497,20.697720773473165,13.763673223517278,Wh,13.763673223517278,Wh
264,ad42d3ef34bd806193b0a549b9cedb8d,Ensemble,"{""model_name"": ""BestN"", ""model_count"": 3, ""model_metric"": ""mixed_metric"", ""models"": {""860cd5b05944ecb82d3157f8432afabb"": {""Model"": ""WindowRegression"", ""ModelParameters"": ""{\""window_size\"": 10, \""input_dim\"": \""univariate\"", \""output_dim\"": \""1step\"", \""normalize_window\"": false, \""max_windows\"": 5000000, \""fourier_encoding_components\"": null, \""scale\"": true, \""datepart_method\"": null, \""regression_type\"": null, \""regression_model\"": {\""model\"": \""SVM\"", \""model_params\"": {\""C\"": 0.1, \""tol\"": 0.001, \""epsilon\"": 0.0, \""loss\"": \""squared_epsilon_insensitive\"", \""max_iter\"": 50}}}"", ""TransformationParameters"": ""{\""fillna\"": \""pchip\"", \""transformations\"": {\""0\"": \""Scaler\""}, \""transformation_params\"": {\""0\"": {}}}""}, ""c0b1c7a0ef49e381d5aea93045d68ec6"": {""Model"": ""WindowRegression"", ""ModelParameters"": ""{\""window_size\"": 10, \""input_dim\"": \""univariate\"", \""output_dim\"": \""1step\"", \""normalize_window\"": false, \""max_windows\"": 5000000, \""fourier_encoding_components\"": null, \""scale\"": true, \""datepart_method\"": null, \""regression_type\"": null, \""regression_model\"": {\""model\"": \""SVM\"", \""model_params\"": {\""C\"": 0.1, \""tol\"": 0.001, \""epsilon\"": 0.0, \""loss\"": \""squared_epsilon_insensitive\"", \""max_iter\"": 50}}}"", ""TransformationParameters"": ""{\""fillna\"": \""ffill\"", \""transformations\"": {\""0\"": \""DatepartRegression\"", \""1\"": \""DatepartRegression\"", \""2\"": \""MinMaxScaler\"", \""3\"": \""Scaler\""}, \""transformation_params\"": {\""0\"": {\""regression_model\"": {\""model\"": \""ElasticNet\"", \""model_params\"": {\""l1_ratio\"": 0.5, \""fit_intercept\"": true, \""selection\"": \""cyclic\"", \""max_iter\"": 1000}}, \""datepart_method\"": \""anchored_segment_fourier:us_school\"", \""polynomial_degree\"": null, \""transform_dict\"": null, \""holiday_countries_used\"": false, \""lags\"": null, \""forward_lags\"": null}, \""1\"": {\""regression_model\"": {\""model\"": \""ElasticNet\"", \""model_params\"": {\""l1_ratio\"": 0.9, \""fit_intercept\"": true, \""selection\"": \""cyclic\"", \""max_iter\"": 200}}, \""datepart_method\"": \""common_fourier\"", \""polynomial_degree\"": null, \""transform_dict\"": null, \""holiday_countries_used\"": false, \""lags\"": null, \""forward_lags\"": 2}, \""2\"": {}, \""3\"": {}}}""}, ""b56ba147e1633d9995afee23f1bd58c7"": {""Model"": ""WindowRegression"", ""ModelParameters"": ""{\""window_size\"": 20, \""input_dim\"": \""univariate\"", \""output_dim\"": \""1step\"", \""normalize_window\"": false, \""max_windows\"": 5000000, \""fourier_encoding_components\"": null, \""scale\"": false, \""datepart_method\"": null, \""regression_type\"": null, \""regression_model\"": {\""model\"": \""xgboost\"", \""model_params\"": {\""booster\"": \""gbtree\"", \""objective\"": \""reg:squarederror\"", \""max_depth\"": 6, \""eta\"": 0.003, \""min_child_weight\"": 0.5, \""subsample\"": 1, \""colsample_bylevel\"": 0.9, \""reg_alpha\"": 0, \""reg_lambda\"": 1, \""n_estimators\"": 7, \""multi_strategy\"": \""multi_output_tree\"", \""tree_method\"": \""hist\""}}}"", ""TransformationParameters"": ""{\""fillna\"": \""ffill\"", \""transformations\"": {\""0\"": \""Scaler\"", \""1\"": \""Detrend\"", \""2\"": \""MinMaxScaler\""}, \""transformation_params\"": {\""0\"": {}, \""1\"": {\""model\"": \""Linear\"", \""phi\"": 1, \""window\"": 30, \""transform_dict\"": null}, \""2\"": {}}}""}}, ""model_weights"": {}, ""point_method"": ""mean""}","{""fillna"": ""ffill"", ""transformations"": {""0"": ""RegressionFilter"", ""1"": ""HistoricValues""}, ""transformation_params"": {""0"": {""sigma"": 1, ""rolling_window"": 90, ""run_order"": ""season_first"", ""regression_params"": {""regression_model"": {""model"": ""ElasticNet"", ""model_params"": {""l1_ratio"": 0.5, ""fit_intercept"": false, ""selection"": ""cyclic"", ""max_iter"": 2000}}, ""datepart_method"": ""simple"", ""polynomial_degree"": null, ""transform_dict"": {""fillna"": null, ""transformations"": {""0"": ""ScipyFilter""}, ""transformation_params"": {""0"": {""method"": ""savgol_filter"", ""method_args"": {""window_length"": 31, ""polyorder"": 3, ""deriv"": 0, ""mode"": ""interp""}}}}, ""holiday_countries_used"": false, ""lags"": null, ""forward_lags"": null}, ""holiday_params"": null, ""trend_method"": ""rolling_mean""}, ""1"": {""window"": 28}}}",1,6,11.786498017906519,0.8317455349145112,1.043307080618494,0.7712792027208989,0.8317455349145112,0.0,-261.67802480401957,0.7145354223123612,187.4645640498165,0.6616264778295796,0.296216730863238,0.6925925925925925,0.5074074074074074,2.839419364929199,0.9296296296296297,1.3391612795868835,0.6204820787697508,2.9930443204038837,1.7120403545734115,0.6197778347216105,16.15832278312035,11.81746503535934,6.7992504529602265,0.02500454673375671,11.786498017906519,0.8317455349145112,1.043307080618494,0.7712792027208989,0.8317455349145112,0.0,0.7145354223123612,0.6616264778295796,0.296216730863238,2.839419364929199,0.9296296296296297,1.3391612795868835,0.6204820787697508,2.9930443204038837,1.7120403545734115,0.6197778347216105,16.15832278312035,11.81746503535934,6.7992504529602265,0.02500454673375671,0.6925925925925925,0.5074074074074074,1.9258833333333334,20.56806364220899,13.123727260493014,Wh,13.123727260493014,Wh
265,860cd5b05944ecb82d3157f8432afabb,WindowRegression,"{""window_size"": 10, ""input_dim"": ""univariate"", ""output_dim"": ""1step"", ""normalize_window"": false, ""max_windows"": 5000000, ""fourier_encoding_components"": null, ""scale"": true, ""datepart_method"": null, ""regression_type"": null, ""regression_model"": {""model"": ""SVM"", ""model_params"": {""C"": 0.1, ""tol"": 0.001, ""epsilon"": 0.0, ""loss"": ""squared_epsilon_insensitive"", ""max_iter"": 50}}}","{""fillna"": ""pchip"", ""transformations"": {""0"": ""Scaler""}, ""transformation_params"": {""0"": {}}}",0,2,11.451753934114588,0.7652753582346595,0.9669176946134904,0.7801375083346445,0.7652753582346595,0.0,-87.84672453157371,0.6784992084197403,49.902839950664976,0.5824040698072186,0.36381357137241765,0.7611111111111111,0.5055555555555555,3.253987885108149,0.8277777777777777,1.397886642788988,0.5728101269436161,2.907645050212557,1.3659698868774919,0.4882180777791532,29.29565786802268,15.51081100172065,14.443503415701953,0.045851476853339554,11.451753934114588,0.7652753582346595,0.9669176946134904,0.7801375083346445,0.7652753582346595,0.0,0.6784992084197403,0.5824040698072186,0.36381357137241765,3.253987885108149,0.8277777777777777,1.397886642788988,0.5728101269436161,2.907645050212557,1.3659698868774919,0.4882180777791532,29.29565786802268,15.51081100172065,14.443503415701953,0.045851476853339554,0.7611111111111111,0.5055555555555555,0.3274,20.53215333794021,16.226937057310327,Wh,16.226937057310327,Wh
266,0e004c4ec5bfa0c9ee980a27bbd7fb69,Ensemble,"{""model_name"": ""BestN"", ""model_count"": 5, ""model_metric"": ""mixed_metric"", ""models"": {""9401cafd8f6b338a48dd5f0e109ef608"": {""Model"": ""ARIMA"", ""ModelParameters"": ""{\""p\"": 4, \""d\"": 1, \""q\"": 1, \""regression_type\"": null}"", ""TransformationParameters"": ""{\""fillna\"": \""ffill\"", \""transformations\"": {\""0\"": \""Scaler\"", \""1\"": \""Detrend\"", \""2\"": \""DatepartRegression\""}, \""transformation_params\"": {\""0\"": {}, \""1\"": {\""model\"": \""Linear\"", \""phi\"": 1, \""window\"": 30, \""transform_dict\"": null}, \""2\"": {\""regression_model\"": {\""model\"": \""ElasticNet\"", \""model_params\"": {\""l1_ratio\"": 0.5, \""fit_intercept\"": true, \""selection\"": \""cyclic\"", \""max_iter\"": 1000}}, \""datepart_method\"": \""common_fourier\"", \""polynomial_degree\"": null, \""transform_dict\"": null, \""holiday_countries_used\"": false, \""lags\"": null, \""forward_lags\"": null}}}""}, ""a8ad161bc7623e4bb730ce0012481031"": {""Model"": ""RollingRegression"", ""ModelParameters"": ""{\""regression_model\"": {\""model\"": \""RANSAC\"", \""model_params\"": {}}, \""holiday\"": true, \""mean_rolling_periods\"": 12, \""macd_periods\"": 24, \""std_rolling_periods\"": 10, \""max_rolling_periods\"": null, \""min_rolling_periods\"": 4, \""ewm_var_alpha\"": null, \""quantile90_rolling_periods\"": null, \""quantile10_rolling_periods\"": null, \""ewm_alpha\"": 0.8, \""additional_lag_periods\"": 2, \""abs_energy\"": false, \""rolling_autocorr_periods\"": null, \""nonzero_last_n\"": null, \""add_date_part\"": null, \""polynomial_degree\"": null, \""x_transform\"": null, \""regression_type\"": null}"", ""TransformationParameters"": ""{\""fillna\"": \""ffill\"", \""transformations\"": {\""0\"": \""Detrend\"", \""1\"": \""DatepartRegression\"", \""2\"": \""Scaler\"", \""3\"": \""Scaler\"", \""4\"": \""MinMaxScaler\""}, \""transformation_params\"": {\""0\"": {\""model\"": \""Linear\"", \""phi\"": 1, \""window\"": null, \""transform_dict\"": null}, \""1\"": {\""regression_model\"": {\""model\"": \""ElasticNet\"", \""model_params\"": {\""l1_ratio\"": 0.9, \""fit_intercept\"": true, \""selection\"": \""cyclic\"", \""max_iter\"": 200}}, \""datepart_method\"": \""common_fourier\"", \""polynomial_degree\"": null, \""transform_dict\"": null, \""holiday_countries_used\"": false, \""lags\"": null, \""forward_lags\"": 2}, \""2\"": {}, \""3\"": {}, \""4\"": {}}}""}}, ""point_method"": ""kalman"", ""model_weights"": {}}","{""fillna"": ""zero"", ""transformations"": {""0"": ""AnomalyRemoval"", ""1"": ""EWMAFilter"", ""2"": ""AlignLastValue""}, ""transformation_params"": {""0"": {""method"": ""med_diff"", ""method_params"": {""distribution"": ""norm"", ""alpha"": 0.05}, ""fillna"": ""rolling_mean_24"", ""transform_dict"": {""fillna"": null, ""transformations"": {""0"": ""EWMAFilter""}, ""transformation_params"": {""0"": {""span"": 7}}}, ""isolated_only"": false, ""on_inverse"": false}, ""1"": {""span"": 7}, ""2"": {""rows"": 1, ""lag"": 1, ""method"": ""multiplicative"", ""strength"": 1.0, ""first_value_only"": false, ""threshold"": 1, ""threshold_method"": ""max""}}}",1,2,10.68763210954264,0.740711804957245,0.9493367822684133,0.5776485332808563,0.740711804957245,0.0,-15.129984236238464,0.5085326698564668,118.19814065606565,0.723397605688977,0.42323695198985345,0.28888888888888886,0.49444444444444446,4.121156665894311,0.9444444444444444,1.35724335919444,0.5431240050730322,3.0982997018882283,1.6756923178871086,0.10970658531879511,51.53407820991359,19.764518987271188,22.82426041512714,0.08206727197858968,10.68763210954264,0.740711804957245,0.9493367822684133,0.5776485332808563,0.740711804957245,0.0,0.5085326698564668,0.723397605688977,0.42323695198985345,4.121156665894311,0.9444444444444444,1.35724335919444,0.5431240050730322,3.0982997018882283,1.6756923178871086,0.10970658531879511,51.53407820991359,19.764518987271188,22.82426041512714,0.08206727197858968,0.28888888888888886,0.49444444444444446,14.1416,20.49200287367807,14.632140361934201,Wh,14.632140361934201,Wh
267,02b0366e05e6fcc83fb68e913bf6eb1a,WindowRegression,"{""window_size"": 10, ""input_dim"": ""univariate"", ""output_dim"": ""1step"", ""normalize_window"": false, ""max_windows"": 5000000, ""fourier_encoding_components"": null, ""scale"": true, ""datepart_method"": null, ""regression_type"": null, ""regression_model"": {""model"": ""SVM"", ""model_params"": {""C"": 0.1, ""tol"": 0.001, ""epsilon"": 0.0, ""loss"": ""squared_epsilon_insensitive"", ""max_iter"": 50}}}","{""fillna"": ""cubic"", ""transformations"": {""0"": ""MinMaxScaler"", ""1"": ""Detrend""}, ""transformation_params"": {""0"": {}, ""1"": {""model"": ""Linear"", ""phi"": 1, ""window"": 10, ""transform_dict"": {""fillna"": null, ""transformations"": {""0"": ""EWMAFilter""}, ""transformation_params"": {""0"": {""span"": 7}}}}}}",0,1,11.283035607191042,0.705901701222105,0.8729960771289669,0.55910529525697,0.705901701222105,0.0,-1.1063371946321512,0.4963689703591162,62.42481591535731,0.7034534076693316,0.4180939542061782,0.9222222222222223,0.45555555555555555,2.3659609328851783,0.9555555555555556,1.3725137738938318,0.5243526881616575,2.7419017738892952,1.1030532786831322,0.043734368764377474,61.31847872072515,35.578897485493094,20.8530747812528,0.11110427363337277,11.283035607191042,0.705901701222105,0.8729960771289669,0.55910529525697,0.705901701222105,0.0,0.4963689703591162,0.7034534076693316,0.4180939542061782,2.3659609328851783,0.9555555555555556,1.3725137738938318,0.5243526881616575,2.7419017738892952,1.1030532786831322,0.043734368764377474,61.31847872072515,35.578897485493094,20.8530747812528,0.11110427363337277,0.9222222222222223,0.45555555555555555,0.2682,20.48842291276691,10.153981303876158,Wh,10.153981303876158,Wh
268,474b2b4c4272ab687933f5d9bc0a6613,WindowRegression,"{""window_size"": 10, ""input_dim"": ""univariate"", ""output_dim"": ""1step"", ""normalize_window"": false, ""max_windows"": 5000000, ""fourier_encoding_components"": null, ""scale"": true, ""datepart_method"": null, ""regression_type"": null, ""regression_model"": {""model"": ""SVM"", ""model_params"": {""C"": 0.1, ""tol"": 0.001, ""epsilon"": 0.0, ""loss"": ""squared_epsilon_insensitive"", ""max_iter"": 50}}}","{""fillna"": ""ffill"", ""transformations"": {""0"": ""DatepartRegression"", ""1"": ""MinMaxScaler""}, ""transformation_params"": {""0"": {""regression_model"": {""model"": ""ElasticNet"", ""model_params"": {""l1_ratio"": 0.5, ""fit_intercept"": true, ""selection"": ""cyclic"", ""max_iter"": 1000}}, ""datepart_method"": ""anchored_segment_fourier:us_school"", ""polynomial_degree"": null, ""transform_dict"": null, ""holiday_countries_used"": false, ""lags"": null, ""forward_lags"": null}, ""1"": {}}}",0,2,11.382716670498237,0.761821185218762,0.966117229617124,0.7816641114842247,0.761821185218762,0.0,-84.2255580696264,0.6695262699708366,52.90225526975075,0.5861605192382667,0.36192068981787207,0.7611111111111111,0.5055555555555555,3.2329802563823877,0.8333333333333333,1.392736319317914,0.5668212198070872,2.8872697404576577,1.3853439216914827,0.4898302330682586,29.333032837106373,15.790794051620843,14.555518064880797,0.04640944428373661,11.382716670498237,0.761821185218762,0.966117229617124,0.7816641114842247,0.761821185218762,0.0,0.6695262699708366,0.5861605192382667,0.36192068981787207,3.2329802563823877,0.8333333333333333,1.392736319317914,0.5668212198070872,2.8872697404576577,1.3853439216914827,0.4898302330682586,29.333032837106373,15.790794051620843,14.555518064880797,0.04640944428373661,0.7611111111111111,0.5055555555555555,1.37385,20.439341495268906,16.08498899394557,Wh,16.08498899394557,Wh
269,610f0e543b94fb05cd2d59dc7f408967,WindowRegression,"{""window_size"": 10, ""input_dim"": ""univariate"", ""output_dim"": ""1step"", ""normalize_window"": false, ""max_windows"": 5000000, ""fourier_encoding_components"": null, ""scale"": true, ""datepart_method"": null, ""regression_type"": null, ""regression_model"": {""model"": ""SVM"", ""model_params"": {""C"": 0.1, ""tol"": 0.001, ""epsilon"": 0.0, ""loss"": ""squared_epsilon_insensitive"", ""max_iter"": 50}}}","{""fillna"": ""rolling_mean_24"", ""transformations"": {""0"": ""DatepartRegression"", ""1"": ""DatepartRegression"", ""2"": ""MinMaxScaler""}, ""transformation_params"": {""0"": {""regression_model"": {""model"": ""ElasticNet"", ""model_params"": {""l1_ratio"": 0.5, ""fit_intercept"": true, ""selection"": ""cyclic"", ""max_iter"": 1000}}, ""datepart_method"": ""anchored_segment_fourier:us_school"", ""polynomial_degree"": null, ""transform_dict"": null, ""holiday_countries_used"": false, ""lags"": null, ""forward_lags"": null}, ""1"": {""regression_model"": {""model"": ""ElasticNet"", ""model_params"": {""l1_ratio"": 0.9, ""fit_intercept"": true, ""selection"": ""cyclic"", ""max_iter"": 200}}, ""datepart_method"": ""common_fourier"", ""polynomial_degree"": null, ""transform_dict"": null, ""holiday_countries_used"": false, ""lags"": null, ""forward_lags"": 2}, ""2"": {}}}",0,2,11.382716670498235,0.7618211852187619,0.9661172296171239,0.7816641114842247,0.7618211852187619,0.0,-84.22555806962639,0.6695262699708365,52.90225526975075,0.5861605192382667,0.3619206898178719,0.7611111111111111,0.5055555555555555,3.2329802563823877,0.8333333333333333,1.392736319317914,0.5668212198070872,2.8872697404576577,1.3853439216914822,0.4898302330682586,29.33303283710635,15.790794051620843,14.5555180648808,0.046409444283736584,11.382716670498235,0.7618211852187619,0.9661172296171239,0.7816641114842247,0.7618211852187619,0.0,0.6695262699708365,0.5861605192382667,0.3619206898178719,3.2329802563823877,0.8333333333333333,1.392736319317914,0.5668212198070872,2.8872697404576577,1.3853439216914822,0.4898302330682586,29.33303283710635,15.790794051620843,14.5555180648808,0.046409444283736584,0.7611111111111111,0.5055555555555555,1.3120500000000002,20.4393304619309,16.08498899394556,Wh,16.08498899394556,Wh
270,c0b1c7a0ef49e381d5aea93045d68ec6,WindowRegression,"{""window_size"": 10, ""input_dim"": ""univariate"", ""output_dim"": ""1step"", ""normalize_window"": false, ""max_windows"": 5000000, ""fourier_encoding_components"": null, ""scale"": true, ""datepart_method"": null, ""regression_type"": null, ""regression_model"": {""model"": ""SVM"", ""model_params"": {""C"": 0.1, ""tol"": 0.001, ""epsilon"": 0.0, ""loss"": ""squared_epsilon_insensitive"", ""max_iter"": 50}}}","{""fillna"": ""ffill"", ""transformations"": {""0"": ""DatepartRegression"", ""1"": ""DatepartRegression"", ""2"": ""MinMaxScaler"", ""3"": ""Scaler""}, ""transformation_params"": {""0"": {""regression_model"": {""model"": ""ElasticNet"", ""model_params"": {""l1_ratio"": 0.5, ""fit_intercept"": true, ""selection"": ""cyclic"", ""max_iter"": 1000}}, ""datepart_method"": ""anchored_segment_fourier:us_school"", ""polynomial_degree"": null, ""transform_dict"": null, ""holiday_countries_used"": false, ""lags"": null, ""forward_lags"": null}, ""1"": {""regression_model"": {""model"": ""ElasticNet"", ""model_params"": {""l1_ratio"": 0.9, ""fit_intercept"": true, ""selection"": ""cyclic"", ""max_iter"": 200}}, ""datepart_method"": ""common_fourier"", ""polynomial_degree"": null, ""transform_dict"": null, ""holiday_countries_used"": false, ""lags"": null, ""forward_lags"": 2}, ""2"": {}, ""3"": {}}}",0,2,11.382716670498235,0.7618211852187619,0.9661172296171239,0.7816641114842247,0.7618211852187619,0.0,-84.22555806962639,0.6695262699708365,52.90225526975075,0.5861605192382667,0.3619206898178719,0.7611111111111111,0.5055555555555555,3.2329802563823877,0.8333333333333333,1.392736319317914,0.5668212198070872,2.8872697404576577,1.3853439216914822,0.4898302330682586,29.33303283710635,15.790794051620843,14.5555180648808,0.046409444283736584,11.382716670498235,0.7618211852187619,0.9661172296171239,0.7816641114842247,0.7618211852187619,0.0,0.6695262699708365,0.5861605192382667,0.3619206898178719,3.2329802563823877,0.8333333333333333,1.392736319317914,0.5668212198070872,2.8872697404576577,1.3853439216914822,0.4898302330682586,29.33303283710635,15.790794051620843,14.5555180648808,0.046409444283736584,0.7611111111111111,0.5055555555555555,1.2291500000000002,20.43931566154708,16.08498899394556,Wh,16.08498899394556,Wh
271,4d29e6be9c5f2a6419845bf9dac29706,WindowRegression,"{""window_size"": 10, ""input_dim"": ""univariate"", ""output_dim"": ""1step"", ""normalize_window"": false, ""max_windows"": 5000000, ""fourier_encoding_components"": null, ""scale"": true, ""datepart_method"": null, ""regression_type"": null, ""regression_model"": {""model"": ""SVM"", ""model_params"": {""C"": 0.1, ""tol"": 0.001, ""epsilon"": 0.0, ""loss"": ""squared_epsilon_insensitive"", ""max_iter"": 50}}}","{""fillna"": ""ffill"", ""transformations"": {""0"": ""Scaler"", ""1"": ""DatepartRegression"", ""2"": ""MinMaxScaler""}, ""transformation_params"": {""0"": {}, ""1"": {""regression_model"": {""model"": ""ElasticNet"", ""model_params"": {""l1_ratio"": 0.9, ""fit_intercept"": true, ""selection"": ""cyclic"", ""max_iter"": 200}}, ""datepart_method"": ""common_fourier"", ""polynomial_degree"": null, ""transform_dict"": null, ""holiday_countries_used"": false, ""lags"": null, ""forward_lags"": 2}, ""2"": {}}}",0,2,11.382716670498237,0.761821185218762,0.966117229617124,0.7816641114842247,0.761821185218762,0.0,-84.2255580696264,0.6695262699708366,52.90225526975075,0.5861605192382667,0.36192068981787207,0.7611111111111111,0.5055555555555555,3.2329802563823877,0.8333333333333333,1.392736319317914,0.5668212198070872,2.8872697404576577,1.3853439216914827,0.4898302330682586,29.333032837106373,15.790794051620843,14.555518064880797,0.04640944428373661,11.382716670498237,0.761821185218762,0.966117229617124,0.7816641114842247,0.761821185218762,0.0,0.6695262699708366,0.5861605192382667,0.36192068981787207,3.2329802563823877,0.8333333333333333,1.392736319317914,0.5668212198070872,2.8872697404576577,1.3853439216914827,0.4898302330682586,29.333032837106373,15.790794051620843,14.555518064880797,0.04640944428373661,0.7611111111111111,0.5055555555555555,0.32289999999999996,20.439153866036406,16.08498899394557,Wh,16.08498899394557,Wh
272,0b24c3e712566361e515eb73bba5129f,WindowRegression,"{""window_size"": 10, ""input_dim"": ""univariate"", ""output_dim"": ""1step"", ""normalize_window"": false, ""max_windows"": 5000000, ""fourier_encoding_components"": null, ""scale"": true, ""datepart_method"": null, ""regression_type"": null, ""regression_model"": {""model"": ""SVM"", ""model_params"": {""C"": 0.1, ""tol"": 0.001, ""epsilon"": 0.0, ""loss"": ""squared_epsilon_insensitive"", ""max_iter"": 50}}}","{""fillna"": ""ffill"", ""transformations"": {""0"": ""MinMaxScaler"", ""1"": ""DatepartRegression"", ""2"": ""MinMaxScaler""}, ""transformation_params"": {""0"": {}, ""1"": {""regression_model"": {""model"": ""ElasticNet"", ""model_params"": {""l1_ratio"": 0.9, ""fit_intercept"": true, ""selection"": ""cyclic"", ""max_iter"": 200}}, ""datepart_method"": ""common_fourier"", ""polynomial_degree"": null, ""transform_dict"": null, ""holiday_countries_used"": false, ""lags"": null, ""forward_lags"": 2}, ""2"": {}}}",0,2,11.382716670498239,0.761821185218762,0.9661172296171241,0.7816641114842247,0.761821185218762,0.0,-84.22555806962639,0.6695262699708366,52.90225526975075,0.5861605192382668,0.36192068981787207,0.7611111111111111,0.5055555555555555,3.2329802563823877,0.8333333333333333,1.392736319317914,0.5668212198070872,2.8872697404576577,1.3853439216914827,0.4898302330682586,29.33303283710638,15.790794051620857,14.555518064880804,0.046409444283736626,11.382716670498239,0.761821185218762,0.9661172296171241,0.7816641114842247,0.761821185218762,0.0,0.6695262699708366,0.5861605192382668,0.36192068981787207,3.2329802563823877,0.8333333333333333,1.392736319317914,0.5668212198070872,2.8872697404576577,1.3853439216914827,0.4898302330682586,29.33303283710638,15.790794051620857,14.555518064880804,0.046409444283736626,0.7611111111111111,0.5055555555555555,0.31875,20.43915312512455,16.08498899394557,Wh,16.08498899394557,Wh
273,919be1276bfbbfef5cffb524a004a53d,WindowRegression,"{""window_size"": 10, ""input_dim"": ""univariate"", ""output_dim"": ""1step"", ""normalize_window"": false, ""max_windows"": 5000000, ""fourier_encoding_components"": null, ""scale"": true, ""datepart_method"": null, ""regression_type"": null, ""regression_model"": {""model"": ""SVM"", ""model_params"": {""C"": 0.1, ""tol"": 0.001, ""epsilon"": 0.0, ""loss"": ""squared_epsilon_insensitive"", ""max_iter"": 50}}}","{""fillna"": ""ffill"", ""transformations"": {""0"": ""Scaler"", ""1"": ""MinMaxScaler""}, ""transformation_params"": {""0"": {}, ""1"": {}}}",0,2,11.382716670498239,0.761821185218762,0.9661172296171241,0.7816641114842247,0.761821185218762,0.0,-84.22555806962639,0.6695262699708366,52.90225526975075,0.5861605192382668,0.36192068981787207,0.7611111111111111,0.5055555555555555,3.2329802563823877,0.8333333333333333,1.392736319317914,0.5668212198070872,2.8872697404576577,1.3853439216914827,0.4898302330682586,29.33303283710638,15.790794051620857,14.555518064880804,0.046409444283736626,11.382716670498239,0.761821185218762,0.9661172296171241,0.7816641114842247,0.761821185218762,0.0,0.6695262699708366,0.5861605192382668,0.36192068981787207,3.2329802563823877,0.8333333333333333,1.392736319317914,0.5668212198070872,2.8872697404576577,1.3853439216914827,0.4898302330682586,29.33303283710638,15.790794051620857,14.555518064880804,0.046409444283736626,0.7611111111111111,0.5055555555555555,0.28765,20.439147572748958,16.08498899394557,Wh,16.08498899394557,Wh
274,b19e5e0e218000c44bd2cafe2e1bb033,WindowRegression,"{""window_size"": 10, ""input_dim"": ""univariate"", ""output_dim"": ""1step"", ""normalize_window"": false, ""max_windows"": 5000000, ""fourier_encoding_components"": null, ""scale"": true, ""datepart_method"": null, ""regression_type"": null, ""regression_model"": {""model"": ""SVM"", ""model_params"": {""C"": 0.1, ""tol"": 0.001, ""epsilon"": 0.0, ""loss"": ""squared_epsilon_insensitive"", ""max_iter"": 50}}}","{""fillna"": ""mean"", ""transformations"": {""0"": ""MinMaxScaler""}, ""transformation_params"": {""0"": {}}}",0,2,11.382716670498239,0.761821185218762,0.9661172296171241,0.7816641114842247,0.761821185218762,0.0,-84.22555806962639,0.6695262699708366,52.90225526975075,0.5861605192382668,0.36192068981787207,0.7611111111111111,0.5055555555555555,3.2329802563823877,0.8333333333333333,1.392736319317914,0.5668212198070872,2.8872697404576577,1.3853439216914827,0.4898302330682586,29.33303283710638,15.790794051620857,14.555518064880804,0.046409444283736626,11.382716670498239,0.761821185218762,0.9661172296171241,0.7816641114842247,0.761821185218762,0.0,0.6695262699708366,0.5861605192382668,0.36192068981787207,3.2329802563823877,0.8333333333333333,1.392736319317914,0.5668212198070872,2.8872697404576577,1.3853439216914827,0.4898302330682586,29.33303283710638,15.790794051620857,14.555518064880804,0.046409444283736626,0.7611111111111111,0.5055555555555555,0.27290000000000003,20.439144939387543,16.08498899394557,Wh,16.08498899394557,Wh
275,727a69c39da55c22e462197e5cede5c2,WindowRegression,"{""window_size"": 10, ""input_dim"": ""univariate"", ""output_dim"": ""1step"", ""normalize_window"": false, ""max_windows"": 5000000, ""fourier_encoding_components"": null, ""scale"": true, ""datepart_method"": null, ""regression_type"": null, ""regression_model"": {""model"": ""SVM"", ""model_params"": {""C"": 0.1, ""tol"": 0.001, ""epsilon"": 0.0, ""loss"": ""squared_epsilon_insensitive"", ""max_iter"": 50}}}","{""fillna"": ""ffill"", ""transformations"": {""0"": ""MinMaxScaler""}, ""transformation_params"": {""0"": {}}}",0,2,11.382716670498239,0.761821185218762,0.9661172296171241,0.7816641114842247,0.761821185218762,0.0,-84.22555806962639,0.6695262699708366,52.90225526975075,0.5861605192382668,0.36192068981787207,0.7611111111111111,0.5055555555555555,3.2329802563823877,0.8333333333333333,1.392736319317914,0.5668212198070872,2.8872697404576577,1.3853439216914827,0.4898302330682586,29.33303283710638,15.790794051620857,14.555518064880804,0.046409444283736626,11.382716670498239,0.761821185218762,0.9661172296171241,0.7816641114842247,0.761821185218762,0.0,0.6695262699708366,0.5861605192382668,0.36192068981787207,3.2329802563823877,0.8333333333333333,1.392736319317914,0.5668212198070872,2.8872697404576577,1.3853439216914827,0.4898302330682586,29.33303283710638,15.790794051620857,14.555518064880804,0.046409444283736626,0.7611111111111111,0.5055555555555555,0.2596,20.439142564898944,16.08498899394557,Wh,16.08498899394557,Wh
276,ea5f516c14c3fb669c615bce73229178,WindowRegression,"{""window_size"": 20, ""input_dim"": ""univariate"", ""output_dim"": ""1step"", ""normalize_window"": false, ""max_windows"": 5000000, ""fourier_encoding_components"": null, ""scale"": true, ""datepart_method"": null, ""regression_type"": null, ""regression_model"": {""model"": ""KNN"", ""model_params"": {""n_neighbors"": 5, ""weights"": ""uniform"", ""p"": 2, ""leaf_size"": 50}}}","{""fillna"": ""pchip"", ""transformations"": {""0"": ""Detrend""}, ""transformation_params"": {""0"": {""model"": ""Linear"", ""phi"": 1, ""window"": null, ""transform_dict"": {""fillna"": null, ""transformations"": {""0"": ""EWMAFilter""}, ""transformation_params"": {""0"": {""span"": 7}}}}}}",0,1,11.91263218270255,0.739280522800214,0.9021316733689834,0.9989089135809913,0.739280522800214,0.0,-20.073412319819084,0.5704183460090618,46.461834732200174,0.6805028076903876,0.35107057518101986,0.8,0.4888888888888889,2.316227535398369,0.8222222222222222,1.4605753231567304,0.5705152908416441,3.0838909955317497,1.520780377035248,0.6064596991644738,26.38842241238109,15.474442603369999,11.676035059518929,0.047813751508927575,11.91263218270255,0.739280522800214,0.9021316733689834,0.9989089135809913,0.739280522800214,0.0,0.5704183460090618,0.6805028076903876,0.35107057518101986,2.316227535398369,0.8222222222222222,1.4605753231567304,0.5705152908416441,3.0838909955317497,1.520780377035248,0.6064596991644738,26.38842241238109,15.474442603369999,11.676035059518929,0.047813751508927575,0.8,0.4888888888888889,1.7382,20.372123489595722,10.634116044538718,Wh,10.634116044538718,Wh
277,25a02cf9372e105abad04d0eed5dd227,Ensemble,"{""model_name"": ""BestN"", ""model_count"": 3, ""model_metric"": ""mixed_metric"", ""models"": {""860cd5b05944ecb82d3157f8432afabb"": {""Model"": ""WindowRegression"", ""ModelParameters"": ""{\""window_size\"": 10, \""input_dim\"": \""univariate\"", \""output_dim\"": \""1step\"", \""normalize_window\"": false, \""max_windows\"": 5000000, \""fourier_encoding_components\"": null, \""scale\"": true, \""datepart_method\"": null, \""regression_type\"": null, \""regression_model\"": {\""model\"": \""SVM\"", \""model_params\"": {\""C\"": 0.1, \""tol\"": 0.001, \""epsilon\"": 0.0, \""loss\"": \""squared_epsilon_insensitive\"", \""max_iter\"": 50}}}"", ""TransformationParameters"": ""{\""fillna\"": \""pchip\"", \""transformations\"": {\""0\"": \""Scaler\""}, \""transformation_params\"": {\""0\"": {}}}""}, ""c0b1c7a0ef49e381d5aea93045d68ec6"": {""Model"": ""WindowRegression"", ""ModelParameters"": ""{\""window_size\"": 10, \""input_dim\"": \""univariate\"", \""output_dim\"": \""1step\"", \""normalize_window\"": false, \""max_windows\"": 5000000, \""fourier_encoding_components\"": null, \""scale\"": true, \""datepart_method\"": null, \""regression_type\"": null, \""regression_model\"": {\""model\"": \""SVM\"", \""model_params\"": {\""C\"": 0.1, \""tol\"": 0.001, \""epsilon\"": 0.0, \""loss\"": \""squared_epsilon_insensitive\"", \""max_iter\"": 50}}}"", ""TransformationParameters"": ""{\""fillna\"": \""ffill\"", \""transformations\"": {\""0\"": \""DatepartRegression\"", \""1\"": \""DatepartRegression\"", \""2\"": \""MinMaxScaler\"", \""3\"": \""Scaler\""}, \""transformation_params\"": {\""0\"": {\""regression_model\"": {\""model\"": \""ElasticNet\"", \""model_params\"": {\""l1_ratio\"": 0.5, \""fit_intercept\"": true, \""selection\"": \""cyclic\"", \""max_iter\"": 1000}}, \""datepart_method\"": \""anchored_segment_fourier:us_school\"", \""polynomial_degree\"": null, \""transform_dict\"": null, \""holiday_countries_used\"": false, \""lags\"": null, \""forward_lags\"": null}, \""1\"": {\""regression_model\"": {\""model\"": \""ElasticNet\"", \""model_params\"": {\""l1_ratio\"": 0.9, \""fit_intercept\"": true, \""selection\"": \""cyclic\"", \""max_iter\"": 200}}, \""datepart_method\"": \""common_fourier\"", \""polynomial_degree\"": null, \""transform_dict\"": null, \""holiday_countries_used\"": false, \""lags\"": null, \""forward_lags\"": 2}, \""2\"": {}, \""3\"": {}}}""}, ""b56ba147e1633d9995afee23f1bd58c7"": {""Model"": ""WindowRegression"", ""ModelParameters"": ""{\""window_size\"": 20, \""input_dim\"": \""univariate\"", \""output_dim\"": \""1step\"", \""normalize_window\"": false, \""max_windows\"": 5000000, \""fourier_encoding_components\"": null, \""scale\"": false, \""datepart_method\"": null, \""regression_type\"": null, \""regression_model\"": {\""model\"": \""xgboost\"", \""model_params\"": {\""booster\"": \""gbtree\"", \""objective\"": \""reg:squarederror\"", \""max_depth\"": 6, \""eta\"": 0.003, \""min_child_weight\"": 0.5, \""subsample\"": 1, \""colsample_bylevel\"": 0.9, \""reg_alpha\"": 0, \""reg_lambda\"": 1, \""n_estimators\"": 7, \""multi_strategy\"": \""multi_output_tree\"", \""tree_method\"": \""hist\""}}}"", ""TransformationParameters"": ""{\""fillna\"": \""ffill\"", \""transformations\"": {\""0\"": \""Scaler\"", \""1\"": \""Detrend\"", \""2\"": \""MinMaxScaler\""}, \""transformation_params\"": {\""0\"": {}, \""1\"": {\""model\"": \""Linear\"", \""phi\"": 1, \""window\"": 30, \""transform_dict\"": null}, \""2\"": {}}}""}}, ""model_weights"": {}, ""point_method"": ""mean""}",{},1,6,11.573825101472103,0.8167026499350835,1.0285539008683315,0.7684164106963763,0.8167026499350835,0.0,-258.5237405418899,0.7035639667355099,182.49569042305512,0.649507315448096,0.30167396542610664,0.7611111111111111,0.5222222222222223,2.764623919426609,0.9296296296296297,1.3346446722380458,0.6047701518909859,2.96345019231029,1.7024781486539222,0.5967699189515352,16.547801080279473,11.758639311844844,6.700510996932443,0.02560661034756111,11.573825101472103,0.8167026499350835,1.0285539008683315,0.7684164106963763,0.8167026499350835,0.0,0.7035639667355099,0.649507315448096,0.30167396542610664,2.764623919426609,0.9296296296296297,1.3346446722380458,0.6047701518909859,2.96345019231029,1.7024781486539222,0.5967699189515352,16.547801080279473,11.758639311844844,6.700510996932443,0.02560661034756111,0.7611111111111111,0.5222222222222223,1.7934999999999999,20.34401543004012,12.891975932585902,Wh,12.891975932585902,Wh
278,1c427c8994a4171b85a1ac0de6b2ff9b,Ensemble,"{""model_name"": ""BestN"", ""model_count"": 3, ""model_metric"": ""mixed_metric"", ""models"": {""860cd5b05944ecb82d3157f8432afabb"": {""Model"": ""WindowRegression"", ""ModelParameters"": ""{\""window_size\"": 10, \""input_dim\"": \""univariate\"", \""output_dim\"": \""1step\"", \""normalize_window\"": false, \""max_windows\"": 5000000, \""fourier_encoding_components\"": null, \""scale\"": true, \""datepart_method\"": null, \""regression_type\"": null, \""regression_model\"": {\""model\"": \""SVM\"", \""model_params\"": {\""C\"": 0.1, \""tol\"": 0.001, \""epsilon\"": 0.0, \""loss\"": \""squared_epsilon_insensitive\"", \""max_iter\"": 50}}}"", ""TransformationParameters"": ""{\""fillna\"": \""pchip\"", \""transformations\"": {\""0\"": \""Scaler\""}, \""transformation_params\"": {\""0\"": {}}}""}, ""c0b1c7a0ef49e381d5aea93045d68ec6"": {""Model"": ""WindowRegression"", ""ModelParameters"": ""{\""window_size\"": 10, \""input_dim\"": \""univariate\"", \""output_dim\"": \""1step\"", \""normalize_window\"": false, \""max_windows\"": 5000000, \""fourier_encoding_components\"": null, \""scale\"": true, \""datepart_method\"": null, \""regression_type\"": null, \""regression_model\"": {\""model\"": \""SVM\"", \""model_params\"": {\""C\"": 0.1, \""tol\"": 0.001, \""epsilon\"": 0.0, \""loss\"": \""squared_epsilon_insensitive\"", \""max_iter\"": 50}}}"", ""TransformationParameters"": ""{\""fillna\"": \""ffill\"", \""transformations\"": {\""0\"": \""DatepartRegression\"", \""1\"": \""DatepartRegression\"", \""2\"": \""MinMaxScaler\"", \""3\"": \""Scaler\""}, \""transformation_params\"": {\""0\"": {\""regression_model\"": {\""model\"": \""ElasticNet\"", \""model_params\"": {\""l1_ratio\"": 0.5, \""fit_intercept\"": true, \""selection\"": \""cyclic\"", \""max_iter\"": 1000}}, \""datepart_method\"": \""anchored_segment_fourier:us_school\"", \""polynomial_degree\"": null, \""transform_dict\"": null, \""holiday_countries_used\"": false, \""lags\"": null, \""forward_lags\"": null}, \""1\"": {\""regression_model\"": {\""model\"": \""ElasticNet\"", \""model_params\"": {\""l1_ratio\"": 0.9, \""fit_intercept\"": true, \""selection\"": \""cyclic\"", \""max_iter\"": 200}}, \""datepart_method\"": \""common_fourier\"", \""polynomial_degree\"": null, \""transform_dict\"": null, \""holiday_countries_used\"": false, \""lags\"": null, \""forward_lags\"": 2}, \""2\"": {}, \""3\"": {}}}""}, ""b56ba147e1633d9995afee23f1bd58c7"": {""Model"": ""WindowRegression"", ""ModelParameters"": ""{\""window_size\"": 20, \""input_dim\"": \""univariate\"", \""output_dim\"": \""1step\"", \""normalize_window\"": false, \""max_windows\"": 5000000, \""fourier_encoding_components\"": null, \""scale\"": false, \""datepart_method\"": null, \""regression_type\"": null, \""regression_model\"": {\""model\"": \""xgboost\"", \""model_params\"": {\""booster\"": \""gbtree\"", \""objective\"": \""reg:squarederror\"", \""max_depth\"": 6, \""eta\"": 0.003, \""min_child_weight\"": 0.5, \""subsample\"": 1, \""colsample_bylevel\"": 0.9, \""reg_alpha\"": 0, \""reg_lambda\"": 1, \""n_estimators\"": 7, \""multi_strategy\"": \""multi_output_tree\"", \""tree_method\"": \""hist\""}}}"", ""TransformationParameters"": ""{\""fillna\"": \""ffill\"", \""transformations\"": {\""0\"": \""Scaler\"", \""1\"": \""Detrend\"", \""2\"": \""MinMaxScaler\""}, \""transformation_params\"": {\""0\"": {}, \""1\"": {\""model\"": \""Linear\"", \""phi\"": 1, \""window\"": 30, \""transform_dict\"": null}, \""2\"": {}}}""}}, ""model_weights"": {}, ""point_method"": ""mean""}","{""fillna"": ""fake_date"", ""transformations"": {""0"": ""AlignLastValue"", ""1"": ""AlignLastValue""}, ""transformation_params"": {""0"": {""rows"": 1, ""lag"": 1, ""method"": ""multiplicative"", ""strength"": 1.0, ""first_value_only"": false, ""threshold"": null, ""threshold_method"": ""mean""}, ""1"": {""rows"": 1, ""lag"": 1, ""method"": ""multiplicative"", ""strength"": 1.0, ""first_value_only"": true, ""threshold"": 10, ""threshold_method"": ""max""}}}",1,6,11.456686091683965,0.8079847469894702,1.0225150341619162,0.7654293781015142,0.8079847469894702,0.0,-260.0728606195105,0.6989185096332893,176.2389027548034,0.6403579625705816,0.30133481999127104,0.7611111111111111,0.512962962962963,2.764623919426609,0.9203703703703704,1.3342819355198314,0.5944463194553914,2.954732289364676,0.8964546913495122,0.6105002686911976,17.922929071560596,12.743244428185408,6.693904380058053,0.027697382076284752,11.456686091683965,0.8079847469894702,1.0225150341619162,0.7654293781015142,0.8079847469894702,0.0,0.6989185096332893,0.6403579625705816,0.30133481999127104,2.764623919426609,0.9203703703703704,1.3342819355198314,0.5944463194553914,2.954732289364676,0.8964546913495122,0.6105002686911976,17.922929071560596,12.743244428185408,6.693904380058053,0.027697382076284752,0.7611111111111111,0.512962962962963,1.8069833333333334,20.191155050121022,12.748603695865269,Wh,12.748603695865269,Wh
279,29b3d0d739476d38929688fc858502b8,Ensemble,"{""model_name"": ""BestN"", ""model_count"": 3, ""model_metric"": ""mixed_metric"", ""models"": {""860cd5b05944ecb82d3157f8432afabb"": {""Model"": ""WindowRegression"", ""ModelParameters"": ""{\""window_size\"": 10, \""input_dim\"": \""univariate\"", \""output_dim\"": \""1step\"", \""normalize_window\"": false, \""max_windows\"": 5000000, \""fourier_encoding_components\"": null, \""scale\"": true, \""datepart_method\"": null, \""regression_type\"": null, \""regression_model\"": {\""model\"": \""SVM\"", \""model_params\"": {\""C\"": 0.1, \""tol\"": 0.001, \""epsilon\"": 0.0, \""loss\"": \""squared_epsilon_insensitive\"", \""max_iter\"": 50}}}"", ""TransformationParameters"": ""{\""fillna\"": \""pchip\"", \""transformations\"": {\""0\"": \""Scaler\""}, \""transformation_params\"": {\""0\"": {}}}""}, ""c0b1c7a0ef49e381d5aea93045d68ec6"": {""Model"": ""WindowRegression"", ""ModelParameters"": ""{\""window_size\"": 10, \""input_dim\"": \""univariate\"", \""output_dim\"": \""1step\"", \""normalize_window\"": false, \""max_windows\"": 5000000, \""fourier_encoding_components\"": null, \""scale\"": true, \""datepart_method\"": null, \""regression_type\"": null, \""regression_model\"": {\""model\"": \""SVM\"", \""model_params\"": {\""C\"": 0.1, \""tol\"": 0.001, \""epsilon\"": 0.0, \""loss\"": \""squared_epsilon_insensitive\"", \""max_iter\"": 50}}}"", ""TransformationParameters"": ""{\""fillna\"": \""ffill\"", \""transformations\"": {\""0\"": \""DatepartRegression\"", \""1\"": \""DatepartRegression\"", \""2\"": \""MinMaxScaler\"", \""3\"": \""Scaler\""}, \""transformation_params\"": {\""0\"": {\""regression_model\"": {\""model\"": \""ElasticNet\"", \""model_params\"": {\""l1_ratio\"": 0.5, \""fit_intercept\"": true, \""selection\"": \""cyclic\"", \""max_iter\"": 1000}}, \""datepart_method\"": \""anchored_segment_fourier:us_school\"", \""polynomial_degree\"": null, \""transform_dict\"": null, \""holiday_countries_used\"": false, \""lags\"": null, \""forward_lags\"": null}, \""1\"": {\""regression_model\"": {\""model\"": \""ElasticNet\"", \""model_params\"": {\""l1_ratio\"": 0.9, \""fit_intercept\"": true, \""selection\"": \""cyclic\"", \""max_iter\"": 200}}, \""datepart_method\"": \""common_fourier\"", \""polynomial_degree\"": null, \""transform_dict\"": null, \""holiday_countries_used\"": false, \""lags\"": null, \""forward_lags\"": 2}, \""2\"": {}, \""3\"": {}}}""}, ""b56ba147e1633d9995afee23f1bd58c7"": {""Model"": ""WindowRegression"", ""ModelParameters"": ""{\""window_size\"": 20, \""input_dim\"": \""univariate\"", \""output_dim\"": \""1step\"", \""normalize_window\"": false, \""max_windows\"": 5000000, \""fourier_encoding_components\"": null, \""scale\"": false, \""datepart_method\"": null, \""regression_type\"": null, \""regression_model\"": {\""model\"": \""xgboost\"", \""model_params\"": {\""booster\"": \""gbtree\"", \""objective\"": \""reg:squarederror\"", \""max_depth\"": 6, \""eta\"": 0.003, \""min_child_weight\"": 0.5, \""subsample\"": 1, \""colsample_bylevel\"": 0.9, \""reg_alpha\"": 0, \""reg_lambda\"": 1, \""n_estimators\"": 7, \""multi_strategy\"": \""multi_output_tree\"", \""tree_method\"": \""hist\""}}}"", ""TransformationParameters"": ""{\""fillna\"": \""ffill\"", \""transformations\"": {\""0\"": \""Scaler\"", \""1\"": \""Detrend\"", \""2\"": \""MinMaxScaler\""}, \""transformation_params\"": {\""0\"": {}, \""1\"": {\""model\"": \""Linear\"", \""phi\"": 1, \""window\"": 30, \""transform_dict\"": null}, \""2\"": {}}}""}}, ""model_weights"": {}, ""point_method"": ""mean""}","{""fillna"": ""zero"", ""transformations"": {""0"": ""AnomalyRemoval"", ""1"": ""EWMAFilter"", ""2"": ""AlignLastValue""}, ""transformation_params"": {""0"": {""method"": ""med_diff"", ""method_params"": {""distribution"": ""norm"", ""alpha"": 0.05}, ""fillna"": ""rolling_mean_24"", ""transform_dict"": {""fillna"": null, ""transformations"": {""0"": ""EWMAFilter""}, ""transformation_params"": {""0"": {""span"": 7}}}, ""isolated_only"": false, ""on_inverse"": false}, ""1"": {""span"": 7}, ""2"": {""rows"": 1, ""lag"": 1, ""method"": ""multiplicative"", ""strength"": 1.0, ""first_value_only"": false, ""threshold"": 1, ""threshold_method"": ""max""}}}",1,6,11.49434646266875,0.8173365450053809,1.0228596197535282,0.7792155440362066,0.8173365450053809,0.0,-209.5365914531335,0.6689011832866316,231.8251428497722,0.6884949410708426,0.2913904685712306,0.7981481481481483,0.5222222222222223,2.8046843002658868,0.9296296296296297,1.3463495753298613,0.6096058622887187,3.088157544800054,2.042573243375153,0.6103048937492558,3.7147585661064455,6.044835591827973,5.983615542546552,0.006271816255120119,11.49434646266875,0.8173365450053809,1.0228596197535282,0.7792155440362066,0.8173365450053809,0.0,0.6689011832866316,0.6884949410708426,0.2913904685712306,2.8046843002658868,0.9296296296296297,1.3463495753298613,0.6096058622887187,3.088157544800054,2.042573243375153,0.6103048937492558,3.7147585661064455,6.044835591827973,5.983615542546552,0.006271816255120119,0.7981481481481483,0.5222222222222223,1.9416,20.11675352514405,12.891049263256724,Wh,12.891049263256724,Wh
280,36a83fa97f10a6537046f4f64c93c6d8,WindowRegression,"{""window_size"": 10, ""input_dim"": ""univariate"", ""output_dim"": ""1step"", ""normalize_window"": false, ""max_windows"": 5000000, ""fourier_encoding_components"": null, ""scale"": true, ""datepart_method"": null, ""regression_type"": null, ""regression_model"": {""model"": ""Ridge"", ""model_params"": {""alpha"": 1e-05}}}","{""fillna"": ""ffill_mean_biased"", ""transformations"": {""0"": ""DatepartRegression"", ""1"": ""DatepartRegression"", ""2"": ""DatepartRegression""}, ""transformation_params"": {""0"": {""regression_model"": {""model"": ""ElasticNet"", ""model_params"": {""l1_ratio"": 0.5, ""fit_intercept"": true, ""selection"": ""cyclic"", ""max_iter"": 1000}}, ""datepart_method"": ""simple_2"", ""polynomial_degree"": 2, ""transform_dict"": {""fillna"": null, ""transformations"": {""0"": ""EWMAFilter""}, ""transformation_params"": {""0"": {""span"": 7}}}, ""holiday_countries_used"": true, ""lags"": null, ""forward_lags"": null}, ""1"": {""regression_model"": {""model"": ""ElasticNet"", ""model_params"": {""l1_ratio"": 0.5, ""fit_intercept"": true, ""selection"": ""cyclic"", ""max_iter"": 1000}}, ""datepart_method"": ""anchored_warped_fourier:us_school"", ""polynomial_degree"": null, ""transform_dict"": {""fillna"": null, ""transformations"": {""0"": ""ClipOutliers""}, ""transformation_params"": {""0"": {""method"": ""clip"", ""std_threshold"": 4}}}, ""holiday_countries_used"": false, ""lags"": null, ""forward_lags"": null}, ""2"": {""regression_model"": {""model"": ""ElasticNet"", ""model_params"": {""l1_ratio"": 0.5, ""fit_intercept"": true, ""selection"": ""cyclic"", ""max_iter"": 1000}}, ""datepart_method"": ""common_fourier"", ""polynomial_degree"": null, ""transform_dict"": null, ""holiday_countries_used"": false, ""lags"": null, ""forward_lags"": null}}}",0,1,11.46040706103859,0.7222993255841571,0.9070621571255308,0.5766927619986116,0.7222993255841571,0.0,-2.2639698732577456,0.5026210507144127,62.74296942931639,0.7173975854428344,0.35097923806609976,0.8666666666666667,0.4888888888888889,2.5123703159972663,0.8888888888888888,1.4108245947550837,0.5397519925889498,2.8739184436525185,1.5152805076138784,0.13314289895325274,60.47899955605864,34.57049123771739,17.98206073688862,0.10958320323556626,11.46040706103859,0.7222993255841571,0.9070621571255308,0.5766927619986116,0.7222993255841571,0.0,0.5026210507144127,0.7173975854428344,0.35097923806609976,2.5123703159972663,0.8888888888888888,1.4108245947550837,0.5397519925889498,2.8739184436525185,1.5152805076138784,0.13314289895325274,60.47899955605864,34.57049123771739,17.98206073688862,0.10958320323556626,0.8666666666666667,0.4888888888888889,1.6784,20.01992851036946,10.389851497859262,Wh,10.389851497859262,Wh
281,db0e41fb25290810d4a0fb21211c4c5d,ARIMA,"{""p"": 4, ""d"": 0, ""q"": 12, ""regression_type"": null}","{""fillna"": ""cubic"", ""transformations"": {}, ""transformation_params"": {}}",0,1,8.005556525726472,0.485854603117221,0.6578559560726294,0.5596340115995082,0.485854603117221,0.0,-4.453839114406337,0.363838195140323,39.27307516614355,0.48081744679558835,0.7458618190397132,1.0,0.5111111111111111,2.0493991026396428,0.9666666666666667,1.269684967419335,0.323286012176752,1.8750589722939528,0.6033968388032483,0.10771846574961426,34.819236051737214,22.043247250692012,18.573891419801484,0.06308972451219123,8.005556525726472,0.485854603117221,0.6578559560726294,0.5596340115995082,0.485854603117221,0.0,0.363838195140323,0.48081744679558835,0.7458618190397132,2.0493991026396428,0.9666666666666667,1.269684967419335,0.323286012176752,1.8750589722939528,0.6033968388032483,0.10771846574961426,34.819236051737214,22.043247250692012,18.573891419801484,0.06308972451219123,1.0,0.5111111111111111,5.1599,20.014888117979936,6.988733060018791,Wh,6.988733060018791,Wh
282,919b55264e5904441ad5573cbfa29888,Ensemble,"{""model_name"": ""BestN"", ""model_count"": 3, ""model_metric"": ""mixed_metric"", ""models"": {""9401cafd8f6b338a48dd5f0e109ef608"": {""Model"": ""ARIMA"", ""ModelParameters"": ""{\""p\"": 4, \""d\"": 1, \""q\"": 1, \""regression_type\"": null}"", ""TransformationParameters"": ""{\""fillna\"": \""ffill\"", \""transformations\"": {\""0\"": \""Scaler\"", \""1\"": \""Detrend\"", \""2\"": \""DatepartRegression\""}, \""transformation_params\"": {\""0\"": {}, \""1\"": {\""model\"": \""Linear\"", \""phi\"": 1, \""window\"": 30, \""transform_dict\"": null}, \""2\"": {\""regression_model\"": {\""model\"": \""ElasticNet\"", \""model_params\"": {\""l1_ratio\"": 0.5, \""fit_intercept\"": true, \""selection\"": \""cyclic\"", \""max_iter\"": 1000}}, \""datepart_method\"": \""common_fourier\"", \""polynomial_degree\"": null, \""transform_dict\"": null, \""holiday_countries_used\"": false, \""lags\"": null, \""forward_lags\"": null}}}""}}, ""model_weights"": {}, ""point_method"": ""mean""}","{""fillna"": ""zero"", ""transformations"": {""0"": ""AnomalyRemoval"", ""1"": ""EWMAFilter"", ""2"": ""AlignLastValue""}, ""transformation_params"": {""0"": {""method"": ""med_diff"", ""method_params"": {""distribution"": ""norm"", ""alpha"": 0.05}, ""fillna"": ""rolling_mean_24"", ""transform_dict"": {""fillna"": null, ""transformations"": {""0"": ""EWMAFilter""}, ""transformation_params"": {""0"": {""span"": 7}}}, ""isolated_only"": false, ""on_inverse"": false}, ""1"": {""span"": 7}, ""2"": {""rows"": 1, ""lag"": 1, ""method"": ""multiplicative"", ""strength"": 1.0, ""first_value_only"": false, ""threshold"": 1, ""threshold_method"": ""max""}}}",1,2,10.400575407932074,0.6982462625190392,0.9045478336789086,0.5727881549476342,0.6982462625190392,0.0,-24.28860669771065,0.5170288184391734,101.3957205557164,0.6605239274626509,0.4294282849969968,0.95,0.5222222222222221,3.6702237663093324,0.9444444444444444,1.3390538632733247,0.5039961730645642,2.5973715077797594,1.5844741896212096,0.04645316416394637,38.55355692900287,19.63753883212636,24.612356315736236,0.06675855748087889,10.400575407932074,0.6982462625190392,0.9045478336789086,0.5727881549476342,0.6982462625190392,0.0,0.5170288184391734,0.6605239274626509,0.4294282849969968,3.6702237663093324,0.9444444444444444,1.3390538632733247,0.5039961730645642,2.5973715077797594,1.5844741896212096,0.04645316416394637,38.55355692900287,19.63753883212636,24.612356315736236,0.06675855748087889,0.95,0.5222222222222221,8.2183,19.97060796095584,10.724618896952528,Wh,10.724618896952528,Wh
283,b258f14c58aba0712f4cc634fa1513db,Ensemble,"{""model_name"": ""BestN"", ""model_count"": 5, ""model_metric"": ""mixed_metric"", ""models"": {""860cd5b05944ecb82d3157f8432afabb"": {""Model"": ""WindowRegression"", ""ModelParameters"": ""{\""window_size\"": 10, \""input_dim\"": \""univariate\"", \""output_dim\"": \""1step\"", \""normalize_window\"": false, \""max_windows\"": 5000000, \""fourier_encoding_components\"": null, \""scale\"": true, \""datepart_method\"": null, \""regression_type\"": null, \""regression_model\"": {\""model\"": \""SVM\"", \""model_params\"": {\""C\"": 0.1, \""tol\"": 0.001, \""epsilon\"": 0.0, \""loss\"": \""squared_epsilon_insensitive\"", \""max_iter\"": 50}}}"", ""TransformationParameters"": ""{\""fillna\"": \""pchip\"", \""transformations\"": {\""0\"": \""Scaler\""}, \""transformation_params\"": {\""0\"": {}}}""}, ""c0b1c7a0ef49e381d5aea93045d68ec6"": {""Model"": ""WindowRegression"", ""ModelParameters"": ""{\""window_size\"": 10, \""input_dim\"": \""univariate\"", \""output_dim\"": \""1step\"", \""normalize_window\"": false, \""max_windows\"": 5000000, \""fourier_encoding_components\"": null, \""scale\"": true, \""datepart_method\"": null, \""regression_type\"": null, \""regression_model\"": {\""model\"": \""SVM\"", \""model_params\"": {\""C\"": 0.1, \""tol\"": 0.001, \""epsilon\"": 0.0, \""loss\"": \""squared_epsilon_insensitive\"", \""max_iter\"": 50}}}"", ""TransformationParameters"": ""{\""fillna\"": \""ffill\"", \""transformations\"": {\""0\"": \""DatepartRegression\"", \""1\"": \""DatepartRegression\"", \""2\"": \""MinMaxScaler\"", \""3\"": \""Scaler\""}, \""transformation_params\"": {\""0\"": {\""regression_model\"": {\""model\"": \""ElasticNet\"", \""model_params\"": {\""l1_ratio\"": 0.5, \""fit_intercept\"": true, \""selection\"": \""cyclic\"", \""max_iter\"": 1000}}, \""datepart_method\"": \""anchored_segment_fourier:us_school\"", \""polynomial_degree\"": null, \""transform_dict\"": null, \""holiday_countries_used\"": false, \""lags\"": null, \""forward_lags\"": null}, \""1\"": {\""regression_model\"": {\""model\"": \""ElasticNet\"", \""model_params\"": {\""l1_ratio\"": 0.9, \""fit_intercept\"": true, \""selection\"": \""cyclic\"", \""max_iter\"": 200}}, \""datepart_method\"": \""common_fourier\"", \""polynomial_degree\"": null, \""transform_dict\"": null, \""holiday_countries_used\"": false, \""lags\"": null, \""forward_lags\"": 2}, \""2\"": {}, \""3\"": {}}}""}, ""b56ba147e1633d9995afee23f1bd58c7"": {""Model"": ""WindowRegression"", ""ModelParameters"": ""{\""window_size\"": 20, \""input_dim\"": \""univariate\"", \""output_dim\"": \""1step\"", \""normalize_window\"": false, \""max_windows\"": 5000000, \""fourier_encoding_components\"": null, \""scale\"": false, \""datepart_method\"": null, \""regression_type\"": null, \""regression_model\"": {\""model\"": \""xgboost\"", \""model_params\"": {\""booster\"": \""gbtree\"", \""objective\"": \""reg:squarederror\"", \""max_depth\"": 6, \""eta\"": 0.003, \""min_child_weight\"": 0.5, \""subsample\"": 1, \""colsample_bylevel\"": 0.9, \""reg_alpha\"": 0, \""reg_lambda\"": 1, \""n_estimators\"": 7, \""multi_strategy\"": \""multi_output_tree\"", \""tree_method\"": \""hist\""}}}"", ""TransformationParameters"": ""{\""fillna\"": \""ffill\"", \""transformations\"": {\""0\"": \""Scaler\"", \""1\"": \""Detrend\"", \""2\"": \""MinMaxScaler\""}, \""transformation_params\"": {\""0\"": {}, \""1\"": {\""model\"": \""Linear\"", \""phi\"": 1, \""window\"": 30, \""transform_dict\"": null}, \""2\"": {}}}""}, ""7d046fbef1e1594270dc26a3315f53d9"": {""Model"": ""WindowRegression"", ""ModelParameters"": ""{\""window_size\"": 10, \""input_dim\"": \""univariate\"", \""output_dim\"": \""1step\"", \""normalize_window\"": false, \""max_windows\"": 5000000, \""fourier_encoding_components\"": null, \""scale\"": true, \""datepart_method\"": null, \""regression_type\"": null, \""regression_model\"": {\""model\"": \""SVM\"", \""model_params\"": {\""C\"": 0.1, \""tol\"": 0.001, \""epsilon\"": 0.0, \""loss\"": \""squared_epsilon_insensitive\"", \""max_iter\"": 50}}}"", ""TransformationParameters"": ""{\""fillna\"": \""ffill\"", \""transformations\"": {\""0\"": \""Scaler\"", \""1\"": \""Detrend\""}, \""transformation_params\"": {\""0\"": {}, \""1\"": {\""model\"": \""Linear\"", \""phi\"": 1, \""window\"": 30, \""transform_dict\"": null}}}""}, ""e9ab0dee8ad32b476a4ab9bc6aed1fef"": {""Model"": ""RollingRegression"", ""ModelParameters"": ""{\""regression_model\"": {\""model\"": \""RANSAC\"", \""model_params\"": {}}, \""holiday\"": true, \""mean_rolling_periods\"": 12, \""macd_periods\"": 24, \""std_rolling_periods\"": 30, \""max_rolling_periods\"": 12, \""min_rolling_periods\"": null, \""ewm_var_alpha\"": null, \""quantile90_rolling_periods\"": null, \""quantile10_rolling_periods\"": null, \""ewm_alpha\"": 0.8, \""additional_lag_periods\"": 6, \""abs_energy\"": false, \""rolling_autocorr_periods\"": null, \""nonzero_last_n\"": null, \""add_date_part\"": null, \""polynomial_degree\"": null, \""x_transform\"": null, \""regression_type\"": null}"", ""TransformationParameters"": ""{\""fillna\"": \""ffill\"", \""transformations\"": {\""0\"": \""Scaler\"", \""1\"": \""Detrend\"", \""2\"": \""DatepartRegression\""}, \""transformation_params\"": {\""0\"": {}, \""1\"": {\""model\"": \""Linear\"", \""phi\"": 1, \""window\"": 30, \""transform_dict\"": null}, \""2\"": {\""regression_model\"": {\""model\"": \""ElasticNet\"", \""model_params\"": {\""l1_ratio\"": 0.5, \""fit_intercept\"": true, \""selection\"": \""cyclic\"", \""max_iter\"": 1000}}, \""datepart_method\"": \""common_fourier\"", \""polynomial_degree\"": null, \""transform_dict\"": null, \""holiday_countries_used\"": false, \""lags\"": null, \""forward_lags\"": null}}}""}}, ""point_method"": ""kalman"", ""model_weights"": {}}","{""fillna"": ""quadratic"", ""transformations"": {""0"": ""AlignLastValue"", ""1"": ""ChangepointDetrend""}, ""transformation_params"": {""0"": {""rows"": 1, ""lag"": 1, ""method"": ""multiplicative"", ""strength"": 1.0, ""first_value_only"": false, ""threshold"": null, ""threshold_method"": ""mean""}, ""1"": {""model"": ""Linear"", ""changepoint_spacing"": 180, ""changepoint_distance_end"": 360, ""datepart_method"": null}}}",1,1,9.02959271814556,0.5544272593208448,0.7253213824185053,0.5472512266544025,0.5544272593208448,0.0,-3.6108952518523667,0.4056348254711036,46.28755808702366,0.5505904041598916,0.6165259543215793,0.05555555555555555,0.5333333333333333,2.2938143113066953,0.9777777777777777,1.2974895375654565,0.3868631960248453,2.019851254904853,0.6602707823707659,0.013522431918538518,42.6766628351713,29.162940230327347,22.686855704433928,0.07732676550886859,9.02959271814556,0.5544272593208448,0.7253213824185053,0.5472512266544025,0.5544272593208448,0.0,0.4056348254711036,0.5505904041598916,0.6165259543215793,2.2938143113066953,0.9777777777777777,1.2974895375654565,0.3868631960248453,2.019851254904853,0.6602707823707659,0.013522431918538518,42.6766628351713,29.162940230327347,22.686855704433928,0.07732676550886859,0.05555555555555555,0.5333333333333333,7.7952,19.85214564714126,7.97511043783679,Wh,7.97511043783679,Wh
284,11420dd5a9702123a9bd7272cd99946e,Ensemble,"{""model_name"": ""BestN"", ""model_count"": 3, ""model_metric"": ""mixed_metric"", ""models"": {""860cd5b05944ecb82d3157f8432afabb"": {""Model"": ""WindowRegression"", ""ModelParameters"": ""{\""window_size\"": 10, \""input_dim\"": \""univariate\"", \""output_dim\"": \""1step\"", \""normalize_window\"": false, \""max_windows\"": 5000000, \""fourier_encoding_components\"": null, \""scale\"": true, \""datepart_method\"": null, \""regression_type\"": null, \""regression_model\"": {\""model\"": \""SVM\"", \""model_params\"": {\""C\"": 0.1, \""tol\"": 0.001, \""epsilon\"": 0.0, \""loss\"": \""squared_epsilon_insensitive\"", \""max_iter\"": 50}}}"", ""TransformationParameters"": ""{\""fillna\"": \""pchip\"", \""transformations\"": {\""0\"": \""Scaler\""}, \""transformation_params\"": {\""0\"": {}}}""}, ""c0b1c7a0ef49e381d5aea93045d68ec6"": {""Model"": ""WindowRegression"", ""ModelParameters"": ""{\""window_size\"": 10, \""input_dim\"": \""univariate\"", \""output_dim\"": \""1step\"", \""normalize_window\"": false, \""max_windows\"": 5000000, \""fourier_encoding_components\"": null, \""scale\"": true, \""datepart_method\"": null, \""regression_type\"": null, \""regression_model\"": {\""model\"": \""SVM\"", \""model_params\"": {\""C\"": 0.1, \""tol\"": 0.001, \""epsilon\"": 0.0, \""loss\"": \""squared_epsilon_insensitive\"", \""max_iter\"": 50}}}"", ""TransformationParameters"": ""{\""fillna\"": \""ffill\"", \""transformations\"": {\""0\"": \""DatepartRegression\"", \""1\"": \""DatepartRegression\"", \""2\"": \""MinMaxScaler\"", \""3\"": \""Scaler\""}, \""transformation_params\"": {\""0\"": {\""regression_model\"": {\""model\"": \""ElasticNet\"", \""model_params\"": {\""l1_ratio\"": 0.5, \""fit_intercept\"": true, \""selection\"": \""cyclic\"", \""max_iter\"": 1000}}, \""datepart_method\"": \""anchored_segment_fourier:us_school\"", \""polynomial_degree\"": null, \""transform_dict\"": null, \""holiday_countries_used\"": false, \""lags\"": null, \""forward_lags\"": null}, \""1\"": {\""regression_model\"": {\""model\"": \""ElasticNet\"", \""model_params\"": {\""l1_ratio\"": 0.9, \""fit_intercept\"": true, \""selection\"": \""cyclic\"", \""max_iter\"": 200}}, \""datepart_method\"": \""common_fourier\"", \""polynomial_degree\"": null, \""transform_dict\"": null, \""holiday_countries_used\"": false, \""lags\"": null, \""forward_lags\"": 2}, \""2\"": {}, \""3\"": {}}}""}, ""b56ba147e1633d9995afee23f1bd58c7"": {""Model"": ""WindowRegression"", ""ModelParameters"": ""{\""window_size\"": 20, \""input_dim\"": \""univariate\"", \""output_dim\"": \""1step\"", \""normalize_window\"": false, \""max_windows\"": 5000000, \""fourier_encoding_components\"": null, \""scale\"": false, \""datepart_method\"": null, \""regression_type\"": null, \""regression_model\"": {\""model\"": \""xgboost\"", \""model_params\"": {\""booster\"": \""gbtree\"", \""objective\"": \""reg:squarederror\"", \""max_depth\"": 6, \""eta\"": 0.003, \""min_child_weight\"": 0.5, \""subsample\"": 1, \""colsample_bylevel\"": 0.9, \""reg_alpha\"": 0, \""reg_lambda\"": 1, \""n_estimators\"": 7, \""multi_strategy\"": \""multi_output_tree\"", \""tree_method\"": \""hist\""}}}"", ""TransformationParameters"": ""{\""fillna\"": \""ffill\"", \""transformations\"": {\""0\"": \""Scaler\"", \""1\"": \""Detrend\"", \""2\"": \""MinMaxScaler\""}, \""transformation_params\"": {\""0\"": {}, \""1\"": {\""model\"": \""Linear\"", \""phi\"": 1, \""window\"": 30, \""transform_dict\"": null}, \""2\"": {}}}""}}, ""model_weights"": {}, ""point_method"": ""mean""}","{""fillna"": ""fake_date"", ""transformations"": {""0"": ""FIRFilter"", ""1"": ""AlignLastValue"", ""2"": ""AlignLastValue""}, ""transformation_params"": {""0"": {""numtaps"": 32, ""cutoff_hz"": 0.1, ""window"": ""triang"", ""sampling_frequency"": 12, ""on_transform"": false, ""on_inverse"": true, ""bounds_only"": true}, ""1"": {""rows"": 1, ""lag"": 1, ""method"": ""multiplicative"", ""strength"": 1.0, ""first_value_only"": false, ""threshold"": null, ""threshold_method"": ""mean""}, ""2"": {""rows"": 1, ""lag"": 1, ""method"": ""multiplicative"", ""strength"": 1.0, ""first_value_only"": true, ""threshold"": 10, ""threshold_method"": ""max""}}}",1,6,11.456686091683965,0.8079847469894702,1.0225150341619162,0.7654293781015142,0.8079847469894702,0.0,-260.0728606195105,0.6989185096332893,176.2389027548034,0.6403579625705816,0.26464778554229246,0.8351851851851851,0.512962962962963,2.764623919426609,0.9203703703703704,1.3342819355198314,0.5944463194553914,2.954732289364676,0.8964546913495122,0.6105002686911976,17.922929071560596,12.743244428185408,6.693904380058053,0.027697382076284752,11.456686091683965,0.8079847469894702,1.0225150341619162,0.7654293781015142,0.8079847469894702,0.0,0.6989185096332893,0.6403579625705816,0.26464778554229246,2.764623919426609,0.9203703703703704,1.3342819355198314,0.5944463194553914,2.954732289364676,0.8964546913495122,0.6105002686911976,17.922929071560596,12.743244428185408,6.693904380058053,0.027697382076284752,0.8351851851851851,0.512962962962963,1.9987000000000001,19.75050146441362,12.748603695865269,Wh,12.748603695865269,Wh
285,ea4e8b593d4dbda29eedc1d13c1eb405,Ensemble,"{""model_name"": ""BestN"", ""model_count"": 3, ""model_metric"": ""best_score"", ""models"": {}, ""model_weights"": {}, ""point_method"": ""mean""}","{""fillna"": ""quadratic"", ""transformations"": {""0"": ""AlignLastValue"", ""1"": ""ChangepointDetrend""}, ""transformation_params"": {""0"": {""rows"": 1, ""lag"": 1, ""method"": ""multiplicative"", ""strength"": 1.0, ""first_value_only"": false, ""threshold"": null, ""threshold_method"": ""mean""}, ""1"": {""model"": ""Linear"", ""changepoint_spacing"": 180, ""changepoint_distance_end"": 360, ""datepart_method"": null}}}",1,2,10.571378411417363,0.7118979678100283,0.8936276440173943,0.5846608306443518,0.7118979678100283,0.0,-70.68535378530677,0.6207720823535571,57.45628042049834,0.5784063988312851,0.36285660397592134,0.5611111111111111,0.5055555555555555,3.1242293144477973,0.9444444444444444,1.3079694686000725,0.522504057169204,2.430991835294894,0.7746036773049196,0.21361983979494112,40.055028559130015,24.703946447571372,20.50272944835868,0.06558598069124622,10.571378411417363,0.7118979678100283,0.8936276440173943,0.5846608306443518,0.7118979678100283,0.0,0.6207720823535571,0.5784063988312851,0.36285660397592134,3.1242293144477973,0.9444444444444444,1.3079694686000725,0.522504057169204,2.430991835294894,0.7746036773049196,0.21361983979494112,40.055028559130015,24.703946447571372,20.50272944835868,0.06558598069124622,0.5611111111111111,0.5055555555555555,19.39845,19.353548866336062,13.093709791229916,Wh,13.093709791229916,Wh
286,ece02f11625f9bdc3508ec4ee69f0258,WindowRegression,"{""window_size"": 5, ""input_dim"": ""univariate"", ""output_dim"": ""forecast_length"", ""normalize_window"": false, ""max_windows"": 5000, ""fourier_encoding_components"": null, ""scale"": true, ""datepart_method"": null, ""regression_type"": null, ""regression_model"": {""model"": ""SVM"", ""model_params"": {""C"": 0.1, ""tol"": 0.001, ""epsilon"": 0.1, ""loss"": ""squared_epsilon_insensitive"", ""max_iter"": 50}}}","{""fillna"": ""pchip"", ""transformations"": {""0"": ""Scaler"", ""1"": ""MinMaxScaler""}, ""transformation_params"": {""0"": {}, ""1"": {}}}",0,1,11.438814752858987,0.6704726689260436,0.834840386662614,0.7291518166903626,0.6704726689260436,0.0,-44.66717752785985,0.6199916217072764,15.675362675484092,0.5207119629874805,0.3475698166047787,0.8333333333333334,0.45555555555555555,2.0740804521447753,0.9666666666666667,1.3599893088280584,0.5132457989118132,2.8974916288958203,2.4095613787674206,0.45950166473712695,28.991814852375754,11.925795770311058,3.810483449949215,0.05253089440064217,11.438814752858987,0.6704726689260436,0.834840386662614,0.7291518166903626,0.6704726689260436,0.0,0.6199916217072764,0.5207119629874805,0.3475698166047787,2.0740804521447753,0.9666666666666667,1.3599893088280584,0.5132457989118132,2.8974916288958203,2.4095613787674206,0.45950166473712695,28.991814852375754,11.925795770311058,3.810483449949215,0.05253089440064217,0.8333333333333334,0.45555555555555555,0.1574,19.340455270348453,9.644355486392199,Wh,9.644355486392199,Wh
287,243933a1740340b265dbd177cfbf39d4,RollingRegression,"{""regression_model"": {""model"": ""ExtraTrees"", ""model_params"": {""n_estimators"": 100, ""min_samples_leaf"": 1, ""min_samples_split"": 2, ""max_depth"": null, ""criterion"": ""squared_error"", ""max_features"": 1}}, ""holiday"": true, ""mean_rolling_periods"": 5, ""macd_periods"": 12, ""std_rolling_periods"": null, ""max_rolling_periods"": 12, ""min_rolling_periods"": null, ""ewm_var_alpha"": null, ""quantile90_rolling_periods"": null, ""quantile10_rolling_periods"": null, ""ewm_alpha"": 0.2, ""additional_lag_periods"": 6, ""abs_energy"": false, ""rolling_autocorr_periods"": null, ""nonzero_last_n"": null, ""add_date_part"": null, ""polynomial_degree"": null, ""x_transform"": ""Nystroem"", ""regression_type"": null}","{""fillna"": ""rolling_mean_24"", ""transformations"": {""0"": ""DatepartRegression"", ""1"": ""Detrend"", ""2"": ""DatepartRegression""}, ""transformation_params"": {""0"": {""regression_model"": {""model"": ""ElasticNet"", ""model_params"": {""l1_ratio"": 0.5, ""fit_intercept"": true, ""selection"": ""cyclic"", ""max_iter"": 1000}}, ""datepart_method"": ""anchored_segment_fourier:us_school"", ""polynomial_degree"": null, ""transform_dict"": null, ""holiday_countries_used"": false, ""lags"": null, ""forward_lags"": null}, ""1"": {""model"": ""Linear"", ""phi"": 1, ""window"": 30, ""transform_dict"": null}, ""2"": {""regression_model"": {""model"": ""ElasticNet"", ""model_params"": {""l1_ratio"": 0.5, ""fit_intercept"": true, ""selection"": ""cyclic"", ""max_iter"": 1000}}, ""datepart_method"": ""common_fourier"", ""polynomial_degree"": null, ""transform_dict"": null, ""holiday_countries_used"": false, ""lags"": null, ""forward_lags"": null}}}",0,2,9.989551902921077,0.681547138046382,0.8752580387569241,0.604413240633767,0.681547138046382,0.0,-27.752214489235175,0.5015684922081332,94.9262703591136,0.6448026483756166,0.4196423455722208,0.9777777777777779,0.4722222222222222,4.109841860690558,0.9444444444444444,1.3347413713561394,0.504949932371731,2.809733253295995,1.5193356831325324,0.20297566841996884,33.587027934939215,13.264907470068458,20.399269414661063,0.052192175437659076,9.989551902921077,0.681547138046382,0.8752580387569241,0.604413240633767,0.681547138046382,0.0,0.5015684922081332,0.6448026483756166,0.4196423455722208,4.109841860690558,0.9444444444444444,1.3347413713561394,0.504949932371731,2.809733253295995,1.5193356831325324,0.20297566841996884,33.587027934939215,13.264907470068458,20.399269414661063,0.052192175437659076,0.9777777777777779,0.4722222222222222,7.77985,19.327079482039945,12.930426087468028,Wh,12.930426087468028,Wh
288,4ce44d1f6f9b81c885b0d57f0ace83fd,WindowRegression,"{""window_size"": 5, ""input_dim"": ""univariate"", ""output_dim"": ""forecast_length"", ""normalize_window"": false, ""max_windows"": 5000000, ""fourier_encoding_components"": null, ""scale"": true, ""datepart_method"": null, ""regression_type"": null, ""regression_model"": {""model"": ""BayesianRidge"", ""model_params"": {}}}","{""fillna"": ""mean"", ""transformations"": {""0"": ""Detrend"", ""1"": ""DatepartRegression"", ""2"": ""MinMaxScaler""}, ""transformation_params"": {""0"": {""model"": ""GLS"", ""phi"": 1, ""window"": null, ""transform_dict"": null}, ""1"": {""regression_model"": {""model"": ""ElasticNet"", ""model_params"": {""l1_ratio"": 0.5, ""fit_intercept"": true, ""selection"": ""random"", ""max_iter"": 1000}}, ""datepart_method"": ""expanded"", ""polynomial_degree"": null, ""transform_dict"": null, ""holiday_countries_used"": false, ""lags"": 1, ""forward_lags"": null}, ""2"": {}}}",0,1,10.957885244158884,0.684442210894216,0.8683221508748873,0.6871699090815673,0.684442210894216,0.0,-8.629958931566513,0.49261845236789814,52.969840048912914,0.6675217788692853,0.32720750919684777,0.9,0.4111111111111111,2.5969850287831537,0.8555555555555555,1.4164367381484693,0.5099646030155505,2.40045713327369,0.9282010882144435,0.33759732439467977,44.3398811173464,33.43064822552172,11.287452310523186,0.08034038657367745,10.957885244158884,0.684442210894216,0.8683221508748873,0.6871699090815673,0.684442210894216,0.0,0.49261845236789814,0.6675217788692853,0.32720750919684777,2.5969850287831537,0.8555555555555555,1.4164367381484693,0.5099646030155505,2.40045713327369,0.9282010882144435,0.33759732439467977,44.3398811173464,33.43064822552172,11.287452310523186,0.08034038657367745,0.9,0.4111111111111111,0.3477,19.032024608985097,9.845299141469049,Wh,9.845299141469049,Wh
289,0c53edb0d7d27bcc693ede3fe6713951,Ensemble,"{""model_name"": ""BestN"", ""model_count"": 3, ""model_metric"": ""best_score"", ""models"": {""860cd5b05944ecb82d3157f8432afabb"": {""Model"": ""WindowRegression"", ""ModelParameters"": ""{\""window_size\"": 10, \""input_dim\"": \""univariate\"", \""output_dim\"": \""1step\"", \""normalize_window\"": false, \""max_windows\"": 5000000, \""fourier_encoding_components\"": null, \""scale\"": true, \""datepart_method\"": null, \""regression_type\"": null, \""regression_model\"": {\""model\"": \""SVM\"", \""model_params\"": {\""C\"": 0.1, \""tol\"": 0.001, \""epsilon\"": 0.0, \""loss\"": \""squared_epsilon_insensitive\"", \""max_iter\"": 50}}}"", ""TransformationParameters"": ""{\""fillna\"": \""pchip\"", \""transformations\"": {\""0\"": \""Scaler\""}, \""transformation_params\"": {\""0\"": {}}}""}, ""c0b1c7a0ef49e381d5aea93045d68ec6"": {""Model"": ""WindowRegression"", ""ModelParameters"": ""{\""window_size\"": 10, \""input_dim\"": \""univariate\"", \""output_dim\"": \""1step\"", \""normalize_window\"": false, \""max_windows\"": 5000000, \""fourier_encoding_components\"": null, \""scale\"": true, \""datepart_method\"": null, \""regression_type\"": null, \""regression_model\"": {\""model\"": \""SVM\"", \""model_params\"": {\""C\"": 0.1, \""tol\"": 0.001, \""epsilon\"": 0.0, \""loss\"": \""squared_epsilon_insensitive\"", \""max_iter\"": 50}}}"", ""TransformationParameters"": ""{\""fillna\"": \""ffill\"", \""transformations\"": {\""0\"": \""DatepartRegression\"", \""1\"": \""DatepartRegression\"", \""2\"": \""MinMaxScaler\"", \""3\"": \""Scaler\""}, \""transformation_params\"": {\""0\"": {\""regression_model\"": {\""model\"": \""ElasticNet\"", \""model_params\"": {\""l1_ratio\"": 0.5, \""fit_intercept\"": true, \""selection\"": \""cyclic\"", \""max_iter\"": 1000}}, \""datepart_method\"": \""anchored_segment_fourier:us_school\"", \""polynomial_degree\"": null, \""transform_dict\"": null, \""holiday_countries_used\"": false, \""lags\"": null, \""forward_lags\"": null}, \""1\"": {\""regression_model\"": {\""model\"": \""ElasticNet\"", \""model_params\"": {\""l1_ratio\"": 0.9, \""fit_intercept\"": true, \""selection\"": \""cyclic\"", \""max_iter\"": 200}}, \""datepart_method\"": \""common_fourier\"", \""polynomial_degree\"": null, \""transform_dict\"": null, \""holiday_countries_used\"": false, \""lags\"": null, \""forward_lags\"": 2}, \""2\"": {}, \""3\"": {}}}""}, ""610f0e543b94fb05cd2d59dc7f408967"": {""Model"": ""WindowRegression"", ""ModelParameters"": ""{\""window_size\"": 10, \""input_dim\"": \""univariate\"", \""output_dim\"": \""1step\"", \""normalize_window\"": false, \""max_windows\"": 5000000, \""fourier_encoding_components\"": null, \""scale\"": true, \""datepart_method\"": null, \""regression_type\"": null, \""regression_model\"": {\""model\"": \""SVM\"", \""model_params\"": {\""C\"": 0.1, \""tol\"": 0.001, \""epsilon\"": 0.0, \""loss\"": \""squared_epsilon_insensitive\"", \""max_iter\"": 50}}}"", ""TransformationParameters"": ""{\""fillna\"": \""rolling_mean_24\"", \""transformations\"": {\""0\"": \""DatepartRegression\"", \""1\"": \""DatepartRegression\"", \""2\"": \""MinMaxScaler\""}, \""transformation_params\"": {\""0\"": {\""regression_model\"": {\""model\"": \""ElasticNet\"", \""model_params\"": {\""l1_ratio\"": 0.5, \""fit_intercept\"": true, \""selection\"": \""cyclic\"", \""max_iter\"": 1000}}, \""datepart_method\"": \""anchored_segment_fourier:us_school\"", \""polynomial_degree\"": null, \""transform_dict\"": null, \""holiday_countries_used\"": false, \""lags\"": null, \""forward_lags\"": null}, \""1\"": {\""regression_model\"": {\""model\"": \""ElasticNet\"", \""model_params\"": {\""l1_ratio\"": 0.9, \""fit_intercept\"": true, \""selection\"": \""cyclic\"", \""max_iter\"": 200}}, \""datepart_method\"": \""common_fourier\"", \""polynomial_degree\"": null, \""transform_dict\"": null, \""holiday_countries_used\"": false, \""lags\"": null, \""forward_lags\"": 2}, \""2\"": {}}}""}}, ""model_weights"": {}, ""point_method"": ""mean""}","{""fillna"": ""ffill"", ""transformations"": {""0"": ""FFTFilter"", ""1"": ""HistoricValues""}, ""transformation_params"": {""0"": {""cutoff"": 0.01, ""reverse"": false, ""on_transform"": false, ""on_inverse"": true}, ""1"": {""window"": null}}}",1,7,10.80870708291005,0.7668593014779334,0.9687166037073087,0.5871950535574676,0.7668593014779334,0.0,-344.1983089976838,0.6995556789807421,138.92305093341415,0.5834865508529724,0.27717217815360773,0.7015873015873015,0.5126984126984127,3.044627401563857,0.9285714285714286,1.3078494707293562,0.5683305138035822,2.4451025115342246,1.0086278792133148,0.009517234849089463,32.79534367152616,17.961266493709736,28.00507881549023,0.050117638407059295,10.80870708291005,0.7668593014779334,0.9687166037073087,0.5871950535574676,0.7668593014779334,0.0,0.6995556789807421,0.5834865508529724,0.27717217815360773,3.044627401563857,0.9285714285714286,1.3078494707293562,0.5683305138035822,2.4451025115342246,1.0086278792133148,0.009517234849089463,32.79534367152616,17.961266493709736,28.00507881549023,0.050117638407059295,0.7015873015873015,0.5126984126984127,3.3106,19.02057402618781,11.884507342590442,Wh,11.884507342590442,Wh
290,b7028a7e9d8f454f0637d12194c01411,DatepartRegression,"{""regression_model"": {""model"": ""RandomForest"", ""model_params"": {""n_estimators"": 100, ""min_samples_leaf"": 2, ""bootstrap"": true}}, ""datepart_method"": ""expanded"", ""polynomial_degree"": null, ""holiday_countries_used"": false, ""lags"": null, ""forward_lags"": null, ""regression_type"": null}","{""fillna"": ""ffill"", ""transformations"": {""1"": ""Detrend""}, ""transformation_params"": {""1"": {""model"": ""Linear"", ""phi"": 1, ""window"": null}}}",0,1,9.781585188538376,0.6050538352660056,0.7930382621012766,0.6197092805311314,0.6050538352660056,0.0,-4.561917919514856,0.43437812661915054,49.89292725442566,0.5987288746778682,0.4561264317026744,0.9888888888888889,0.4777777777777778,2.50686764341879,0.9555555555555556,1.3285928732616394,0.42934223798678783,2.251522896129582,0.8249403173332734,0.2722384687155627,45.331009334910796,29.787012447961793,13.573981105465997,0.08213623316001509,9.781585188538376,0.6050538352660056,0.7930382621012766,0.6197092805311314,0.6050538352660056,0.0,0.43437812661915054,0.5987288746778682,0.4561264317026744,2.50686764341879,0.9555555555555556,1.3285928732616394,0.42934223798678783,2.251522896129582,0.8249403173332734,0.2722384687155627,45.331009334910796,29.787012447961793,13.573981105465997,0.08213623316001509,0.9888888888888889,0.4777777777777778,0.421,19.000985794288997,8.703343993212066,Wh,8.703343993212066,Wh
291,df7bb5192762020f7d0a4340a3822a0b,Ensemble,"{""model_name"": ""BestN"", ""model_count"": 5, ""model_metric"": ""bestn_horizontal"", ""models"": {""860cd5b05944ecb82d3157f8432afabb"": {""Model"": ""WindowRegression"", ""ModelParameters"": ""{\""window_size\"": 10, \""input_dim\"": \""univariate\"", \""output_dim\"": \""1step\"", \""normalize_window\"": false, \""max_windows\"": 5000000, \""fourier_encoding_components\"": null, \""scale\"": true, \""datepart_method\"": null, \""regression_type\"": null, \""regression_model\"": {\""model\"": \""SVM\"", \""model_params\"": {\""C\"": 0.1, \""tol\"": 0.001, \""epsilon\"": 0.0, \""loss\"": \""squared_epsilon_insensitive\"", \""max_iter\"": 50}}}"", ""TransformationParameters"": ""{\""fillna\"": \""pchip\"", \""transformations\"": {\""0\"": \""Scaler\""}, \""transformation_params\"": {\""0\"": {}}}""}, ""c0b1c7a0ef49e381d5aea93045d68ec6"": {""Model"": ""WindowRegression"", ""ModelParameters"": ""{\""window_size\"": 10, \""input_dim\"": \""univariate\"", \""output_dim\"": \""1step\"", \""normalize_window\"": false, \""max_windows\"": 5000000, \""fourier_encoding_components\"": null, \""scale\"": true, \""datepart_method\"": null, \""regression_type\"": null, \""regression_model\"": {\""model\"": \""SVM\"", \""model_params\"": {\""C\"": 0.1, \""tol\"": 0.001, \""epsilon\"": 0.0, \""loss\"": \""squared_epsilon_insensitive\"", \""max_iter\"": 50}}}"", ""TransformationParameters"": ""{\""fillna\"": \""ffill\"", \""transformations\"": {\""0\"": \""DatepartRegression\"", \""1\"": \""DatepartRegression\"", \""2\"": \""MinMaxScaler\"", \""3\"": \""Scaler\""}, \""transformation_params\"": {\""0\"": {\""regression_model\"": {\""model\"": \""ElasticNet\"", \""model_params\"": {\""l1_ratio\"": 0.5, \""fit_intercept\"": true, \""selection\"": \""cyclic\"", \""max_iter\"": 1000}}, \""datepart_method\"": \""anchored_segment_fourier:us_school\"", \""polynomial_degree\"": null, \""transform_dict\"": null, \""holiday_countries_used\"": false, \""lags\"": null, \""forward_lags\"": null}, \""1\"": {\""regression_model\"": {\""model\"": \""ElasticNet\"", \""model_params\"": {\""l1_ratio\"": 0.9, \""fit_intercept\"": true, \""selection\"": \""cyclic\"", \""max_iter\"": 200}}, \""datepart_method\"": \""common_fourier\"", \""polynomial_degree\"": null, \""transform_dict\"": null, \""holiday_countries_used\"": false, \""lags\"": null, \""forward_lags\"": 2}, \""2\"": {}, \""3\"": {}}}""}, ""610f0e543b94fb05cd2d59dc7f408967"": {""Model"": ""WindowRegression"", ""ModelParameters"": ""{\""window_size\"": 10, \""input_dim\"": \""univariate\"", \""output_dim\"": \""1step\"", \""normalize_window\"": false, \""max_windows\"": 5000000, \""fourier_encoding_components\"": null, \""scale\"": true, \""datepart_method\"": null, \""regression_type\"": null, \""regression_model\"": {\""model\"": \""SVM\"", \""model_params\"": {\""C\"": 0.1, \""tol\"": 0.001, \""epsilon\"": 0.0, \""loss\"": \""squared_epsilon_insensitive\"", \""max_iter\"": 50}}}"", ""TransformationParameters"": ""{\""fillna\"": \""rolling_mean_24\"", \""transformations\"": {\""0\"": \""DatepartRegression\"", \""1\"": \""DatepartRegression\"", \""2\"": \""MinMaxScaler\""}, \""transformation_params\"": {\""0\"": {\""regression_model\"": {\""model\"": \""ElasticNet\"", \""model_params\"": {\""l1_ratio\"": 0.5, \""fit_intercept\"": true, \""selection\"": \""cyclic\"", \""max_iter\"": 1000}}, \""datepart_method\"": \""anchored_segment_fourier:us_school\"", \""polynomial_degree\"": null, \""transform_dict\"": null, \""holiday_countries_used\"": false, \""lags\"": null, \""forward_lags\"": null}, \""1\"": {\""regression_model\"": {\""model\"": \""ElasticNet\"", \""model_params\"": {\""l1_ratio\"": 0.9, \""fit_intercept\"": true, \""selection\"": \""cyclic\"", \""max_iter\"": 200}}, \""datepart_method\"": \""common_fourier\"", \""polynomial_degree\"": null, \""transform_dict\"": null, \""holiday_countries_used\"": false, \""lags\"": null, \""forward_lags\"": 2}, \""2\"": {}}}""}, ""727a69c39da55c22e462197e5cede5c2"": {""Model"": ""WindowRegression"", ""ModelParameters"": ""{\""window_size\"": 10, \""input_dim\"": \""univariate\"", \""output_dim\"": \""1step\"", \""normalize_window\"": false, \""max_windows\"": 5000000, \""fourier_encoding_components\"": null, \""scale\"": true, \""datepart_method\"": null, \""regression_type\"": null, \""regression_model\"": {\""model\"": \""SVM\"", \""model_params\"": {\""C\"": 0.1, \""tol\"": 0.001, \""epsilon\"": 0.0, \""loss\"": \""squared_epsilon_insensitive\"", \""max_iter\"": 50}}}"", ""TransformationParameters"": ""{\""fillna\"": \""ffill\"", \""transformations\"": {\""0\"": \""MinMaxScaler\""}, \""transformation_params\"": {\""0\"": {}}}""}, ""474b2b4c4272ab687933f5d9bc0a6613"": {""Model"": ""WindowRegression"", ""ModelParameters"": ""{\""window_size\"": 10, \""input_dim\"": \""univariate\"", \""output_dim\"": \""1step\"", \""normalize_window\"": false, \""max_windows\"": 5000000, \""fourier_encoding_components\"": null, \""scale\"": true, \""datepart_method\"": null, \""regression_type\"": null, \""regression_model\"": {\""model\"": \""SVM\"", \""model_params\"": {\""C\"": 0.1, \""tol\"": 0.001, \""epsilon\"": 0.0, \""loss\"": \""squared_epsilon_insensitive\"", \""max_iter\"": 50}}}"", ""TransformationParameters"": ""{\""fillna\"": \""ffill\"", \""transformations\"": {\""0\"": \""DatepartRegression\"", \""1\"": \""MinMaxScaler\""}, \""transformation_params\"": {\""0\"": {\""regression_model\"": {\""model\"": \""ElasticNet\"", \""model_params\"": {\""l1_ratio\"": 0.5, \""fit_intercept\"": true, \""selection\"": \""cyclic\"", \""max_iter\"": 1000}}, \""datepart_method\"": \""anchored_segment_fourier:us_school\"", \""polynomial_degree\"": null, \""transform_dict\"": null, \""holiday_countries_used\"": false, \""lags\"": null, \""forward_lags\"": null}, \""1\"": {}}}""}}, ""point_method"": ""median"", ""model_weights"": {}}","{""fillna"": ""ffill"", ""transformations"": {""0"": ""FFTFilter"", ""1"": ""HistoricValues""}, ""transformation_params"": {""0"": {""cutoff"": 0.01, ""reverse"": false, ""on_transform"": false, ""on_inverse"": true}, ""1"": {""window"": null}}}",1,7,10.802559814883406,0.7664284944282006,0.968342511531917,0.5871958455574923,0.7664284944282006,0.0,-343.324973932902,0.6988346768720246,139.52497755686443,0.5835617128777325,0.2758311805653904,0.7015873015873015,0.5126984126984127,3.0463589562310114,0.9285714285714286,1.3077888243396103,0.5678863153720559,2.4440708743399133,1.0073698777450466,0.00952421871252412,32.73894119262695,17.94107875987467,28.00494087701862,0.050055458301663074,10.802559814883406,0.7664284944282006,0.968342511531917,0.5871958455574923,0.7664284944282006,0.0,0.6988346768720246,0.5835617128777325,0.2758311805653904,3.0463589562310114,0.9285714285714286,1.3077888243396103,0.5678863153720559,2.4440708743399133,1.0073698777450466,0.00952421871252412,32.73894119262695,17.94107875987467,28.00494087701862,0.050055458301663074,0.7015873015873015,0.5126984126984127,4.960014285714286,18.996532154196018,11.876758374722323,Wh,11.876758374722323,Wh
292,32dc190df0140a017d49e5aa46ed6aa8,RollingRegression,"{""regression_model"": {""model"": ""RANSAC"", ""model_params"": {}}, ""holiday"": true, ""mean_rolling_periods"": 12, ""macd_periods"": 24, ""std_rolling_periods"": 7, ""max_rolling_periods"": 12, ""min_rolling_periods"": null, ""ewm_var_alpha"": null, ""quantile90_rolling_periods"": null, ""quantile10_rolling_periods"": null, ""ewm_alpha"": 0.8, ""additional_lag_periods"": 6, ""abs_energy"": false, ""rolling_autocorr_periods"": null, ""nonzero_last_n"": null, ""add_date_part"": null, ""polynomial_degree"": null, ""x_transform"": null, ""regression_type"": null}","{""fillna"": ""ffill"", ""transformations"": {""0"": ""DatepartRegression"", ""1"": ""Detrend"", ""2"": ""DatepartRegression""}, ""transformation_params"": {""0"": {""regression_model"": {""model"": ""ElasticNet"", ""model_params"": {""l1_ratio"": 0.5, ""fit_intercept"": true, ""selection"": ""cyclic"", ""max_iter"": 1000}}, ""datepart_method"": ""anchored_segment_fourier:us_school"", ""polynomial_degree"": null, ""transform_dict"": null, ""holiday_countries_used"": false, ""lags"": null, ""forward_lags"": null}, ""1"": {""model"": ""Linear"", ""phi"": 1, ""window"": 30, ""transform_dict"": null}, ""2"": {""regression_model"": {""model"": ""ElasticNet"", ""model_params"": {""l1_ratio"": 0.5, ""fit_intercept"": true, ""selection"": ""cyclic"", ""max_iter"": 1000}}, ""datepart_method"": ""common_fourier"", ""polynomial_degree"": null, ""transform_dict"": null, ""holiday_countries_used"": false, ""lags"": null, ""forward_lags"": null}}}",0,2,9.768011017972164,0.6647648089950192,0.8531207276333876,0.5892261701466741,0.6647648089950192,0.0,-28.51209219635698,0.4907286632668867,91.14557342274648,0.6303117923374675,0.4186098729167024,0.9777777777777779,0.4722222222222222,3.9672834899289917,0.95,1.3220338500851265,0.4967457799838966,2.8448678487213077,1.1927351850017347,0.14797887501478565,31.316740613194753,11.960245252620291,20.21004074534641,0.04786934846996218,9.768011017972164,0.6647648089950192,0.8531207276333876,0.5892261701466741,0.6647648089950192,0.0,0.4907286632668867,0.6303117923374675,0.4186098729167024,3.9672834899289917,0.95,1.3220338500851265,0.4967457799838966,2.8448678487213077,1.1927351850017347,0.14797887501478565,31.316740613194753,11.960245252620291,20.21004074534641,0.04786934846996218,0.9777777777777779,0.4722222222222222,5.4836,18.975025807911962,12.608642284977853,Wh,12.608642284977853,Wh
293,7eea53693602aef57d23c47bd6863696,RollingRegression,"{""regression_model"": {""model"": ""BayesianRidge"", ""model_params"": {}}, ""holiday"": true, ""mean_rolling_periods"": 12, ""macd_periods"": 24, ""std_rolling_periods"": 10, ""max_rolling_periods"": 12, ""min_rolling_periods"": null, ""ewm_var_alpha"": null, ""quantile90_rolling_periods"": null, ""quantile10_rolling_periods"": null, ""ewm_alpha"": 0.8, ""additional_lag_periods"": 2, ""abs_energy"": false, ""rolling_autocorr_periods"": null, ""nonzero_last_n"": null, ""add_date_part"": null, ""polynomial_degree"": null, ""x_transform"": null, ""regression_type"": null}","{""fillna"": ""seasonal_linear_window_3"", ""transformations"": {""0"": ""MinMaxScaler"", ""1"": ""Detrend""}, ""transformation_params"": {""0"": {}, ""1"": {""model"": ""Linear"", ""phi"": 1, ""window"": 30, ""transform_dict"": null}}}",0,2,9.634321642407414,0.6537838865835673,0.8456891979536405,0.5831232604658523,0.6537838865835673,0.0,-28.102933499816565,0.48602943892613126,89.57816608522555,0.6178521773338613,0.41916014902174265,0.9777777777777779,0.5222222222222221,4.051338802759739,0.9444444444444444,1.3231204756463875,0.4846251413212485,2.696484463203418,1.5646508821306855,0.04538080368424548,30.737616292704498,12.219920220894263,24.885929349168933,0.0476988017134862,9.634321642407414,0.6537838865835673,0.8456891979536405,0.5831232604658523,0.6537838865835673,0.0,0.48602943892613126,0.6178521773338613,0.41916014902174265,4.051338802759739,0.9444444444444444,1.3231204756463875,0.4846251413212485,2.696484463203418,1.5646508821306855,0.04538080368424548,30.737616292704498,12.219920220894263,24.885929349168933,0.0476988017134862,0.9777777777777779,0.5222222222222221,5.02705,18.799054530282767,12.231184349553475,Wh,12.231184349553475,Wh
294,a0101b546786789e881405ec0344d3f7,Ensemble,"{""model_name"": ""BestN"", ""model_count"": 3, ""model_metric"": ""bestn_horizontal"", ""models"": {""a8ddd1ef89834c17140b9aab182e2ad4"": {""Model"": ""RollingRegression"", ""ModelParameters"": ""{\""regression_model\"": {\""model\"": \""ExtraTrees\"", \""model_params\"": {\""n_estimators\"": 100, \""min_samples_leaf\"": 1, \""min_samples_split\"": 2, \""max_depth\"": null, \""criterion\"": \""squared_error\"", \""max_features\"": 1}}, \""holiday\"": true, \""mean_rolling_periods\"": 7, \""macd_periods\"": 46, \""std_rolling_periods\"": 7, \""max_rolling_periods\"": 12, \""min_rolling_periods\"": 2, \""ewm_var_alpha\"": null, \""quantile90_rolling_periods\"": null, \""quantile10_rolling_periods\"": null, \""ewm_alpha\"": null, \""additional_lag_periods\"": 90, \""abs_energy\"": false, \""rolling_autocorr_periods\"": null, \""nonzero_last_n\"": null, \""add_date_part\"": \""simple_2\"", \""polynomial_degree\"": null, \""x_transform\"": null, \""regression_type\"": null}"", ""TransformationParameters"": ""{\""fillna\"": \""ffill\"", \""transformations\"": {\""0\"": \""Scaler\"", \""1\"": \""Detrend\"", \""2\"": \""DatepartRegression\""}, \""transformation_params\"": {\""0\"": {}, \""1\"": {\""model\"": \""Linear\"", \""phi\"": 1, \""window\"": 30, \""transform_dict\"": null}, \""2\"": {\""regression_model\"": {\""model\"": \""ElasticNet\"", \""model_params\"": {\""l1_ratio\"": 0.5, \""fit_intercept\"": true, \""selection\"": \""cyclic\"", \""max_iter\"": 1000}}, \""datepart_method\"": \""common_fourier\"", \""polynomial_degree\"": null, \""transform_dict\"": null, \""holiday_countries_used\"": false, \""lags\"": null, \""forward_lags\"": null}}}""}, ""a6a1477ee2b31d009999314fa5df12a0"": {""Model"": ""ARIMA"", ""ModelParameters"": ""{\""p\"": 4, \""d\"": 0, \""q\"": 0, \""regression_type\"": \""Holiday\""}"", ""TransformationParameters"": ""{\""fillna\"": \""ffill\"", \""transformations\"": {\""0\"": \""Scaler\"", \""1\"": \""Detrend\"", \""2\"": \""DatepartRegression\""}, \""transformation_params\"": {\""0\"": {}, \""1\"": {\""model\"": \""Linear\"", \""phi\"": 1, \""window\"": 30, \""transform_dict\"": null}, \""2\"": {\""regression_model\"": {\""model\"": \""ElasticNet\"", \""model_params\"": {\""l1_ratio\"": 0.5, \""fit_intercept\"": true, \""selection\"": \""cyclic\"", \""max_iter\"": 1000}}, \""datepart_method\"": \""common_fourier\"", \""polynomial_degree\"": null, \""transform_dict\"": null, \""holiday_countries_used\"": false, \""lags\"": null, \""forward_lags\"": null}}}""}}, ""model_weights"": {""92d666001d3288989025051fecaf3542"": 3.0, ""a8ddd1ef89834c17140b9aab182e2ad4"": 2.0, ""a6a1477ee2b31d009999314fa5df12a0"": 1.0}, ""point_method"": ""mean""}","{""fillna"": ""zero"", ""transformations"": {""0"": ""AnomalyRemoval"", ""1"": ""EWMAFilter"", ""2"": ""AlignLastValue""}, ""transformation_params"": {""0"": {""method"": ""med_diff"", ""method_params"": {""distribution"": ""norm"", ""alpha"": 0.05}, ""fillna"": ""rolling_mean_24"", ""transform_dict"": {""fillna"": null, ""transformations"": {""0"": ""EWMAFilter""}, ""transformation_params"": {""0"": {""span"": 7}}}, ""isolated_only"": false, ""on_inverse"": false}, ""1"": {""span"": 7}, ""2"": {""rows"": 1, ""lag"": 1, ""method"": ""multiplicative"", ""strength"": 1.0, ""first_value_only"": false, ""threshold"": 1, ""threshold_method"": ""max""}}}",1,2,9.759743866095693,0.660814900551361,0.8697722720387697,0.5722718712781232,0.660814900551361,0.0,-20.59742766618445,0.4796959638053925,98.34925443306054,0.6344132230312339,0.3962536308163942,0.9777777777777779,0.5277777777777778,3.9346317868958707,0.9444444444444444,1.325344538669273,0.4721660644744588,2.601706026550975,1.4432185613334567,0.11582886864911748,38.875913383438046,17.130338336574972,23.04704434471292,0.06360857139213687,9.759743866095693,0.660814900551361,0.8697722720387697,0.5722718712781232,0.660814900551361,0.0,0.4796959638053925,0.6344132230312339,0.3962536308163942,3.9346317868958707,0.9444444444444444,1.325344538669273,0.4721660644744588,2.601706026550975,1.4432185613334567,0.11582886864911748,38.875913383438046,17.130338336574972,23.04704434471292,0.06360857139213687,0.9777777777777779,0.5277777777777778,13.8229,18.76635057084335,11.771731242740579,Wh,11.771731242740579,Wh
295,abf801c75d11e1d37e2b696460fc1661,RollingRegression,"{""regression_model"": {""model"": ""ExtraTrees"", ""model_params"": {""n_estimators"": 100, ""min_samples_leaf"": 1, ""min_samples_split"": 2, ""max_depth"": null, ""criterion"": ""squared_error"", ""max_features"": 1}}, ""holiday"": true, ""mean_rolling_periods"": 12, ""macd_periods"": null, ""std_rolling_periods"": null, ""max_rolling_periods"": null, ""min_rolling_periods"": 2, ""ewm_var_alpha"": null, ""quantile90_rolling_periods"": null, ""quantile10_rolling_periods"": null, ""ewm_alpha"": null, ""additional_lag_periods"": 6, ""abs_energy"": false, ""rolling_autocorr_periods"": 7, ""nonzero_last_n"": null, ""add_date_part"": null, ""polynomial_degree"": null, ""x_transform"": null, ""regression_type"": null}","{""fillna"": ""nearest"", ""transformations"": {""0"": ""Detrend"", ""1"": ""Detrend"", ""2"": ""DatepartRegression""}, ""transformation_params"": {""0"": {""model"": ""Linear"", ""phi"": 1, ""window"": null, ""transform_dict"": null}, ""1"": {""model"": ""GLS"", ""phi"": 1, ""window"": null, ""transform_dict"": null}, ""2"": {""regression_model"": {""model"": ""ElasticNet"", ""model_params"": {""l1_ratio"": 0.5, ""fit_intercept"": true, ""selection"": ""cyclic"", ""max_iter"": 1000}}, ""datepart_method"": ""common_fourier"", ""polynomial_degree"": null, ""transform_dict"": null, ""holiday_countries_used"": false, ""lags"": null, ""forward_lags"": null}}}",0,1,9.659594214721015,0.5971741861665094,0.7625453853768531,0.611926254983919,0.5971741861665094,0.0,-3.7419145871568817,0.43478939437026043,50.003762167828974,0.5923709935714718,0.45378774586940523,0.9888888888888889,0.5555555555555556,2.2952842883648747,0.9444444444444444,1.3345956430961265,0.42910672507051517,2.2467925036102527,0.759354232026875,0.3085406596693718,46.26184758067209,29.666899218069968,14.327541501031229,0.08382283904657822,9.659594214721015,0.5971741861665094,0.7625453853768531,0.611926254983919,0.5971741861665094,0.0,0.43478939437026043,0.5923709935714718,0.45378774586940523,2.2952842883648747,0.9444444444444444,1.3345956430961265,0.42910672507051517,2.2467925036102527,0.759354232026875,0.3085406596693718,46.26184758067209,29.666899218069968,14.327541501031229,0.08382283904657822,0.9888888888888889,0.5555555555555556,11.9024,18.728238704531606,8.589999869662185,Wh,8.589999869662185,Wh
296,71fa41a8fa0e6f19ac3a47d0cc55ffd0,RollingRegression,"{""regression_model"": {""model"": ""ExtraTrees"", ""model_params"": {""n_estimators"": 100, ""min_samples_leaf"": 1, ""min_samples_split"": 2, ""max_depth"": null, ""criterion"": ""squared_error"", ""max_features"": 1}}, ""holiday"": true, ""mean_rolling_periods"": 12, ""macd_periods"": 24, ""std_rolling_periods"": 7, ""max_rolling_periods"": null, ""min_rolling_periods"": 2, ""ewm_var_alpha"": null, ""quantile90_rolling_periods"": null, ""quantile10_rolling_periods"": null, ""ewm_alpha"": null, ""additional_lag_periods"": 6, ""abs_energy"": false, ""rolling_autocorr_periods"": 7, ""nonzero_last_n"": null, ""add_date_part"": null, ""polynomial_degree"": null, ""x_transform"": null, ""regression_type"": null}","{""fillna"": ""ffill"", ""transformations"": {""0"": ""Scaler"", ""1"": ""Detrend"", ""2"": ""DatepartRegression""}, ""transformation_params"": {""0"": {}, ""1"": {""model"": ""Linear"", ""phi"": 1, ""window"": 30, ""transform_dict"": null}, ""2"": {""regression_model"": {""model"": ""ElasticNet"", ""model_params"": {""l1_ratio"": 0.5, ""fit_intercept"": true, ""selection"": ""cyclic"", ""max_iter"": 1000}}, ""datepart_method"": ""common_fourier"", ""polynomial_degree"": null, ""transform_dict"": null, ""holiday_countries_used"": false, ""lags"": null, ""forward_lags"": null}}}",0,2,9.542081722675197,0.6464096559875466,0.8422928771168234,0.6304804832925712,0.6464096559875466,0.0,-33.763049632810315,0.49175242385929674,82.59068844494809,0.6004167383197601,0.4193203522698681,0.9833333333333334,0.5111111111111111,4.1193603320678704,0.9444444444444444,1.320876500288511,0.47492670866795667,2.6270789108772936,1.635798500557851,0.328136813524965,24.413819406068885,9.634251069572922,16.747624942968617,0.03767408315168197,9.542081722675197,0.6464096559875466,0.8422928771168234,0.6304804832925712,0.6464096559875466,0.0,0.49175242385929674,0.6004167383197601,0.4193203522698681,4.1193603320678704,0.9444444444444444,1.320876500288511,0.47492670866795667,2.6270789108772936,1.635798500557851,0.328136813524965,24.413819406068885,9.634251069572922,16.747624942968617,0.03767408315168197,0.9833333333333334,0.5111111111111111,10.96875,18.67589742219738,11.952597929880044,Wh,11.952597929880044,Wh
297,9fe002e6482afc9e190b5d7dd4ae7cbe,ARIMA,"{""p"": 4, ""d"": 0, ""q"": 2, ""regression_type"": null}","{""fillna"": ""ffill"", ""transformations"": {""0"": ""Scaler"", ""1"": ""Detrend"", ""2"": ""DatepartRegression""}, ""transformation_params"": {""0"": {}, ""1"": {""model"": ""Linear"", ""phi"": 1, ""window"": 30, ""transform_dict"": null}, ""2"": {""regression_model"": {""model"": ""ElasticNet"", ""model_params"": {""l1_ratio"": 0.5, ""fit_intercept"": true, ""selection"": ""cyclic"", ""max_iter"": 1000}}, ""datepart_method"": ""common_fourier"", ""polynomial_degree"": null, ""transform_dict"": null, ""holiday_countries_used"": false, ""lags"": null, ""forward_lags"": null}}}",0,2,9.322745261973234,0.6294443988328593,0.8179237312051943,0.5846716712405231,0.6294443988328593,0.0,-34.85684209991547,0.48422564203830687,78.4431496899992,0.5827333714649796,0.4463248195910171,0.9833333333333334,0.49444444444444446,3.876979681993298,0.9444444444444444,1.309014638245978,0.46445549598689695,2.5379483784409227,3.0265341893698388,0.04572201616796656,21.793153795041867,9.014576927788934,23.49891304742711,0.03344077576916432,9.322745261973234,0.6294443988328593,0.8179237312051943,0.5846716712405231,0.6294443988328593,0.0,0.48422564203830687,0.5827333714649796,0.4463248195910171,3.876979681993298,0.9444444444444444,1.309014638245978,0.46445549598689695,2.5379483784409227,3.0265341893698388,0.04572201616796656,21.793153795041867,9.014576927788934,23.49891304742711,0.03344077576916432,0.9833333333333334,0.49444444444444446,0.2634,18.652331226542916,11.60799952806163,Wh,11.60799952806163,Wh
298,99f66e5d8221cf1d9689d923292ca989,ARIMA,"{""p"": 4, ""d"": 0, ""q"": 2, ""regression_type"": null}","{""fillna"": ""akima"", ""transformations"": {""0"": ""Scaler"", ""1"": ""Detrend"", ""2"": ""DatepartRegression""}, ""transformation_params"": {""0"": {}, ""1"": {""model"": ""Linear"", ""phi"": 1, ""window"": 30, ""transform_dict"": null}, ""2"": {""regression_model"": {""model"": ""ElasticNet"", ""model_params"": {""l1_ratio"": 0.5, ""fit_intercept"": true, ""selection"": ""cyclic"", ""max_iter"": 1000}}, ""datepart_method"": ""common_fourier"", ""polynomial_degree"": null, ""transform_dict"": null, ""holiday_countries_used"": false, ""lags"": null, ""forward_lags"": null}}}",0,2,9.322745261973234,0.6294443988328593,0.8179237312051943,0.5846716712405231,0.6294443988328593,0.0,-34.85684209991547,0.48422564203830687,78.4431496899992,0.5827333714649796,0.4463248195910171,0.9833333333333334,0.49444444444444446,3.876979681993298,0.9444444444444444,1.309014638245978,0.46445549598689695,2.5379483784409227,3.0265341893698388,0.04572201616796656,21.793153795041867,9.014576927788934,23.49891304742711,0.03344077576916432,9.322745261973234,0.6294443988328593,0.8179237312051943,0.5846716712405231,0.6294443988328593,0.0,0.48422564203830687,0.5827333714649796,0.4463248195910171,3.876979681993298,0.9444444444444444,1.309014638245978,0.46445549598689695,2.5379483784409227,3.0265341893698388,0.04572201616796656,21.793153795041867,9.014576927788934,23.49891304742711,0.03344077576916432,0.9833333333333334,0.49444444444444446,0.21955000000000002,18.65232339787186,11.60799952806163,Wh,11.60799952806163,Wh
299,5ee9318bc7a29a58aa6a36148f81945b,RollingRegression,"{""regression_model"": {""model"": ""ExtraTrees"", ""model_params"": {""n_estimators"": 100, ""min_samples_leaf"": 1, ""min_samples_split"": 2, ""max_depth"": null, ""criterion"": ""squared_error"", ""max_features"": 1}}, ""holiday"": true, ""mean_rolling_periods"": 7, ""macd_periods"": 4, ""std_rolling_periods"": 7, ""max_rolling_periods"": 60, ""min_rolling_periods"": null, ""ewm_var_alpha"": null, ""quantile90_rolling_periods"": null, ""quantile10_rolling_periods"": null, ""ewm_alpha"": 0.8, ""additional_lag_periods"": 6, ""abs_energy"": false, ""rolling_autocorr_periods"": null, ""nonzero_last_n"": null, ""add_date_part"": null, ""polynomial_degree"": null, ""x_transform"": null, ""regression_type"": null}","{""fillna"": ""ffill_mean_biased"", ""transformations"": {""0"": ""Scaler"", ""1"": ""Detrend"", ""2"": ""DatepartRegression"", ""3"": ""DatepartRegression"", ""4"": ""DatepartRegression""}, ""transformation_params"": {""0"": {}, ""1"": {""model"": ""Linear"", ""phi"": 1, ""window"": null, ""transform_dict"": {""fillna"": null, ""transformations"": {""0"": ""ScipyFilter""}, ""transformation_params"": {""0"": {""method"": ""savgol_filter"", ""method_args"": {""window_length"": 31, ""polyorder"": 3, ""deriv"": 0, ""mode"": ""interp""}}}}}, ""2"": {""regression_model"": {""model"": ""ElasticNet"", ""model_params"": {""l1_ratio"": 0.5, ""fit_intercept"": true, ""selection"": ""cyclic"", ""max_iter"": 1000}}, ""datepart_method"": ""common_fourier"", ""polynomial_degree"": null, ""transform_dict"": null, ""holiday_countries_used"": false, ""lags"": null, ""forward_lags"": null}, ""3"": {""regression_model"": {""model"": ""ElasticNet"", ""model_params"": {""l1_ratio"": 0.5, ""fit_intercept"": false, ""selection"": ""random"", ""max_iter"": 1000}}, ""datepart_method"": ""common_fourier_rw_lag"", ""polynomial_degree"": null, ""transform_dict"": {""fillna"": null, ""transformations"": {""0"": ""ScipyFilter""}, ""transformation_params"": {""0"": {""method"": ""savgol_filter"", ""method_args"": {""window_length"": 31, ""polyorder"": 3, ""deriv"": 0, ""mode"": ""interp""}}}}, ""holiday_countries_used"": false, ""lags"": null, ""forward_lags"": null}, ""4"": {""regression_model"": {""model"": ""ElasticNet"", ""model_params"": {""l1_ratio"": 0.5, ""fit_intercept"": false, ""selection"": ""random"", ""max_iter"": 200}}, ""datepart_method"": ""simple_2"", ""polynomial_degree"": null, ""transform_dict"": {""fillna"": null, ""transformations"": {""0"": ""bkfilter""}, ""transformation_params"": {""0"": {}}}, ""holiday_countries_used"": false, ""lags"": null, ""forward_lags"": null}}}",0,1,9.55962905899386,0.5904951549805808,0.7557083406320381,0.577819567621775,0.5904951549805808,0.0,-3.7295680840001033,0.42940120798450143,49.41499586425218,0.5856359434406712,0.4535648802012393,0.9888888888888889,0.5222222222222223,2.2777941135537345,0.9777777777777777,1.3139596384114474,0.42967014630998257,2.108639299046293,0.729707542490162,0.15600477779654112,45.68542778025208,31.43686265151435,18.43957256202374,0.08277841158246514,9.55962905899386,0.5904951549805808,0.7557083406320381,0.577819567621775,0.5904951549805808,0.0,0.42940120798450143,0.5856359434406712,0.4535648802012393,2.2777941135537345,0.9777777777777777,1.3139596384114474,0.42967014630998257,2.108639299046293,0.729707542490162,0.15600477779654112,45.68542778025208,31.43686265151435,18.43957256202374,0.08277841158246514,0.9888888888888889,0.5222222222222223,6.4309,18.597092501620065,8.493925929519369,Wh,8.493925929519369,Wh
300,62c3ede194e2905475a1152e16c98d5d,RollingRegression,"{""regression_model"": {""model"": ""ExtraTrees"", ""model_params"": {""n_estimators"": 100, ""min_samples_leaf"": 1, ""min_samples_split"": 2, ""max_depth"": null, ""criterion"": ""squared_error"", ""max_features"": 1}}, ""holiday"": true, ""mean_rolling_periods"": 12, ""macd_periods"": 24, ""std_rolling_periods"": 7, ""max_rolling_periods"": 12, ""min_rolling_periods"": 2, ""ewm_var_alpha"": null, ""quantile90_rolling_periods"": null, ""quantile10_rolling_periods"": null, ""ewm_alpha"": 0.2, ""additional_lag_periods"": 6, ""abs_energy"": false, ""rolling_autocorr_periods"": 7, ""nonzero_last_n"": null, ""add_date_part"": null, ""polynomial_degree"": null, ""x_transform"": null, ""regression_type"": null}","{""fillna"": ""ffill"", ""transformations"": {""0"": ""Scaler"", ""1"": ""Detrend"", ""2"": ""DatepartRegression""}, ""transformation_params"": {""0"": {}, ""1"": {""model"": ""Linear"", ""phi"": 1, ""window"": 30, ""transform_dict"": null}, ""2"": {""regression_model"": {""model"": ""ElasticNet"", ""model_params"": {""l1_ratio"": 0.5, ""fit_intercept"": true, ""selection"": ""cyclic"", ""max_iter"": 1000}}, ""datepart_method"": ""common_fourier"", ""polynomial_degree"": null, ""transform_dict"": null, ""holiday_countries_used"": false, ""lags"": null, ""forward_lags"": null}}}",0,2,9.480389226157804,0.6407170552845131,0.8345867264135355,0.613568942802301,0.6407170552845131,0.0,-34.44638300734612,0.4908601410543749,80.88268694386623,0.5920359303161868,0.41759700608791356,0.9888888888888889,0.5444444444444445,4.030845923698519,0.9444444444444444,1.3155547458193055,0.4693536875602216,2.620535088553764,1.7099997121574073,0.30083253414850575,23.21815196826006,9.091685363828798,17.962579182266524,0.03531867917673688,9.480389226157804,0.6407170552845131,0.8345867264135355,0.613568942802301,0.6407170552845131,0.0,0.4908601410543749,0.5920359303161868,0.41759700608791356,4.030845923698519,0.9444444444444444,1.3155547458193055,0.4693536875602216,2.620535088553764,1.7099997121574073,0.30083253414850575,23.21815196826006,9.091685363828798,17.962579182266524,0.03531867917673688,0.9888888888888889,0.5444444444444445,11.4242,18.547332099697606,11.897482564444005,Wh,11.897482564444005,Wh
301,5fbb209a0415e2aa3a2866f0b3e376dc,RollingRegression,"{""regression_model"": {""model"": ""ExtraTrees"", ""model_params"": {""n_estimators"": 100, ""min_samples_leaf"": 1, ""min_samples_split"": 2, ""max_depth"": null, ""criterion"": ""squared_error"", ""max_features"": 1}}, ""holiday"": true, ""mean_rolling_periods"": 12, ""macd_periods"": 24, ""std_rolling_periods"": 7, ""max_rolling_periods"": 12, ""min_rolling_periods"": null, ""ewm_var_alpha"": null, ""quantile90_rolling_periods"": null, ""quantile10_rolling_periods"": null, ""ewm_alpha"": 0.8, ""additional_lag_periods"": 6, ""abs_energy"": false, ""rolling_autocorr_periods"": 7, ""nonzero_last_n"": null, ""add_date_part"": null, ""polynomial_degree"": null, ""x_transform"": null, ""regression_type"": null}","{""fillna"": ""ffill"", ""transformations"": {""0"": ""Scaler"", ""1"": ""Detrend"", ""2"": ""DatepartRegression""}, ""transformation_params"": {""0"": {}, ""1"": {""model"": ""Linear"", ""phi"": 1, ""window"": 30, ""transform_dict"": null}, ""2"": {""regression_model"": {""model"": ""ElasticNet"", ""model_params"": {""l1_ratio"": 0.5, ""fit_intercept"": true, ""selection"": ""cyclic"", ""max_iter"": 1000}}, ""datepart_method"": ""common_fourier"", ""polynomial_degree"": null, ""transform_dict"": null, ""holiday_countries_used"": false, ""lags"": null, ""forward_lags"": null}}}",0,2,9.434107147617853,0.6372953446370007,0.8402562361338877,0.6239833370332889,0.6372953446370007,0.0,-35.17235568046682,0.4866621928071888,79.54080635419331,0.5877683625621133,0.41816606590168914,0.9833333333333334,0.5444444444444445,3.915266249280088,0.9444444444444444,1.3169635213073092,0.4606869215204694,2.693086917623732,1.4350749319522615,0.3113644985781086,25.470734220355997,8.268754577165316,18.469018848763046,0.03901278207454993,9.434107147617853,0.6372953446370007,0.8402562361338877,0.6239833370332889,0.6372953446370007,0.0,0.4866621928071888,0.5877683625621133,0.41816606590168914,3.915266249280088,0.9444444444444444,1.3169635213073092,0.4606869215204694,2.693086917623732,1.4350749319522615,0.3113644985781086,25.470734220355997,8.268754577165316,18.469018848763046,0.03901278207454993,0.9833333333333334,0.5444444444444445,10.9375,18.520602434451014,11.874863550025399,Wh,11.874863550025399,Wh
302,458562c125f6af2816456772c6d9bc28,RollingRegression,"{""regression_model"": {""model"": ""ExtraTrees"", ""model_params"": {""n_estimators"": 100, ""min_samples_leaf"": 1, ""min_samples_split"": 2, ""max_depth"": null, ""criterion"": ""squared_error"", ""max_features"": 1}}, ""holiday"": true, ""mean_rolling_periods"": 12, ""macd_periods"": 24, ""std_rolling_periods"": 7, ""max_rolling_periods"": 12, ""min_rolling_periods"": null, ""ewm_var_alpha"": null, ""quantile90_rolling_periods"": null, ""quantile10_rolling_periods"": null, ""ewm_alpha"": 0.8, ""additional_lag_periods"": 6, ""abs_energy"": false, ""rolling_autocorr_periods"": 7, ""nonzero_last_n"": null, ""add_date_part"": null, ""polynomial_degree"": null, ""x_transform"": null, ""regression_type"": null}","{""fillna"": ""seasonal_linear_window_3"", ""transformations"": {""0"": ""MinMaxScaler"", ""1"": ""Detrend""}, ""transformation_params"": {""0"": {}, ""1"": {""model"": ""Linear"", ""phi"": 1, ""window"": 30, ""transform_dict"": null}}}",0,2,9.434107147617839,0.6372953446369998,0.840256236133887,0.6239833370332878,0.6372953446369998,0.0,-35.172355680466794,0.4866621928071879,79.54080635419315,0.5877683625621124,0.4181660659016889,0.9833333333333334,0.5444444444444445,3.9152662492800845,0.9444444444444444,1.3169635213073085,0.4606869215204685,2.693086917623731,1.4350749319522649,0.3113644985781086,25.470734220356047,8.268754577165357,18.469018848763096,0.03901278207455003,9.434107147617839,0.6372953446369998,0.840256236133887,0.6239833370332878,0.6372953446369998,0.0,0.4866621928071879,0.5877683625621124,0.4181660659016889,3.9152662492800845,0.9444444444444444,1.3169635213073085,0.4606869215204685,2.693086917623731,1.4350749319522649,0.3113644985781086,25.470734220356047,8.268754577165357,18.469018848763096,0.03901278207455003,0.9833333333333334,0.5444444444444445,10.543849999999999,18.520532154944476,11.874863550025399,Wh,11.874863550025399,Wh
303,e9ab0dee8ad32b476a4ab9bc6aed1fef,RollingRegression,"{""regression_model"": {""model"": ""RANSAC"", ""model_params"": {}}, ""holiday"": true, ""mean_rolling_periods"": 12, ""macd_periods"": 24, ""std_rolling_periods"": 30, ""max_rolling_periods"": 12, ""min_rolling_periods"": null, ""ewm_var_alpha"": null, ""quantile90_rolling_periods"": null, ""quantile10_rolling_periods"": null, ""ewm_alpha"": 0.8, ""additional_lag_periods"": 6, ""abs_energy"": false, ""rolling_autocorr_periods"": null, ""nonzero_last_n"": null, ""add_date_part"": null, ""polynomial_degree"": null, ""x_transform"": null, ""regression_type"": null}","{""fillna"": ""ffill"", ""transformations"": {""0"": ""Scaler"", ""1"": ""Detrend"", ""2"": ""DatepartRegression""}, ""transformation_params"": {""0"": {}, ""1"": {""model"": ""Linear"", ""phi"": 1, ""window"": 30, ""transform_dict"": null}, ""2"": {""regression_model"": {""model"": ""ElasticNet"", ""model_params"": {""l1_ratio"": 0.5, ""fit_intercept"": true, ""selection"": ""cyclic"", ""max_iter"": 1000}}, ""datepart_method"": ""common_fourier"", ""polynomial_degree"": null, ""transform_dict"": null, ""holiday_countries_used"": false, ""lags"": null, ""forward_lags"": null}}}",0,2,9.355502605873664,0.6355682756318517,0.8341061896285327,0.5795056851336342,0.6355682756318517,0.0,-28.49819249928775,0.47191583726046865,85.90409711444556,0.5994771648575132,0.41717058810162494,0.9833333333333334,0.5722222222222222,3.772219701618587,0.95,1.3125185469537657,0.4605128094969082,2.608449105670618,1.4789944853384864,0.1589969149054307,28.70295230757891,11.859916401073113,19.71200353851873,0.04473592413579192,9.355502605873664,0.6355682756318517,0.8341061896285327,0.5795056851336342,0.6355682756318517,0.0,0.47191583726046865,0.5994771648575132,0.41717058810162494,3.772219701618587,0.95,1.3125185469537657,0.4605128094969082,2.608449105670618,1.4789944853384864,0.1589969149054307,28.70295230757891,11.859916401073113,19.71200353851873,0.04473592413579192,0.9833333333333334,0.5722222222222222,4.1134,18.429861466194737,12.14815947591734,Wh,12.14815947591734,Wh
304,1f95b43897463795b37f3c28483507d5,Ensemble,"{""model_name"": ""BestN"", ""model_count"": 3, ""model_metric"": ""horizontal"", ""models"": {""a6a1477ee2b31d009999314fa5df12a0"": {""Model"": ""ARIMA"", ""ModelParameters"": ""{\""p\"": 4, \""d\"": 0, \""q\"": 0, \""regression_type\"": \""Holiday\""}"", ""TransformationParameters"": ""{\""fillna\"": \""ffill\"", \""transformations\"": {\""0\"": \""Scaler\"", \""1\"": \""Detrend\"", \""2\"": \""DatepartRegression\""}, \""transformation_params\"": {\""0\"": {}, \""1\"": {\""model\"": \""Linear\"", \""phi\"": 1, \""window\"": 30, \""transform_dict\"": null}, \""2\"": {\""regression_model\"": {\""model\"": \""ElasticNet\"", \""model_params\"": {\""l1_ratio\"": 0.5, \""fit_intercept\"": true, \""selection\"": \""cyclic\"", \""max_iter\"": 1000}}, \""datepart_method\"": \""common_fourier\"", \""polynomial_degree\"": null, \""transform_dict\"": null, \""holiday_countries_used\"": false, \""lags\"": null, \""forward_lags\"": null}}}""}, ""a8ddd1ef89834c17140b9aab182e2ad4"": {""Model"": ""RollingRegression"", ""ModelParameters"": ""{\""regression_model\"": {\""model\"": \""ExtraTrees\"", \""model_params\"": {\""n_estimators\"": 100, \""min_samples_leaf\"": 1, \""min_samples_split\"": 2, \""max_depth\"": null, \""criterion\"": \""squared_error\"", \""max_features\"": 1}}, \""holiday\"": true, \""mean_rolling_periods\"": 7, \""macd_periods\"": 46, \""std_rolling_periods\"": 7, \""max_rolling_periods\"": 12, \""min_rolling_periods\"": 2, \""ewm_var_alpha\"": null, \""quantile90_rolling_periods\"": null, \""quantile10_rolling_periods\"": null, \""ewm_alpha\"": null, \""additional_lag_periods\"": 90, \""abs_energy\"": false, \""rolling_autocorr_periods\"": null, \""nonzero_last_n\"": null, \""add_date_part\"": \""simple_2\"", \""polynomial_degree\"": null, \""x_transform\"": null, \""regression_type\"": null}"", ""TransformationParameters"": ""{\""fillna\"": \""ffill\"", \""transformations\"": {\""0\"": \""Scaler\"", \""1\"": \""Detrend\"", \""2\"": \""DatepartRegression\""}, \""transformation_params\"": {\""0\"": {}, \""1\"": {\""model\"": \""Linear\"", \""phi\"": 1, \""window\"": 30, \""transform_dict\"": null}, \""2\"": {\""regression_model\"": {\""model\"": \""ElasticNet\"", \""model_params\"": {\""l1_ratio\"": 0.5, \""fit_intercept\"": true, \""selection\"": \""cyclic\"", \""max_iter\"": 1000}}, \""datepart_method\"": \""common_fourier\"", \""polynomial_degree\"": null, \""transform_dict\"": null, \""holiday_countries_used\"": false, \""lags\"": null, \""forward_lags\"": null}}}""}}, ""model_weights"": {}, ""point_method"": ""mean""}","{""fillna"": ""zero"", ""transformations"": {""0"": ""AnomalyRemoval"", ""1"": ""EWMAFilter"", ""2"": ""AlignLastValue""}, ""transformation_params"": {""0"": {""method"": ""med_diff"", ""method_params"": {""distribution"": ""norm"", ""alpha"": 0.05}, ""fillna"": ""rolling_mean_24"", ""transform_dict"": {""fillna"": null, ""transformations"": {""0"": ""EWMAFilter""}, ""transformation_params"": {""0"": {""span"": 7}}}, ""isolated_only"": false, ""on_inverse"": false}, ""1"": {""span"": 7}, ""2"": {""rows"": 1, ""lag"": 1, ""method"": ""multiplicative"", ""strength"": 1.0, ""first_value_only"": false, ""threshold"": 1, ""threshold_method"": ""max""}}}",1,2,9.6256603012107,0.649016875086466,0.858355820704612,0.5727667378691723,0.649016875086466,0.0,-21.85637990288424,0.47645159205442655,94.96665761267964,0.619924434720396,0.38363506904907946,0.9777777777777779,0.5333333333333333,3.8568175229759287,0.9444444444444444,1.320164336004337,0.4610047857886154,2.5054910621327444,1.4288012879073966,0.1036608731344161,36.5551388548977,16.748543076546746,23.400630368340117,0.06058788774822441,9.6256603012107,0.649016875086466,0.858355820704612,0.5727667378691723,0.649016875086466,0.0,0.47645159205442655,0.619924434720396,0.38363506904907946,3.8568175229759287,0.9444444444444444,1.320164336004337,0.4610047857886154,2.5054910621327444,1.4288012879073966,0.1036608731344161,36.5551388548977,16.748543076546746,23.400630368340117,0.06058788774822441,0.9777777777777779,0.5333333333333333,14.14875,18.411453171058298,11.265141378722419,Wh,11.265141378722419,Wh
305,a7093b6854627eb38cd5f50027726022,Ensemble,"{""model_name"": ""BestN"", ""model_count"": 3, ""model_metric"": ""best_score_unique"", ""models"": {""a8ddd1ef89834c17140b9aab182e2ad4"": {""Model"": ""RollingRegression"", ""ModelParameters"": ""{\""regression_model\"": {\""model\"": \""ExtraTrees\"", \""model_params\"": {\""n_estimators\"": 100, \""min_samples_leaf\"": 1, \""min_samples_split\"": 2, \""max_depth\"": null, \""criterion\"": \""squared_error\"", \""max_features\"": 1}}, \""holiday\"": true, \""mean_rolling_periods\"": 7, \""macd_periods\"": 46, \""std_rolling_periods\"": 7, \""max_rolling_periods\"": 12, \""min_rolling_periods\"": 2, \""ewm_var_alpha\"": null, \""quantile90_rolling_periods\"": null, \""quantile10_rolling_periods\"": null, \""ewm_alpha\"": null, \""additional_lag_periods\"": 90, \""abs_energy\"": false, \""rolling_autocorr_periods\"": null, \""nonzero_last_n\"": null, \""add_date_part\"": \""simple_2\"", \""polynomial_degree\"": null, \""x_transform\"": null, \""regression_type\"": null}"", ""TransformationParameters"": ""{\""fillna\"": \""ffill\"", \""transformations\"": {\""0\"": \""Scaler\"", \""1\"": \""Detrend\"", \""2\"": \""DatepartRegression\""}, \""transformation_params\"": {\""0\"": {}, \""1\"": {\""model\"": \""Linear\"", \""phi\"": 1, \""window\"": 30, \""transform_dict\"": null}, \""2\"": {\""regression_model\"": {\""model\"": \""ElasticNet\"", \""model_params\"": {\""l1_ratio\"": 0.5, \""fit_intercept\"": true, \""selection\"": \""cyclic\"", \""max_iter\"": 1000}}, \""datepart_method\"": \""common_fourier\"", \""polynomial_degree\"": null, \""transform_dict\"": null, \""holiday_countries_used\"": false, \""lags\"": null, \""forward_lags\"": null}}}""}, ""a6a1477ee2b31d009999314fa5df12a0"": {""Model"": ""ARIMA"", ""ModelParameters"": ""{\""p\"": 4, \""d\"": 0, \""q\"": 0, \""regression_type\"": \""Holiday\""}"", ""TransformationParameters"": ""{\""fillna\"": \""ffill\"", \""transformations\"": {\""0\"": \""Scaler\"", \""1\"": \""Detrend\"", \""2\"": \""DatepartRegression\""}, \""transformation_params\"": {\""0\"": {}, \""1\"": {\""model\"": \""Linear\"", \""phi\"": 1, \""window\"": 30, \""transform_dict\"": null}, \""2\"": {\""regression_model\"": {\""model\"": \""ElasticNet\"", \""model_params\"": {\""l1_ratio\"": 0.5, \""fit_intercept\"": true, \""selection\"": \""cyclic\"", \""max_iter\"": 1000}}, \""datepart_method\"": \""common_fourier\"", \""polynomial_degree\"": null, \""transform_dict\"": null, \""holiday_countries_used\"": false, \""lags\"": null, \""forward_lags\"": null}}}""}}, ""model_weights"": {}, ""point_method"": ""mean""}","{""fillna"": ""zero"", ""transformations"": {""0"": ""AnomalyRemoval"", ""1"": ""EWMAFilter"", ""2"": ""AlignLastValue""}, ""transformation_params"": {""0"": {""method"": ""med_diff"", ""method_params"": {""distribution"": ""norm"", ""alpha"": 0.05}, ""fillna"": ""rolling_mean_24"", ""transform_dict"": {""fillna"": null, ""transformations"": {""0"": ""EWMAFilter""}, ""transformation_params"": {""0"": {""span"": 7}}}, ""isolated_only"": false, ""on_inverse"": false}, ""1"": {""span"": 7}, ""2"": {""rows"": 1, ""lag"": 1, ""method"": ""multiplicative"", ""strength"": 1.0, ""first_value_only"": false, ""threshold"": 1, ""threshold_method"": ""max""}}}",1,2,9.6256603012107,0.649016875086466,0.858355820704612,0.5727667378691723,0.649016875086466,0.0,-21.856379902884242,0.47645159205442655,94.96665761267963,0.619924434720396,0.3836350690490794,0.9777777777777779,0.5333333333333333,3.8568175229759287,0.9444444444444444,1.3201643360043371,0.4610047857886155,2.5054910621327444,1.4288012879073964,0.1036608731344161,36.55513885489769,16.748543076546746,23.40063036834012,0.060587887748224406,9.6256603012107,0.649016875086466,0.858355820704612,0.5727667378691723,0.649016875086466,0.0,0.47645159205442655,0.619924434720396,0.3836350690490794,3.8568175229759287,0.9444444444444444,1.3201643360043371,0.4610047857886155,2.5054910621327444,1.4288012879073964,0.1036608731344161,36.55513885489769,16.748543076546746,23.40063036834012,0.060587887748224406,0.9777777777777779,0.5333333333333333,12.937349999999999,18.411236896209587,11.265141378722417,Wh,11.265141378722417,Wh
306,4a160e1994dab73151b15004b7948003,RollingRegression,"{""regression_model"": {""model"": ""ExtraTrees"", ""model_params"": {""n_estimators"": 100, ""min_samples_leaf"": 1, ""min_samples_split"": 2, ""max_depth"": null, ""criterion"": ""squared_error"", ""max_features"": 1}}, ""holiday"": true, ""mean_rolling_periods"": 12, ""macd_periods"": 24, ""std_rolling_periods"": 7, ""max_rolling_periods"": null, ""min_rolling_periods"": 2, ""ewm_var_alpha"": null, ""quantile90_rolling_periods"": null, ""quantile10_rolling_periods"": null, ""ewm_alpha"": 0.2, ""additional_lag_periods"": 6, ""abs_energy"": false, ""rolling_autocorr_periods"": 7, ""nonzero_last_n"": null, ""add_date_part"": null, ""polynomial_degree"": null, ""x_transform"": null, ""regression_type"": null}","{""fillna"": ""ffill"", ""transformations"": {""0"": ""Scaler"", ""1"": ""Detrend"", ""2"": ""DatepartRegression""}, ""transformation_params"": {""0"": {}, ""1"": {""model"": ""Linear"", ""phi"": 1, ""window"": 30, ""transform_dict"": null}, ""2"": {""regression_model"": {""model"": ""ElasticNet"", ""model_params"": {""l1_ratio"": 0.5, ""fit_intercept"": true, ""selection"": ""cyclic"", ""max_iter"": 1000}}, ""datepart_method"": ""common_fourier"", ""polynomial_degree"": null, ""transform_dict"": null, ""holiday_countries_used"": false, ""lags"": null, ""forward_lags"": null}}}",0,2,9.343400814938287,0.6317358064661837,0.8313138075259372,0.6259502519276772,0.6317358064661837,0.0,-30.88898188427167,0.47806304451710313,82.8234632796414,0.5898814657036331,0.41881360075271035,0.9833333333333334,0.45,3.9528824147584043,0.9444444444444444,1.314216159638848,0.4586385038066661,2.6154253670599896,1.4985562837403337,0.3021343885502341,25.96724069768486,10.008184379502866,18.035952201426078,0.03994302824484239,9.343400814938287,0.6317358064661837,0.8313138075259372,0.6259502519276772,0.6317358064661837,0.0,0.47806304451710313,0.5898814657036331,0.41881360075271035,3.9528824147584043,0.9444444444444444,1.314216159638848,0.4586385038066661,2.6154253670599896,1.4985562837403337,0.3021343885502341,25.96724069768486,10.008184379502866,18.035952201426078,0.03994302824484239,0.9833333333333334,0.45,10.920100000000001,18.409903197020178,11.689054543762643,Wh,11.689054543762643,Wh
307,67630d1909fa60ae1f9595fc12ff2a69,ARIMA,"{""p"": 4, ""d"": 0, ""q"": 1, ""regression_type"": null}","{""fillna"": ""ffill"", ""transformations"": {""0"": ""Scaler"", ""1"": ""Detrend"", ""2"": ""DatepartRegression""}, ""transformation_params"": {""0"": {}, ""1"": {""model"": ""Linear"", ""phi"": 1, ""window"": 30, ""transform_dict"": null}, ""2"": {""regression_model"": {""model"": ""ElasticNet"", ""model_params"": {""l1_ratio"": 0.5, ""fit_intercept"": true, ""selection"": ""cyclic"", ""max_iter"": 1000}}, ""datepart_method"": ""common_fourier"", ""polynomial_degree"": null, ""transform_dict"": null, ""holiday_countries_used"": false, ""lags"": null, ""forward_lags"": null}}}",0,2,9.197555233605922,0.6188514853448916,0.8032690816969077,0.5697607900869992,0.6188514853448916,0.0,-35.20526208067451,0.47975584081659833,76.188005281406,0.5716659904122241,0.4421031155692562,0.9944444444444445,0.5444444444444445,3.822565760073581,0.9444444444444444,1.304310373192338,0.45679802384004153,2.52652757288661,1.7808980318892287,0.13908560791578184,20.49137160036575,8.603871646398913,21.468661379667633,0.031475576999311666,9.197555233605922,0.6188514853448916,0.8032690816969077,0.5697607900869992,0.6188514853448916,0.0,0.47975584081659833,0.5716659904122241,0.4421031155692562,3.822565760073581,0.9444444444444444,1.304310373192338,0.45679802384004153,2.52652757288661,1.7808980318892287,0.13908560791578184,20.49137160036575,8.603871646398913,21.468661379667633,0.031475576999311666,0.9944444444444445,0.5444444444444445,0.11865,18.396419539973074,11.311471650220211,Wh,11.311471650220211,Wh
308,a6a1477ee2b31d009999314fa5df12a0,ARIMA,"{""p"": 4, ""d"": 0, ""q"": 0, ""regression_type"": ""Holiday""}","{""fillna"": ""ffill"", ""transformations"": {""0"": ""Scaler"", ""1"": ""Detrend"", ""2"": ""DatepartRegression""}, ""transformation_params"": {""0"": {}, ""1"": {""model"": ""Linear"", ""phi"": 1, ""window"": 30, ""transform_dict"": null}, ""2"": {""regression_model"": {""model"": ""ElasticNet"", ""model_params"": {""l1_ratio"": 0.5, ""fit_intercept"": true, ""selection"": ""cyclic"", ""max_iter"": 1000}}, ""datepart_method"": ""common_fourier"", ""polynomial_degree"": null, ""transform_dict"": null, ""holiday_countries_used"": false, ""lags"": null, ""forward_lags"": null}}}",0,2,9.231943118448918,0.6199544752917826,0.812369273588456,0.5867793640438456,0.6199544752917826,0.0,-36.88615345446402,0.48291786743031806,74.70565209805682,0.5691567418316885,0.43448495092618683,0.9888888888888889,0.5388888888888889,3.868321032616855,0.9444444444444444,1.3063331040520647,0.4500019173611838,2.5407873879277796,1.9532340914510224,0.1589425578769451,18.909749321796397,8.26701227293334,21.301382399924115,0.028862351615790278,9.231943118448918,0.6199544752917826,0.812369273588456,0.5867793640438456,0.6199544752917826,0.0,0.48291786743031806,0.5691567418316885,0.43448495092618683,3.868321032616855,0.9444444444444444,1.3063331040520647,0.4500019173611838,2.5407873879277796,1.9532340914510224,0.1589425578769451,18.909749321796397,8.26701227293334,21.301382399924115,0.028862351615790278,0.9888888888888889,0.5388888888888889,0.1843,18.370045094369708,11.242484585984826,Wh,11.242484585984826,Wh
309,9d6560f05a31c70a6699653425ecdf74,RollingRegression,"{""regression_model"": {""model"": ""ExtraTrees"", ""model_params"": {""n_estimators"": 100, ""min_samples_leaf"": 1, ""min_samples_split"": 2, ""max_depth"": null, ""criterion"": ""squared_error"", ""max_features"": 1}}, ""holiday"": true, ""mean_rolling_periods"": 12, ""macd_periods"": 24, ""std_rolling_periods"": 7, ""max_rolling_periods"": 12, ""min_rolling_periods"": null, ""ewm_var_alpha"": null, ""quantile90_rolling_periods"": null, ""quantile10_rolling_periods"": null, ""ewm_alpha"": 0.8, ""additional_lag_periods"": 6, ""abs_energy"": false, ""rolling_autocorr_periods"": 7, ""nonzero_last_n"": null, ""add_date_part"": null, ""polynomial_degree"": null, ""x_transform"": null, ""regression_type"": null}","{""fillna"": ""ffill"", ""transformations"": {""0"": ""Scaler"", ""1"": ""DatepartRegression"", ""2"": ""DatepartRegression"", ""3"": ""DatepartRegression""}, ""transformation_params"": {""0"": {}, ""1"": {""regression_model"": {""model"": ""ElasticNet"", ""model_params"": {""l1_ratio"": 0.5, ""fit_intercept"": true, ""selection"": ""cyclic"", ""max_iter"": 200}}, ""datepart_method"": ""simple_2"", ""polynomial_degree"": null, ""transform_dict"": null, ""holiday_countries_used"": true, ""lags"": 1, ""forward_lags"": null}, ""2"": {""regression_model"": {""model"": ""DecisionTree"", ""model_params"": {""max_depth"": 3, ""min_samples_split"": 0.05}}, ""datepart_method"": ""anchored_segment_fourier:us_school"", ""polynomial_degree"": null, ""transform_dict"": {""fillna"": ""ffill"", ""transformations"": {""0"": ""MinMaxScaler"", ""1"": ""G711Scaler""}, ""transformation_params"": {""0"": {}, ""1"": {""mode"": ""a"", ""mu"": 100.0, ""A"": 50.0, ""center"": ""median"", ""scale_method"": ""mad"", ""scale_factor"": 2.378747585675154, ""min_scale"": 1e-06, ""clip"": true, ""zero_offset"": 0.0, ""fill_method"": ""interpolate"", ""on_transform"": true, ""on_inverse"": true, ""bounds_only"": false}}}, ""holiday_countries_used"": false, ""lags"": null, ""forward_lags"": null}, ""3"": {""regression_model"": {""model"": ""ElasticNet"", ""model_params"": {""l1_ratio"": 0.5, ""fit_intercept"": true, ""selection"": ""cyclic"", ""max_iter"": 1000}}, ""datepart_method"": [""simple_2""], ""polynomial_degree"": null, ""transform_dict"": {""fillna"": null, ""transformations"": {""0"": ""bkfilter""}, ""transformation_params"": {""0"": {}}}, ""holiday_countries_used"": false, ""lags"": null, ""forward_lags"": null}}}",0,1,9.332157521822245,0.5740196689619826,0.7383023534412421,0.6056916699340921,0.5740196689619826,0.0,-6.465817855990204,0.42848215020950126,45.195952350588236,0.5613770109255545,0.45272390928774875,0.9888888888888889,0.5333333333333333,2.4574388212295615,0.9666666666666667,1.310196519176442,0.4122955594983999,2.121552498091212,0.7422844646754242,0.25687611013033546,38.73013449459803,27.141280595009817,16.087394253305156,0.07017596572060328,9.332157521822245,0.5740196689619826,0.7383023534412421,0.6056916699340921,0.5740196689619826,0.0,0.42848215020950126,0.5613770109255545,0.45272390928774875,2.4574388212295615,0.9666666666666667,1.310196519176442,0.4122955594983999,2.121552498091212,0.7422844646754242,0.25687611013033546,38.73013449459803,27.141280595009817,16.087394253305156,0.07017596572060328,0.9888888888888889,0.5333333333333333,13.3512,18.253156121339426,8.256935741345162,Wh,8.256935741345162,Wh
310,87edf0613c630b35a61d5c9e7395d46e,RollingRegression,"{""regression_model"": {""model"": ""RANSAC"", ""model_params"": {}}, ""holiday"": true, ""mean_rolling_periods"": 12, ""macd_periods"": 24, ""std_rolling_periods"": 10, ""max_rolling_periods"": null, ""min_rolling_periods"": 4, ""ewm_var_alpha"": null, ""quantile90_rolling_periods"": null, ""quantile10_rolling_periods"": null, ""ewm_alpha"": 0.8, ""additional_lag_periods"": 2, ""abs_energy"": false, ""rolling_autocorr_periods"": null, ""nonzero_last_n"": null, ""add_date_part"": null, ""polynomial_degree"": null, ""x_transform"": null, ""regression_type"": null}","{""fillna"": ""seasonal_linear_window_3"", ""transformations"": {""0"": ""MinMaxScaler"", ""1"": ""Detrend""}, ""transformation_params"": {""0"": {}, ""1"": {""model"": ""Linear"", ""phi"": 1, ""window"": 30, ""transform_dict"": null}}}",0,2,9.213707239132747,0.6240612879177441,0.8143023357388548,0.5799440943777237,0.6240612879177441,0.0,-31.42122523334767,0.47360135087778843,80.90980659184626,0.5834918545890984,0.4175123948863856,0.9833333333333334,0.48333333333333334,3.913556549115153,0.9444444444444444,1.308938175210844,0.4567085556027576,2.5066318624900426,1.549021792304511,0.07592871570236324,24.74429067924929,10.138430674156409,23.111360707505078,0.03827968360911249,9.213707239132747,0.6240612879177441,0.8143023357388548,0.5799440943777237,0.6240612879177441,0.0,0.47360135087778843,0.5834918545890984,0.4175123948863856,3.913556549115153,0.9444444444444444,1.308938175210844,0.4567085556027576,2.5066318624900426,1.549021792304511,0.07592871570236324,24.74429067924929,10.138430674156409,23.111360707505078,0.03827968360911249,0.9833333333333334,0.48333333333333334,4.1636500000000005,18.190374106649237,11.779217805446606,Wh,11.779217805446606,Wh
311,a8ddd1ef89834c17140b9aab182e2ad4,RollingRegression,"{""regression_model"": {""model"": ""ExtraTrees"", ""model_params"": {""n_estimators"": 100, ""min_samples_leaf"": 1, ""min_samples_split"": 2, ""max_depth"": null, ""criterion"": ""squared_error"", ""max_features"": 1}}, ""holiday"": true, ""mean_rolling_periods"": 7, ""macd_periods"": 46, ""std_rolling_periods"": 7, ""max_rolling_periods"": 12, ""min_rolling_periods"": 2, ""ewm_var_alpha"": null, ""quantile90_rolling_periods"": null, ""quantile10_rolling_periods"": null, ""ewm_alpha"": null, ""additional_lag_periods"": 90, ""abs_energy"": false, ""rolling_autocorr_periods"": null, ""nonzero_last_n"": null, ""add_date_part"": ""simple_2"", ""polynomial_degree"": null, ""x_transform"": null, ""regression_type"": null}","{""fillna"": ""ffill"", ""transformations"": {""0"": ""Scaler"", ""1"": ""Detrend"", ""2"": ""DatepartRegression""}, ""transformation_params"": {""0"": {}, ""1"": {""model"": ""Linear"", ""phi"": 1, ""window"": 30, ""transform_dict"": null}, ""2"": {""regression_model"": {""model"": ""ElasticNet"", ""model_params"": {""l1_ratio"": 0.5, ""fit_intercept"": true, ""selection"": ""cyclic"", ""max_iter"": 1000}}, ""datepart_method"": ""common_fourier"", ""polynomial_degree"": null, ""transform_dict"": null, ""holiday_countries_used"": false, ""lags"": null, ""forward_lags"": null}}}",0,2,9.202953996890681,0.6200412205808908,0.8143621447261011,0.5753089312196067,0.6200412205808908,0.0,-31.748073629455604,0.4747365712428015,79.85934607510475,0.5769644473842884,0.41796873518614586,0.9833333333333334,0.5333333333333333,3.761468864659446,0.9444444444444444,1.3036789874295351,0.4464238589525251,2.4770969704913766,1.0353328783806655,0.17232271192622836,24.055636222824575,11.410256234929994,21.26478256509676,0.03870475627780924,9.202953996890681,0.6200412205808908,0.8143621447261011,0.5753089312196067,0.6200412205808908,0.0,0.4747365712428015,0.5769644473842884,0.41796873518614586,3.761468864659446,0.9444444444444444,1.3036789874295351,0.4464238589525251,2.4770969704913766,1.0353328783806655,0.17232271192622836,24.055636222824575,11.410256234929994,21.26478256509676,0.03870475627780924,0.9833333333333334,0.5333333333333333,6.680949999999999,18.173174682338825,11.180059213318065,Wh,11.180059213318065,Wh
312,74d6243556a6d6cbb531144f84d51a28,Ensemble,"{""model_name"": ""BestN"", ""model_count"": 5, ""model_metric"": ""mixed_metric"", ""models"": {""9401cafd8f6b338a48dd5f0e109ef608"": {""Model"": ""ARIMA"", ""ModelParameters"": ""{\""p\"": 4, \""d\"": 1, \""q\"": 1, \""regression_type\"": null}"", ""TransformationParameters"": ""{\""fillna\"": \""ffill\"", \""transformations\"": {\""0\"": \""Scaler\"", \""1\"": \""Detrend\"", \""2\"": \""DatepartRegression\""}, \""transformation_params\"": {\""0\"": {}, \""1\"": {\""model\"": \""Linear\"", \""phi\"": 1, \""window\"": 30, \""transform_dict\"": null}, \""2\"": {\""regression_model\"": {\""model\"": \""ElasticNet\"", \""model_params\"": {\""l1_ratio\"": 0.5, \""fit_intercept\"": true, \""selection\"": \""cyclic\"", \""max_iter\"": 1000}}, \""datepart_method\"": \""common_fourier\"", \""polynomial_degree\"": null, \""transform_dict\"": null, \""holiday_countries_used\"": false, \""lags\"": null, \""forward_lags\"": null}}}""}, ""a8ad161bc7623e4bb730ce0012481031"": {""Model"": ""RollingRegression"", ""ModelParameters"": ""{\""regression_model\"": {\""model\"": \""RANSAC\"", \""model_params\"": {}}, \""holiday\"": true, \""mean_rolling_periods\"": 12, \""macd_periods\"": 24, \""std_rolling_periods\"": 10, \""max_rolling_periods\"": null, \""min_rolling_periods\"": 4, \""ewm_var_alpha\"": null, \""quantile90_rolling_periods\"": null, \""quantile10_rolling_periods\"": null, \""ewm_alpha\"": 0.8, \""additional_lag_periods\"": 2, \""abs_energy\"": false, \""rolling_autocorr_periods\"": null, \""nonzero_last_n\"": null, \""add_date_part\"": null, \""polynomial_degree\"": null, \""x_transform\"": null, \""regression_type\"": null}"", ""TransformationParameters"": ""{\""fillna\"": \""ffill\"", \""transformations\"": {\""0\"": \""Detrend\"", \""1\"": \""DatepartRegression\"", \""2\"": \""Scaler\"", \""3\"": \""Scaler\"", \""4\"": \""MinMaxScaler\""}, \""transformation_params\"": {\""0\"": {\""model\"": \""Linear\"", \""phi\"": 1, \""window\"": null, \""transform_dict\"": null}, \""1\"": {\""regression_model\"": {\""model\"": \""ElasticNet\"", \""model_params\"": {\""l1_ratio\"": 0.9, \""fit_intercept\"": true, \""selection\"": \""cyclic\"", \""max_iter\"": 200}}, \""datepart_method\"": \""common_fourier\"", \""polynomial_degree\"": null, \""transform_dict\"": null, \""holiday_countries_used\"": false, \""lags\"": null, \""forward_lags\"": 2}, \""2\"": {}, \""3\"": {}, \""4\"": {}}}""}}, ""point_method"": ""median"", ""model_weights"": {}}","{""fillna"": ""zero"", ""transformations"": {""0"": ""AnomalyRemoval"", ""1"": ""EWMAFilter"", ""2"": ""AlignLastValue""}, ""transformation_params"": {""0"": {""method"": ""med_diff"", ""method_params"": {""distribution"": ""norm"", ""alpha"": 0.05}, ""fillna"": ""rolling_mean_24"", ""transform_dict"": {""fillna"": null, ""transformations"": {""0"": ""EWMAFilter""}, ""transformation_params"": {""0"": {""span"": 7}}}, ""isolated_only"": false, ""on_inverse"": false}, ""1"": {""span"": 7}, ""2"": {""rows"": 1, ""lag"": 1, ""method"": ""multiplicative"", ""strength"": 1.0, ""first_value_only"": false, ""threshold"": 1, ""threshold_method"": ""max""}}}",1,2,9.548535713402659,0.6501767664716738,0.8528878965415742,0.5816274487393756,0.6501767664716738,0.0,-21.27386042402765,0.4719003977067238,95.75795754087363,0.6239779185117142,0.3662200654099936,0.9444444444444444,0.5055555555555555,3.9430392221702304,0.9444444444444444,1.3209500597110604,0.46492811898757347,2.6022631830849865,1.4485417043396065,0.11869621363813018,37.242048558422994,14.713814639179722,22.656957205822437,0.059729580600533405,9.548535713402659,0.6501767664716738,0.8528878965415742,0.5816274487393756,0.6501767664716738,0.0,0.4719003977067238,0.6239779185117142,0.3662200654099936,3.9430392221702304,0.9444444444444444,1.3209500597110604,0.46492811898757347,2.6022631830849865,1.4485417043396065,0.11869621363813018,37.242048558422994,14.713814639179722,22.656957205822437,0.059729580600533405,0.9444444444444444,0.5055555555555555,15.03105,18.12187329774623,12.3083902167791,Wh,12.3083902167791,Wh
313,7e018ccca522fcc2683bf536f62d25a7,WindowRegression,"{""window_size"": 2, ""input_dim"": ""univariate"", ""output_dim"": ""1step"", ""normalize_window"": false, ""max_windows"": 5000000, ""fourier_encoding_components"": null, ""scale"": true, ""datepart_method"": null, ""regression_type"": null, ""regression_model"": {""model"": ""xgboost"", ""model_params"": {""booster"": ""gbtree"", ""objective"": ""reg:squarederror"", ""max_depth"": 6, ""eta"": 0.05, ""min_child_weight"": 0.5, ""subsample"": 1, ""colsample_bylevel"": 1, ""reg_alpha"": 0, ""reg_lambda"": 1}}}","{""fillna"": ""ffill"", ""transformations"": {""0"": ""Scaler"", ""1"": ""Detrend"", ""2"": ""DatepartRegression""}, ""transformation_params"": {""0"": {}, ""1"": {""model"": ""Linear"", ""phi"": 1, ""window"": 30, ""transform_dict"": null}, ""2"": {""regression_model"": {""model"": ""ElasticNet"", ""model_params"": {""l1_ratio"": 0.5, ""fit_intercept"": true, ""selection"": ""cyclic"", ""max_iter"": 1000}}, ""datepart_method"": ""common_fourier"", ""polynomial_degree"": null, ""transform_dict"": null, ""holiday_countries_used"": false, ""lags"": null, ""forward_lags"": null}}}",0,1,10.529900626486233,0.635942422063163,0.7691374549800291,0.8920428909119029,0.635942422063163,0.0,-25.8128645616562,0.5332407649186681,31.421953424028473,0.5621380405503149,0.3207105474468016,0.8444444444444444,0.4222222222222222,2.0930233651464425,0.9555555555555556,1.3507053651929657,0.49795989166756344,2.4651529686818,1.3572322447341063,0.5721191565101607,5.609088862372275,7.381612561677078,1.7408107558969128,0.010163229042867275,10.529900626486233,0.635942422063163,0.7691374549800291,0.8920428909119029,0.635942422063163,0.0,0.5332407649186681,0.5621380405503149,0.3207105474468016,2.0930233651464425,0.9555555555555556,1.3507053651929657,0.49795989166756344,2.4651529686818,1.3572322447341063,0.5721191565101607,5.609088862372275,7.381612561677078,1.7408107558969128,0.010163229042867275,0.8444444444444444,0.4222222222222222,0.4371,17.91635053986773,9.147658169390551,Wh,9.147658169390551,Wh
314,901124e80dafde929fdfb77c52b9603c,RollingRegression,"{""regression_model"": {""model"": ""xgboost"", ""model_params"": {""booster"": ""gbtree"", ""objective"": ""reg:squarederror"", ""max_depth"": 3, ""eta"": 0.01, ""min_child_weight"": 1, ""subsample"": 1, ""colsample_bylevel"": 0.5, ""reg_alpha"": 0, ""reg_lambda"": 1}}, ""holiday"": false, ""mean_rolling_periods"": 30, ""macd_periods"": null, ""std_rolling_periods"": 30, ""max_rolling_periods"": null, ""min_rolling_periods"": 12, ""ewm_var_alpha"": null, ""quantile90_rolling_periods"": null, ""quantile10_rolling_periods"": null, ""ewm_alpha"": null, ""additional_lag_periods"": 363, ""abs_energy"": false, ""rolling_autocorr_periods"": null, ""nonzero_last_n"": null, ""add_date_part"": null, ""polynomial_degree"": null, ""x_transform"": null, ""regression_type"": null}","{""fillna"": ""cubic"", ""transformations"": {""0"": ""Detrend"", ""1"": ""Scaler"", ""2"": ""DatepartRegression"", ""3"": ""Scaler""}, ""transformation_params"": {""0"": {""model"": ""Linear"", ""phi"": 1, ""window"": null, ""transform_dict"": null}, ""1"": {}, ""2"": {""regression_model"": {""model"": ""DecisionTree"", ""model_params"": {""max_depth"": null, ""min_samples_split"": 1.0}}, ""datepart_method"": ""anchored_segment_fourier:us_school"", ""polynomial_degree"": null, ""transform_dict"": {""fillna"": null, ""transformations"": {""0"": ""ScipyFilter""}, ""transformation_params"": {""0"": {""method"": ""savgol_filter"", ""method_args"": {""window_length"": 31, ""polyorder"": 3, ""deriv"": 0, ""mode"": ""interp""}}}}, ""holiday_countries_used"": false, ""lags"": null, ""forward_lags"": 3}, ""3"": {}}}",0,1,8.960060487491518,0.549528022568107,0.7204441571943886,0.5486551331655417,0.549528022568107,0.0,-3.9947603687338216,0.4034918757076623,45.4627616623958,0.5450330075999636,0.44924306723458024,0.9888888888888889,0.5222222222222223,2.2991104437448993,0.9666666666666667,1.2991413168620607,0.38184158741107693,2.0181568191301005,0.7012520685424602,0.002287328809814514,41.468001293661985,27.667510720068545,23.046851218779455,0.07513676560281096,8.960060487491518,0.549528022568107,0.7204441571943886,0.5486551331655417,0.549528022568107,0.0,0.4034918757076623,0.5450330075999636,0.44924306723458024,2.2991104437448993,0.9666666666666667,1.2991413168620607,0.38184158741107693,2.0181568191301005,0.7012520685424602,0.002287328809814514,41.468001293661985,27.667510720068545,23.046851218779455,0.07513676560281096,0.9888888888888889,0.5222222222222223,4.947,17.740889393707324,7.904637795109851,Wh,7.904637795109851,Wh
315,361a13f0135389bd3761526f4eb2de4a,Ensemble,"{""model_name"": ""BestN"", ""model_count"": 3, ""model_metric"": ""mixed_metric"", ""models"": {""860cd5b05944ecb82d3157f8432afabb"": {""Model"": ""WindowRegression"", ""ModelParameters"": ""{\""window_size\"": 10, \""input_dim\"": \""univariate\"", \""output_dim\"": \""1step\"", \""normalize_window\"": false, \""max_windows\"": 5000000, \""fourier_encoding_components\"": null, \""scale\"": true, \""datepart_method\"": null, \""regression_type\"": null, \""regression_model\"": {\""model\"": \""SVM\"", \""model_params\"": {\""C\"": 0.1, \""tol\"": 0.001, \""epsilon\"": 0.0, \""loss\"": \""squared_epsilon_insensitive\"", \""max_iter\"": 50}}}"", ""TransformationParameters"": ""{\""fillna\"": \""pchip\"", \""transformations\"": {\""0\"": \""Scaler\""}, \""transformation_params\"": {\""0\"": {}}}""}, ""c0b1c7a0ef49e381d5aea93045d68ec6"": {""Model"": ""WindowRegression"", ""ModelParameters"": ""{\""window_size\"": 10, \""input_dim\"": \""univariate\"", \""output_dim\"": \""1step\"", \""normalize_window\"": false, \""max_windows\"": 5000000, \""fourier_encoding_components\"": null, \""scale\"": true, \""datepart_method\"": null, \""regression_type\"": null, \""regression_model\"": {\""model\"": \""SVM\"", \""model_params\"": {\""C\"": 0.1, \""tol\"": 0.001, \""epsilon\"": 0.0, \""loss\"": \""squared_epsilon_insensitive\"", \""max_iter\"": 50}}}"", ""TransformationParameters"": ""{\""fillna\"": \""ffill\"", \""transformations\"": {\""0\"": \""DatepartRegression\"", \""1\"": \""DatepartRegression\"", \""2\"": \""MinMaxScaler\"", \""3\"": \""Scaler\""}, \""transformation_params\"": {\""0\"": {\""regression_model\"": {\""model\"": \""ElasticNet\"", \""model_params\"": {\""l1_ratio\"": 0.5, \""fit_intercept\"": true, \""selection\"": \""cyclic\"", \""max_iter\"": 1000}}, \""datepart_method\"": \""anchored_segment_fourier:us_school\"", \""polynomial_degree\"": null, \""transform_dict\"": null, \""holiday_countries_used\"": false, \""lags\"": null, \""forward_lags\"": null}, \""1\"": {\""regression_model\"": {\""model\"": \""ElasticNet\"", \""model_params\"": {\""l1_ratio\"": 0.9, \""fit_intercept\"": true, \""selection\"": \""cyclic\"", \""max_iter\"": 200}}, \""datepart_method\"": \""common_fourier\"", \""polynomial_degree\"": null, \""transform_dict\"": null, \""holiday_countries_used\"": false, \""lags\"": null, \""forward_lags\"": 2}, \""2\"": {}, \""3\"": {}}}""}, ""b56ba147e1633d9995afee23f1bd58c7"": {""Model"": ""WindowRegression"", ""ModelParameters"": ""{\""window_size\"": 20, \""input_dim\"": \""univariate\"", \""output_dim\"": \""1step\"", \""normalize_window\"": false, \""max_windows\"": 5000000, \""fourier_encoding_components\"": null, \""scale\"": false, \""datepart_method\"": null, \""regression_type\"": null, \""regression_model\"": {\""model\"": \""xgboost\"", \""model_params\"": {\""booster\"": \""gbtree\"", \""objective\"": \""reg:squarederror\"", \""max_depth\"": 6, \""eta\"": 0.003, \""min_child_weight\"": 0.5, \""subsample\"": 1, \""colsample_bylevel\"": 0.9, \""reg_alpha\"": 0, \""reg_lambda\"": 1, \""n_estimators\"": 7, \""multi_strategy\"": \""multi_output_tree\"", \""tree_method\"": \""hist\""}}}"", ""TransformationParameters"": ""{\""fillna\"": \""ffill\"", \""transformations\"": {\""0\"": \""Scaler\"", \""1\"": \""Detrend\"", \""2\"": \""MinMaxScaler\""}, \""transformation_params\"": {\""0\"": {}, \""1\"": {\""model\"": \""Linear\"", \""phi\"": 1, \""window\"": 30, \""transform_dict\"": null}, \""2\"": {}}}""}}, ""model_weights"": {}, ""point_method"": ""mean""}","{""fillna"": ""ffill"", ""transformations"": {""0"": ""FFTFilter"", ""1"": ""HistoricValues""}, ""transformation_params"": {""0"": {""cutoff"": 0.01, ""reverse"": false, ""on_transform"": false, ""on_inverse"": true}, ""1"": {""window"": null}}}",1,6,10.091624663481774,0.7140660839806857,0.9047228709681915,0.5878901171742951,0.7140660839806857,0.0,-228.57067137294342,0.623185478578865,157.02501397662695,0.5826130706250279,0.2574946677951272,0.7981481481481482,0.512962962962963,3.2617830170525446,0.9296296296296297,1.3029469461722911,0.5217546925442492,2.364107474437429,1.0734699715298144,0.011555315581020914,15.897195855776465,11.54304613653638,27.727009342177777,0.02463712045649638,10.091624663481774,0.7140660839806857,0.9047228709681915,0.5878901171742951,0.7140660839806857,0.0,0.623185478578865,0.5826130706250279,0.2574946677951272,3.2617830170525446,0.9296296296296297,1.3029469461722911,0.5217546925442492,2.364107474437429,1.0734699715298144,0.011555315581020914,15.897195855776465,11.54304613653638,27.727009342177777,0.02463712045649638,0.7981481481481482,0.512962962962963,1.89025,17.716148208424467,11.144046675790582,Wh,11.144046675790582,Wh
316,71f7be1011bc1647d683a21d6ba7fa82,ARIMA,"{""p"": 5, ""d"": 0, ""q"": 1, ""regression_type"": null}","{""fillna"": ""time"", ""transformations"": {""0"": ""Scaler"", ""1"": ""DatepartRegression"", ""2"": ""DatepartRegression"", ""3"": ""Detrend""}, ""transformation_params"": {""0"": {}, ""1"": {""regression_model"": {""model"": ""ElasticNet"", ""model_params"": {""l1_ratio"": 0.5, ""fit_intercept"": false, ""selection"": ""cyclic"", ""max_iter"": 1000}}, ""datepart_method"": ""simple_binarized"", ""polynomial_degree"": null, ""transform_dict"": {""fillna"": null, ""transformations"": {""0"": ""ClipOutliers""}, ""transformation_params"": {""0"": {""method"": ""clip"", ""std_threshold"": 4}}}, ""holiday_countries_used"": false, ""lags"": null, ""forward_lags"": null}, ""2"": {""regression_model"": {""model"": ""ElasticNet"", ""model_params"": {""l1_ratio"": 0.5, ""fit_intercept"": true, ""selection"": ""cyclic"", ""max_iter"": 1000}}, ""datepart_method"": ""common_fourier"", ""polynomial_degree"": null, ""transform_dict"": null, ""holiday_countries_used"": false, ""lags"": null, ""forward_lags"": null}, ""3"": {""model"": ""Linear"", ""phi"": 1, ""window"": null, ""transform_dict"": null}}}",0,1,8.696278053296261,0.5314504025578819,0.698413989628042,0.5492813639629585,0.5314504025578819,0.0,-4.720964495693441,0.39479655289990245,43.10957173451593,0.5254455601712761,0.46451570034623507,0.9888888888888889,0.5111111111111111,2.22628223009748,0.9666666666666667,1.2914656758408765,0.36712888398124965,1.994205993720861,0.609943056146018,0.03347908453497108,38.38860723882249,26.115473553585787,21.90114432871582,0.06955714512246414,8.696278053296261,0.5314504025578819,0.698413989628042,0.5492813639629585,0.5314504025578819,0.0,0.39479655289990245,0.5254455601712761,0.46451570034623507,2.22628223009748,0.9666666666666667,1.2914656758408765,0.36712888398124965,1.994205993720861,0.609943056146018,0.03347908453497108,38.38860723882249,26.115473553585787,21.90114432871582,0.06955714512246414,0.9888888888888889,0.5111111111111111,0.231,17.54716410579365,7.644601850608497,Wh,7.644601850608497,Wh
317,a95e7c1b197ab14e2d86b071a0e2dd68,Ensemble,"{""model_name"": ""BestN"", ""model_count"": 5, ""model_metric"": ""bestn_horizontal"", ""models"": {""5dff957b601bedf73b6f35d824a711b5"": {""Model"": ""Ensemble"", ""ModelParameters"": ""{\""model_name\"": \""BestN\"", \""model_count\"": 5, \""model_metric\"": \""mixed_metric\"", \""models\"": {\""860cd5b05944ecb82d3157f8432afabb\"": {\""Model\"": \""WindowRegression\"", \""ModelParameters\"": \""{\\\""window_size\\\"": 10, \\\""input_dim\\\"": \\\""univariate\\\"", \\\""output_dim\\\"": \\\""1step\\\"", \\\""normalize_window\\\"": false, \\\""max_windows\\\"": 5000000, \\\""fourier_encoding_components\\\"": null, \\\""scale\\\"": true, \\\""datepart_method\\\"": null, \\\""regression_type\\\"": null, \\\""regression_model\\\"": {\\\""model\\\"": \\\""SVM\\\"", \\\""model_params\\\"": {\\\""C\\\"": 0.1, \\\""tol\\\"": 0.001, \\\""epsilon\\\"": 0.0, \\\""loss\\\"": \\\""squared_epsilon_insensitive\\\"", \\\""max_iter\\\"": 50}}}\"", \""TransformationParameters\"": \""{\\\""fillna\\\"": \\\""pchip\\\"", \\\""transformations\\\"": {\\\""0\\\"": \\\""Scaler\\\""}, \\\""transformation_params\\\"": {\\\""0\\\"": {}}}\""}, \""c0b1c7a0ef49e381d5aea93045d68ec6\"": {\""Model\"": \""WindowRegression\"", \""ModelParameters\"": \""{\\\""window_size\\\"": 10, \\\""input_dim\\\"": \\\""univariate\\\"", \\\""output_dim\\\"": \\\""1step\\\"", \\\""normalize_window\\\"": false, \\\""max_windows\\\"": 5000000, \\\""fourier_encoding_components\\\"": null, \\\""scale\\\"": true, \\\""datepart_method\\\"": null, \\\""regression_type\\\"": null, \\\""regression_model\\\"": {\\\""model\\\"": \\\""SVM\\\"", \\\""model_params\\\"": {\\\""C\\\"": 0.1, \\\""tol\\\"": 0.001, \\\""epsilon\\\"": 0.0, \\\""loss\\\"": \\\""squared_epsilon_insensitive\\\"", \\\""max_iter\\\"": 50}}}\"", \""TransformationParameters\"": \""{\\\""fillna\\\"": \\\""ffill\\\"", \\\""transformations\\\"": {\\\""0\\\"": \\\""DatepartRegression\\\"", \\\""1\\\"": \\\""DatepartRegression\\\"", \\\""2\\\"": \\\""MinMaxScaler\\\"", \\\""3\\\"": \\\""Scaler\\\""}, \\\""transformation_params\\\"": {\\\""0\\\"": {\\\""regression_model\\\"": {\\\""model\\\"": \\\""ElasticNet\\\"", \\\""model_params\\\"": {\\\""l1_ratio\\\"": 0.5, \\\""fit_intercept\\\"": true, \\\""selection\\\"": \\\""cyclic\\\"", \\\""max_iter\\\"": 1000}}, \\\""datepart_method\\\"": \\\""anchored_segment_fourier:us_school\\\"", \\\""polynomial_degree\\\"": null, \\\""transform_dict\\\"": null, \\\""holiday_countries_used\\\"": false, \\\""lags\\\"": null, \\\""forward_lags\\\"": null}, \\\""1\\\"": {\\\""regression_model\\\"": {\\\""model\\\"": \\\""ElasticNet\\\"", \\\""model_params\\\"": {\\\""l1_ratio\\\"": 0.9, \\\""fit_intercept\\\"": true, \\\""selection\\\"": \\\""cyclic\\\"", \\\""max_iter\\\"": 200}}, \\\""datepart_method\\\"": \\\""common_fourier\\\"", \\\""polynomial_degree\\\"": null, \\\""transform_dict\\\"": null, \\\""holiday_countries_used\\\"": false, \\\""lags\\\"": null, \\\""forward_lags\\\"": 2}, \\\""2\\\"": {}, \\\""3\\\"": {}}}\""}, \""b56ba147e1633d9995afee23f1bd58c7\"": {\""Model\"": \""WindowRegression\"", \""ModelParameters\"": \""{\\\""window_size\\\"": 20, \\\""input_dim\\\"": \\\""univariate\\\"", \\\""output_dim\\\"": \\\""1step\\\"", \\\""normalize_window\\\"": false, \\\""max_windows\\\"": 5000000, \\\""fourier_encoding_components\\\"": null, \\\""scale\\\"": false, \\\""datepart_method\\\"": null, \\\""regression_type\\\"": null, \\\""regression_model\\\"": {\\\""model\\\"": \\\""xgboost\\\"", \\\""model_params\\\"": {\\\""booster\\\"": \\\""gbtree\\\"", \\\""objective\\\"": \\\""reg:squarederror\\\"", \\\""max_depth\\\"": 6, \\\""eta\\\"": 0.003, \\\""min_child_weight\\\"": 0.5, \\\""subsample\\\"": 1, \\\""colsample_bylevel\\\"": 0.9, \\\""reg_alpha\\\"": 0, \\\""reg_lambda\\\"": 1, \\\""n_estimators\\\"": 7, \\\""multi_strategy\\\"": \\\""multi_output_tree\\\"", \\\""tree_method\\\"": \\\""hist\\\""}}}\"", \""TransformationParameters\"": \""{\\\""fillna\\\"": \\\""ffill\\\"", \\\""transformations\\\"": {\\\""0\\\"": \\\""Scaler\\\"", \\\""1\\\"": \\\""Detrend\\\"", \\\""2\\\"": \\\""MinMaxScaler\\\""}, \\\""transformation_params\\\"": {\\\""0\\\"": {}, \\\""1\\\"": {\\\""model\\\"": \\\""Linear\\\"", \\\""phi\\\"": 1, \\\""window\\\"": 30, \\\""transform_dict\\\"": null}, \\\""2\\\"": {}}}\""}, \""7d046fbef1e1594270dc26a3315f53d9\"": {\""Model\"": \""WindowRegression\"", \""ModelParameters\"": \""{\\\""window_size\\\"": 10, \\\""input_dim\\\"": \\\""univariate\\\"", \\\""output_dim\\\"": \\\""1step\\\"", \\\""normalize_window\\\"": false, \\\""max_windows\\\"": 5000000, \\\""fourier_encoding_components\\\"": null, \\\""scale\\\"": true, \\\""datepart_method\\\"": null, \\\""regression_type\\\"": null, \\\""regression_model\\\"": {\\\""model\\\"": \\\""SVM\\\"", \\\""model_params\\\"": {\\\""C\\\"": 0.1, \\\""tol\\\"": 0.001, \\\""epsilon\\\"": 0.0, \\\""loss\\\"": \\\""squared_epsilon_insensitive\\\"", \\\""max_iter\\\"": 50}}}\"", \""TransformationParameters\"": \""{\\\""fillna\\\"": \\\""ffill\\\"", \\\""transformations\\\"": {\\\""0\\\"": \\\""Scaler\\\"", \\\""1\\\"": \\\""Detrend\\\""}, \\\""transformation_params\\\"": {\\\""0\\\"": {}, \\\""1\\\"": {\\\""model\\\"": \\\""Linear\\\"", \\\""phi\\\"": 1, \\\""window\\\"": 30, \\\""transform_dict\\\"": null}}}\""}, \""e9ab0dee8ad32b476a4ab9bc6aed1fef\"": {\""Model\"": \""RollingRegression\"", \""ModelParameters\"": \""{\\\""regression_model\\\"": {\\\""model\\\"": \\\""RANSAC\\\"", \\\""model_params\\\"": {}}, \\\""holiday\\\"": true, \\\""mean_rolling_periods\\\"": 12, \\\""macd_periods\\\"": 24, \\\""std_rolling_periods\\\"": 30, \\\""max_rolling_periods\\\"": 12, \\\""min_rolling_periods\\\"": null, \\\""ewm_var_alpha\\\"": null, \\\""quantile90_rolling_periods\\\"": null, \\\""quantile10_rolling_periods\\\"": null, \\\""ewm_alpha\\\"": 0.8, \\\""additional_lag_periods\\\"": 6, \\\""abs_energy\\\"": false, \\\""rolling_autocorr_periods\\\"": null, \\\""nonzero_last_n\\\"": null, \\\""add_date_part\\\"": null, \\\""polynomial_degree\\\"": null, \\\""x_transform\\\"": null, \\\""regression_type\\\"": null}\"", \""TransformationParameters\"": \""{\\\""fillna\\\"": \\\""ffill\\\"", \\\""transformations\\\"": {\\\""0\\\"": \\\""Scaler\\\"", \\\""1\\\"": \\\""Detrend\\\"", \\\""2\\\"": \\\""DatepartRegression\\\""}, \\\""transformation_params\\\"": {\\\""0\\\"": {}, \\\""1\\\"": {\\\""model\\\"": \\\""Linear\\\"", \\\""phi\\\"": 1, \\\""window\\\"": 30, \\\""transform_dict\\\"": null}, \\\""2\\\"": {\\\""regression_model\\\"": {\\\""model\\\"": \\\""ElasticNet\\\"", \\\""model_params\\\"": {\\\""l1_ratio\\\"": 0.5, \\\""fit_intercept\\\"": true, \\\""selection\\\"": \\\""cyclic\\\"", \\\""max_iter\\\"": 1000}}, \\\""datepart_method\\\"": \\\""common_fourier\\\"", \\\""polynomial_degree\\\"": null, \\\""transform_dict\\\"": null, \\\""holiday_countries_used\\\"": false, \\\""lags\\\"": null, \\\""forward_lags\\\"": null}}}\""}}, \""point_method\"": \""median\"", \""model_weights\"": {}}"", ""TransformationParameters"": ""{}""}}, ""point_method"": ""median"", ""model_weights"": {}}","{""fillna"": ""ffill"", ""transformations"": {""0"": ""RegressionFilter"", ""1"": ""HistoricValues""}, ""transformation_params"": {""0"": {""sigma"": 1, ""rolling_window"": 90, ""run_order"": ""season_first"", ""regression_params"": {""regression_model"": {""model"": ""ElasticNet"", ""model_params"": {""l1_ratio"": 0.5, ""fit_intercept"": false, ""selection"": ""cyclic"", ""max_iter"": 2000}}, ""datepart_method"": ""simple"", ""polynomial_degree"": null, ""transform_dict"": {""fillna"": null, ""transformations"": {""0"": ""ScipyFilter""}, ""transformation_params"": {""0"": {""method"": ""savgol_filter"", ""method_args"": {""window_length"": 31, ""polyorder"": 3, ""deriv"": 0, ""mode"": ""interp""}}}}, ""holiday_countries_used"": false, ""lags"": null, ""forward_lags"": null}, ""holiday_params"": null, ""trend_method"": ""rolling_mean""}, ""1"": {""window"": 28}}}",1,2,9.565727751846023,0.6448223488318118,0.8176988702636194,0.6698995431887418,0.6448223488318118,0.0,-49.484728736572066,0.5280620590255053,66.58329405315405,0.5648196713233605,0.3217343090156607,0.7222222222222222,0.48333333333333334,2.6815595126533758,0.9444444444444444,1.2984577482918873,0.47313396751729964,2.5928981329346477,1.3415467181288359,0.38997074062863973,8.549282658290988,7.164179927212689,13.408853901653377,0.014722914737698496,9.565727751846023,0.6448223488318118,0.8176988702636194,0.6698995431887418,0.6448223488318118,0.0,0.5280620590255053,0.5648196713233605,0.3217343090156607,2.6815595126533758,0.9444444444444444,1.2984577482918873,0.47313396751729964,2.5928981329346477,1.3415467181288359,0.38997074062863973,8.549282658290988,7.164179927212689,13.408853901653377,0.014722914737698496,0.7222222222222222,0.48333333333333334,31.9991,17.41778933384643,12.25491993686108,Wh,12.25491993686108,Wh
318,3a3678cfb0b7c6c72ecfb20601bae0bf,Ensemble,"{""model_name"": ""BestN"", ""model_count"": 5, ""model_metric"": ""mixed_metric"", ""models"": {""860cd5b05944ecb82d3157f8432afabb"": {""Model"": ""WindowRegression"", ""ModelParameters"": ""{\""window_size\"": 10, \""input_dim\"": \""univariate\"", \""output_dim\"": \""1step\"", \""normalize_window\"": false, \""max_windows\"": 5000000, \""fourier_encoding_components\"": null, \""scale\"": true, \""datepart_method\"": null, \""regression_type\"": null, \""regression_model\"": {\""model\"": \""SVM\"", \""model_params\"": {\""C\"": 0.1, \""tol\"": 0.001, \""epsilon\"": 0.0, \""loss\"": \""squared_epsilon_insensitive\"", \""max_iter\"": 50}}}"", ""TransformationParameters"": ""{\""fillna\"": \""pchip\"", \""transformations\"": {\""0\"": \""Scaler\""}, \""transformation_params\"": {\""0\"": {}}}""}, ""c0b1c7a0ef49e381d5aea93045d68ec6"": {""Model"": ""WindowRegression"", ""ModelParameters"": ""{\""window_size\"": 10, \""input_dim\"": \""univariate\"", \""output_dim\"": \""1step\"", \""normalize_window\"": false, \""max_windows\"": 5000000, \""fourier_encoding_components\"": null, \""scale\"": true, \""datepart_method\"": null, \""regression_type\"": null, \""regression_model\"": {\""model\"": \""SVM\"", \""model_params\"": {\""C\"": 0.1, \""tol\"": 0.001, \""epsilon\"": 0.0, \""loss\"": \""squared_epsilon_insensitive\"", \""max_iter\"": 50}}}"", ""TransformationParameters"": ""{\""fillna\"": \""ffill\"", \""transformations\"": {\""0\"": \""DatepartRegression\"", \""1\"": \""DatepartRegression\"", \""2\"": \""MinMaxScaler\"", \""3\"": \""Scaler\""}, \""transformation_params\"": {\""0\"": {\""regression_model\"": {\""model\"": \""ElasticNet\"", \""model_params\"": {\""l1_ratio\"": 0.5, \""fit_intercept\"": true, \""selection\"": \""cyclic\"", \""max_iter\"": 1000}}, \""datepart_method\"": \""anchored_segment_fourier:us_school\"", \""polynomial_degree\"": null, \""transform_dict\"": null, \""holiday_countries_used\"": false, \""lags\"": null, \""forward_lags\"": null}, \""1\"": {\""regression_model\"": {\""model\"": \""ElasticNet\"", \""model_params\"": {\""l1_ratio\"": 0.9, \""fit_intercept\"": true, \""selection\"": \""cyclic\"", \""max_iter\"": 200}}, \""datepart_method\"": \""common_fourier\"", \""polynomial_degree\"": null, \""transform_dict\"": null, \""holiday_countries_used\"": false, \""lags\"": null, \""forward_lags\"": 2}, \""2\"": {}, \""3\"": {}}}""}, ""b56ba147e1633d9995afee23f1bd58c7"": {""Model"": ""WindowRegression"", ""ModelParameters"": ""{\""window_size\"": 20, \""input_dim\"": \""univariate\"", \""output_dim\"": \""1step\"", \""normalize_window\"": false, \""max_windows\"": 5000000, \""fourier_encoding_components\"": null, \""scale\"": false, \""datepart_method\"": null, \""regression_type\"": null, \""regression_model\"": {\""model\"": \""xgboost\"", \""model_params\"": {\""booster\"": \""gbtree\"", \""objective\"": \""reg:squarederror\"", \""max_depth\"": 6, \""eta\"": 0.003, \""min_child_weight\"": 0.5, \""subsample\"": 1, \""colsample_bylevel\"": 0.9, \""reg_alpha\"": 0, \""reg_lambda\"": 1, \""n_estimators\"": 7, \""multi_strategy\"": \""multi_output_tree\"", \""tree_method\"": \""hist\""}}}"", ""TransformationParameters"": ""{\""fillna\"": \""ffill\"", \""transformations\"": {\""0\"": \""Scaler\"", \""1\"": \""Detrend\"", \""2\"": \""MinMaxScaler\""}, \""transformation_params\"": {\""0\"": {}, \""1\"": {\""model\"": \""Linear\"", \""phi\"": 1, \""window\"": 30, \""transform_dict\"": null}, \""2\"": {}}}""}, ""7d046fbef1e1594270dc26a3315f53d9"": {""Model"": ""WindowRegression"", ""ModelParameters"": ""{\""window_size\"": 10, \""input_dim\"": \""univariate\"", \""output_dim\"": \""1step\"", \""normalize_window\"": false, \""max_windows\"": 5000000, \""fourier_encoding_components\"": null, \""scale\"": true, \""datepart_method\"": null, \""regression_type\"": null, \""regression_model\"": {\""model\"": \""SVM\"", \""model_params\"": {\""C\"": 0.1, \""tol\"": 0.001, \""epsilon\"": 0.0, \""loss\"": \""squared_epsilon_insensitive\"", \""max_iter\"": 50}}}"", ""TransformationParameters"": ""{\""fillna\"": \""ffill\"", \""transformations\"": {\""0\"": \""Scaler\"", \""1\"": \""Detrend\""}, \""transformation_params\"": {\""0\"": {}, \""1\"": {\""model\"": \""Linear\"", \""phi\"": 1, \""window\"": 30, \""transform_dict\"": null}}}""}, ""e9ab0dee8ad32b476a4ab9bc6aed1fef"": {""Model"": ""RollingRegression"", ""ModelParameters"": ""{\""regression_model\"": {\""model\"": \""RANSAC\"", \""model_params\"": {}}, \""holiday\"": true, \""mean_rolling_periods\"": 12, \""macd_periods\"": 24, \""std_rolling_periods\"": 30, \""max_rolling_periods\"": 12, \""min_rolling_periods\"": null, \""ewm_var_alpha\"": null, \""quantile90_rolling_periods\"": null, \""quantile10_rolling_periods\"": null, \""ewm_alpha\"": 0.8, \""additional_lag_periods\"": 6, \""abs_energy\"": false, \""rolling_autocorr_periods\"": null, \""nonzero_last_n\"": null, \""add_date_part\"": null, \""polynomial_degree\"": null, \""x_transform\"": null, \""regression_type\"": null}"", ""TransformationParameters"": ""{\""fillna\"": \""ffill\"", \""transformations\"": {\""0\"": \""Scaler\"", \""1\"": \""Detrend\"", \""2\"": \""DatepartRegression\""}, \""transformation_params\"": {\""0\"": {}, \""1\"": {\""model\"": \""Linear\"", \""phi\"": 1, \""window\"": 30, \""transform_dict\"": null}, \""2\"": {\""regression_model\"": {\""model\"": \""ElasticNet\"", \""model_params\"": {\""l1_ratio\"": 0.5, \""fit_intercept\"": true, \""selection\"": \""cyclic\"", \""max_iter\"": 1000}}, \""datepart_method\"": \""common_fourier\"", \""polynomial_degree\"": null, \""transform_dict\"": null, \""holiday_countries_used\"": false, \""lags\"": null, \""forward_lags\"": null}}}""}}, ""point_method"": ""median"", ""model_weights"": {}}","{""fillna"": ""ffill"", ""transformations"": {""0"": ""RegressionFilter"", ""1"": ""HistoricValues""}, ""transformation_params"": {""0"": {""sigma"": 1, ""rolling_window"": 90, ""run_order"": ""season_first"", ""regression_params"": {""regression_model"": {""model"": ""ElasticNet"", ""model_params"": {""l1_ratio"": 0.5, ""fit_intercept"": false, ""selection"": ""cyclic"", ""max_iter"": 2000}}, ""datepart_method"": ""simple"", ""polynomial_degree"": null, ""transform_dict"": {""fillna"": null, ""transformations"": {""0"": ""ScipyFilter""}, ""transformation_params"": {""0"": {""method"": ""savgol_filter"", ""method_args"": {""window_length"": 31, ""polyorder"": 3, ""deriv"": 0, ""mode"": ""interp""}}}}, ""holiday_countries_used"": false, ""lags"": null, ""forward_lags"": null}, ""holiday_params"": null, ""trend_method"": ""rolling_mean""}, ""1"": {""window"": 28}}}",1,2,9.565727751846023,0.6448223488318118,0.8176988702636194,0.6698995431887418,0.6448223488318118,0.0,-49.484728736572066,0.5280620590255053,66.58329405315405,0.5648196713233605,0.3217343090156607,0.7222222222222222,0.48333333333333334,2.6815595126533758,0.9444444444444444,1.2984577482918873,0.47313396751729964,2.5928981329346477,1.3415467181288359,0.38997074062863973,8.549282658290988,7.164179927212689,13.408853901653377,0.014722914737698496,9.565727751846023,0.6448223488318118,0.8176988702636194,0.6698995431887418,0.6448223488318118,0.0,0.5280620590255053,0.5648196713233605,0.3217343090156607,2.6815595126533758,0.9444444444444444,1.2984577482918873,0.47313396751729964,2.5928981329346477,1.3415467181288359,0.38997074062863973,8.549282658290988,7.164179927212689,13.408853901653377,0.014722914737698496,0.7222222222222222,0.48333333333333334,6.88865,17.413306290446457,12.25491993686108,Wh,12.25491993686108,Wh
319,8af73aed58cf5322b4bd5d051cb580de,ARIMA,"{""p"": 5, ""d"": 1, ""q"": 2, ""regression_type"": null}","{""fillna"": ""zero"", ""transformations"": {""0"": ""Detrend"", ""1"": ""MinMaxScaler"", ""2"": ""Detrend""}, ""transformation_params"": {""0"": {""model"": ""GLS"", ""phi"": 1, ""window"": null, ""transform_dict"": null}, ""1"": {}, ""2"": {""model"": ""Linear"", ""phi"": 1, ""window"": null, ""transform_dict"": null}}}",0,1,8.530536922954026,0.5204600114408685,0.6836100328638348,0.5479307529333134,0.5204600114408685,0.0,-5.220249838748323,0.38971424147926054,41.62115119092984,0.5139725804850929,0.47131048196040076,0.9888888888888889,0.5222222222222223,2.2330997313861616,0.9666666666666667,1.2859640384004882,0.35813491888735155,1.9601989941053204,0.6042717683027781,0.023861346693859087,36.40090135218152,24.72492963179184,22.246378683525947,0.06595557797110263,8.530536922954026,0.5204600114408685,0.6836100328638348,0.5479307529333134,0.5204600114408685,0.0,0.38971424147926054,0.5139725804850929,0.47131048196040076,2.2330997313861616,0.9666666666666667,1.2859640384004882,0.35813491888735155,1.9601989941053204,0.6042717683027781,0.023861346693859087,36.40090135218152,24.72492963179184,22.246378683525947,0.06595557797110263,0.9888888888888889,0.5222222222222223,0.9158,17.388207927431335,7.486511530481435,Wh,7.486511530481435,Wh
320,98f788b84aea170e720a273de92d4b9f,Ensemble,"{""model_name"": ""BestN"", ""model_count"": 3, ""model_metric"": ""best_score"", ""models"": {}, ""model_weights"": {}, ""point_method"": ""mean""}","{""fillna"": ""fake_date"", ""transformations"": {""0"": ""AlignLastValue"", ""1"": ""AlignLastValue""}, ""transformation_params"": {""0"": {""rows"": 4, ""lag"": 28, ""method"": ""additive"", ""strength"": 0.2, ""first_value_only"": false, ""threshold"": 1, ""threshold_method"": ""max""}, ""1"": {""rows"": 1, ""lag"": 1, ""method"": ""additive"", ""strength"": 1.0, ""first_value_only"": false, ""threshold"": 1, ""threshold_method"": ""mean""}}}",1,2,9.631984160543793,0.6549787181014418,0.8359361914983668,0.6653188423700146,0.6549787181014418,0.0,-44.569003306415496,0.5156506679081957,73.32716595184405,0.589348326717861,0.303016313293444,0.8888888888888888,0.5055555555555555,3.0091485933049995,0.9444444444444444,1.312499262885788,0.49074791997981326,2.825906372156455,0.7249336505957052,0.40591149985982394,18.010240918274555,5.619037269795831,12.727317799249583,0.02778157849573606,9.631984160543793,0.6549787181014418,0.8359361914983668,0.6653188423700146,0.6549787181014418,0.0,0.5156506679081957,0.589348326717861,0.303016313293444,3.0091485933049995,0.9444444444444444,1.312499262885788,0.49074791997981326,2.825906372156455,0.7249336505957052,0.40591149985982394,18.010240918274555,5.619037269795831,12.727317799249583,0.02778157849573606,0.8888888888888888,0.5055555555555555,19.233600000000003,17.350534241960077,12.636191089101404,Wh,12.636191089101404,Wh
321,df1f52d15f9cbc6240b2f03163c93d84,ARIMA,"{""p"": 5, ""d"": 0, ""q"": 1, ""regression_type"": null}","{""fillna"": ""time"", ""transformations"": {""0"": ""Scaler"", ""1"": ""Detrend"", ""2"": ""Scaler""}, ""transformation_params"": {""0"": {}, ""1"": {""model"": ""Linear"", ""phi"": 1, ""window"": 30, ""transform_dict"": null}, ""2"": {}}}",0,1,8.444454858768204,0.5139952556248721,0.6522721618711531,0.5471360379544881,0.5139952556248721,0.0,-9.010306248416649,0.4004801333283138,37.24926675782184,0.4984606431738222,0.482325524388079,0.9888888888888889,0.5222222222222223,2.2224976052347705,0.9666666666666667,1.2833636980418248,0.36991092594487196,1.9850816797954252,0.5218840529845882,0.024170638501693924,28.238960509405196,22.564466504519203,22.185104203099442,0.05116678138491592,8.444454858768204,0.5139952556248721,0.6522721618711531,0.5471360379544881,0.5139952556248721,0.0,0.4004801333283138,0.4984606431738222,0.482325524388079,2.2224976052347705,0.9666666666666667,1.2833636980418248,0.36991092594487196,1.9850816797954252,0.5218840529845882,0.024170638501693924,28.238960509405196,22.564466504519203,22.185104203099442,0.05116678138491592,0.9888888888888889,0.5222222222222223,0.1619,17.29666546102785,7.3935198156632005,Wh,7.3935198156632005,Wh
322,e1c7f7a953cf41f6d86cd2b74d41b47a,Ensemble,"{""model_name"": ""BestN"", ""model_count"": 3, ""model_metric"": ""best_score"", ""models"": {}, ""model_weights"": {}, ""point_method"": ""mean""}","{""fillna"": ""ffill"", ""transformations"": {""0"": ""RegressionFilter"", ""1"": ""HistoricValues""}, ""transformation_params"": {""0"": {""sigma"": 1, ""rolling_window"": 90, ""run_order"": ""season_first"", ""regression_params"": {""regression_model"": {""model"": ""ElasticNet"", ""model_params"": {""l1_ratio"": 0.5, ""fit_intercept"": false, ""selection"": ""cyclic"", ""max_iter"": 2000}}, ""datepart_method"": ""simple"", ""polynomial_degree"": null, ""transform_dict"": {""fillna"": null, ""transformations"": {""0"": ""ScipyFilter""}, ""transformation_params"": {""0"": {""method"": ""savgol_filter"", ""method_args"": {""window_length"": 31, ""polyorder"": 3, ""deriv"": 0, ""mode"": ""interp""}}}}, ""holiday_countries_used"": false, ""lags"": null, ""forward_lags"": null}, ""holiday_params"": null, ""trend_method"": ""rolling_mean""}, ""1"": {""window"": 28}}}",1,2,9.44500207628672,0.6361224018984892,0.8121038745361662,0.66612732638175,0.6361224018984892,0.0,-49.356868667297164,0.5224004391552761,65.1451636744309,0.5562078361252053,0.3211132700339336,0.7222222222222222,0.48333333333333334,2.6815595126533758,0.9444444444444444,1.2962718827736994,0.4628313987804704,2.5841981860013252,0.6342570055960259,0.3990113271642806,7.894147503566867,7.614319313152514,13.401962085962012,0.013762366258560244,9.44500207628672,0.6361224018984892,0.8121038745361662,0.66612732638175,0.6361224018984892,0.0,0.5224004391552761,0.5562078361252053,0.3211132700339336,2.6815595126533758,0.9444444444444444,1.2962718827736994,0.4628313987804704,2.5841981860013252,0.6342570055960259,0.3990113271642806,7.894147503566867,7.614319313152514,13.401962085962012,0.013762366258560244,0.7222222222222222,0.48333333333333334,19.3359,17.25552232483241,12.03690011743064,Wh,12.03690011743064,Wh
323,07c9264fae7510554f1c989bb1ede1fc,ARIMA,"{""p"": 4, ""d"": 1, ""q"": 1, ""regression_type"": null}","{""fillna"": ""cubic"", ""transformations"": {""0"": ""Detrend"", ""1"": ""Detrend"", ""2"": ""DatepartRegression""}, ""transformation_params"": {""0"": {""model"": ""GLS"", ""phi"": 1, ""window"": 10, ""transform_dict"": null}, ""1"": {""model"": ""Linear"", ""phi"": 1, ""window"": null, ""transform_dict"": null}, ""2"": {""regression_model"": {""model"": ""ElasticNet"", ""model_params"": {""l1_ratio"": 0.5, ""fit_intercept"": true, ""selection"": ""cyclic"", ""max_iter"": 1000}}, ""datepart_method"": ""common_fourier"", ""polynomial_degree"": null, ""transform_dict"": null, ""holiday_countries_used"": false, ""lags"": null, ""forward_lags"": null}}}",0,1,8.51793977528036,0.519705778878327,0.679210752879818,0.5509659879896027,0.519705778878327,0.0,-5.632711897304205,0.3910826772614573,41.14080820174523,0.5124280291812121,0.4622478420719387,0.9888888888888889,0.5111111111111111,2.231311812877017,0.9666666666666667,1.285190336003719,0.35893418799157084,1.9557546893694562,0.6448195918192731,0.0054410700166111865,35.508096304441025,24.175043226801744,22.81941678308884,0.06433788525603712,8.51793977528036,0.519705778878327,0.679210752879818,0.5509659879896027,0.519705778878327,0.0,0.3910826772614573,0.5124280291812121,0.4622478420719387,2.231311812877017,0.9666666666666667,1.285190336003719,0.35893418799157084,1.9557546893694562,0.6448195918192731,0.0054410700166111865,35.508096304441025,24.175043226801744,22.81941678308884,0.06433788525603712,0.9888888888888889,0.5111111111111111,0.2814,17.247522678020108,7.475662338128503,Wh,7.475662338128503,Wh
324,c4aff476e0e6c835560900bc12e56090,Ensemble,"{""model_name"": ""BestN"", ""model_count"": 5, ""model_metric"": ""bestn_horizontal"", ""models"": {""5dff957b601bedf73b6f35d824a711b5"": {""Model"": ""Ensemble"", ""ModelParameters"": ""{\""model_name\"": \""BestN\"", \""model_count\"": 5, \""model_metric\"": \""mixed_metric\"", \""models\"": {\""860cd5b05944ecb82d3157f8432afabb\"": {\""Model\"": \""WindowRegression\"", \""ModelParameters\"": \""{\\\""window_size\\\"": 10, \\\""input_dim\\\"": \\\""univariate\\\"", \\\""output_dim\\\"": \\\""1step\\\"", \\\""normalize_window\\\"": false, \\\""max_windows\\\"": 5000000, \\\""fourier_encoding_components\\\"": null, \\\""scale\\\"": true, \\\""datepart_method\\\"": null, \\\""regression_type\\\"": null, \\\""regression_model\\\"": {\\\""model\\\"": \\\""SVM\\\"", \\\""model_params\\\"": {\\\""C\\\"": 0.1, \\\""tol\\\"": 0.001, \\\""epsilon\\\"": 0.0, \\\""loss\\\"": \\\""squared_epsilon_insensitive\\\"", \\\""max_iter\\\"": 50}}}\"", \""TransformationParameters\"": \""{\\\""fillna\\\"": \\\""pchip\\\"", \\\""transformations\\\"": {\\\""0\\\"": \\\""Scaler\\\""}, \\\""transformation_params\\\"": {\\\""0\\\"": {}}}\""}, \""c0b1c7a0ef49e381d5aea93045d68ec6\"": {\""Model\"": \""WindowRegression\"", \""ModelParameters\"": \""{\\\""window_size\\\"": 10, \\\""input_dim\\\"": \\\""univariate\\\"", \\\""output_dim\\\"": \\\""1step\\\"", \\\""normalize_window\\\"": false, \\\""max_windows\\\"": 5000000, \\\""fourier_encoding_components\\\"": null, \\\""scale\\\"": true, \\\""datepart_method\\\"": null, \\\""regression_type\\\"": null, \\\""regression_model\\\"": {\\\""model\\\"": \\\""SVM\\\"", \\\""model_params\\\"": {\\\""C\\\"": 0.1, \\\""tol\\\"": 0.001, \\\""epsilon\\\"": 0.0, \\\""loss\\\"": \\\""squared_epsilon_insensitive\\\"", \\\""max_iter\\\"": 50}}}\"", \""TransformationParameters\"": \""{\\\""fillna\\\"": \\\""ffill\\\"", \\\""transformations\\\"": {\\\""0\\\"": \\\""DatepartRegression\\\"", \\\""1\\\"": \\\""DatepartRegression\\\"", \\\""2\\\"": \\\""MinMaxScaler\\\"", \\\""3\\\"": \\\""Scaler\\\""}, \\\""transformation_params\\\"": {\\\""0\\\"": {\\\""regression_model\\\"": {\\\""model\\\"": \\\""ElasticNet\\\"", \\\""model_params\\\"": {\\\""l1_ratio\\\"": 0.5, \\\""fit_intercept\\\"": true, \\\""selection\\\"": \\\""cyclic\\\"", \\\""max_iter\\\"": 1000}}, \\\""datepart_method\\\"": \\\""anchored_segment_fourier:us_school\\\"", \\\""polynomial_degree\\\"": null, \\\""transform_dict\\\"": null, \\\""holiday_countries_used\\\"": false, \\\""lags\\\"": null, \\\""forward_lags\\\"": null}, \\\""1\\\"": {\\\""regression_model\\\"": {\\\""model\\\"": \\\""ElasticNet\\\"", \\\""model_params\\\"": {\\\""l1_ratio\\\"": 0.9, \\\""fit_intercept\\\"": true, \\\""selection\\\"": \\\""cyclic\\\"", \\\""max_iter\\\"": 200}}, \\\""datepart_method\\\"": \\\""common_fourier\\\"", \\\""polynomial_degree\\\"": null, \\\""transform_dict\\\"": null, \\\""holiday_countries_used\\\"": false, \\\""lags\\\"": null, \\\""forward_lags\\\"": 2}, \\\""2\\\"": {}, \\\""3\\\"": {}}}\""}, \""b56ba147e1633d9995afee23f1bd58c7\"": {\""Model\"": \""WindowRegression\"", \""ModelParameters\"": \""{\\\""window_size\\\"": 20, \\\""input_dim\\\"": \\\""univariate\\\"", \\\""output_dim\\\"": \\\""1step\\\"", \\\""normalize_window\\\"": false, \\\""max_windows\\\"": 5000000, \\\""fourier_encoding_components\\\"": null, \\\""scale\\\"": false, \\\""datepart_method\\\"": null, \\\""regression_type\\\"": null, \\\""regression_model\\\"": {\\\""model\\\"": \\\""xgboost\\\"", \\\""model_params\\\"": {\\\""booster\\\"": \\\""gbtree\\\"", \\\""objective\\\"": \\\""reg:squarederror\\\"", \\\""max_depth\\\"": 6, \\\""eta\\\"": 0.003, \\\""min_child_weight\\\"": 0.5, \\\""subsample\\\"": 1, \\\""colsample_bylevel\\\"": 0.9, \\\""reg_alpha\\\"": 0, \\\""reg_lambda\\\"": 1, \\\""n_estimators\\\"": 7, \\\""multi_strategy\\\"": \\\""multi_output_tree\\\"", \\\""tree_method\\\"": \\\""hist\\\""}}}\"", \""TransformationParameters\"": \""{\\\""fillna\\\"": \\\""ffill\\\"", \\\""transformations\\\"": {\\\""0\\\"": \\\""Scaler\\\"", \\\""1\\\"": \\\""Detrend\\\"", \\\""2\\\"": \\\""MinMaxScaler\\\""}, \\\""transformation_params\\\"": {\\\""0\\\"": {}, \\\""1\\\"": {\\\""model\\\"": \\\""Linear\\\"", \\\""phi\\\"": 1, \\\""window\\\"": 30, \\\""transform_dict\\\"": null}, \\\""2\\\"": {}}}\""}, \""7d046fbef1e1594270dc26a3315f53d9\"": {\""Model\"": \""WindowRegression\"", \""ModelParameters\"": \""{\\\""window_size\\\"": 10, \\\""input_dim\\\"": \\\""univariate\\\"", \\\""output_dim\\\"": \\\""1step\\\"", \\\""normalize_window\\\"": false, \\\""max_windows\\\"": 5000000, \\\""fourier_encoding_components\\\"": null, \\\""scale\\\"": true, \\\""datepart_method\\\"": null, \\\""regression_type\\\"": null, \\\""regression_model\\\"": {\\\""model\\\"": \\\""SVM\\\"", \\\""model_params\\\"": {\\\""C\\\"": 0.1, \\\""tol\\\"": 0.001, \\\""epsilon\\\"": 0.0, \\\""loss\\\"": \\\""squared_epsilon_insensitive\\\"", \\\""max_iter\\\"": 50}}}\"", \""TransformationParameters\"": \""{\\\""fillna\\\"": \\\""ffill\\\"", \\\""transformations\\\"": {\\\""0\\\"": \\\""Scaler\\\"", \\\""1\\\"": \\\""Detrend\\\""}, \\\""transformation_params\\\"": {\\\""0\\\"": {}, \\\""1\\\"": {\\\""model\\\"": \\\""Linear\\\"", \\\""phi\\\"": 1, \\\""window\\\"": 30, \\\""transform_dict\\\"": null}}}\""}, \""e9ab0dee8ad32b476a4ab9bc6aed1fef\"": {\""Model\"": \""RollingRegression\"", \""ModelParameters\"": \""{\\\""regression_model\\\"": {\\\""model\\\"": \\\""RANSAC\\\"", \\\""model_params\\\"": {}}, \\\""holiday\\\"": true, \\\""mean_rolling_periods\\\"": 12, \\\""macd_periods\\\"": 24, \\\""std_rolling_periods\\\"": 30, \\\""max_rolling_periods\\\"": 12, \\\""min_rolling_periods\\\"": null, \\\""ewm_var_alpha\\\"": null, \\\""quantile90_rolling_periods\\\"": null, \\\""quantile10_rolling_periods\\\"": null, \\\""ewm_alpha\\\"": 0.8, \\\""additional_lag_periods\\\"": 6, \\\""abs_energy\\\"": false, \\\""rolling_autocorr_periods\\\"": null, \\\""nonzero_last_n\\\"": null, \\\""add_date_part\\\"": null, \\\""polynomial_degree\\\"": null, \\\""x_transform\\\"": null, \\\""regression_type\\\"": null}\"", \""TransformationParameters\"": \""{\\\""fillna\\\"": \\\""ffill\\\"", \\\""transformations\\\"": {\\\""0\\\"": \\\""Scaler\\\"", \\\""1\\\"": \\\""Detrend\\\"", \\\""2\\\"": \\\""DatepartRegression\\\""}, \\\""transformation_params\\\"": {\\\""0\\\"": {}, \\\""1\\\"": {\\\""model\\\"": \\\""Linear\\\"", \\\""phi\\\"": 1, \\\""window\\\"": 30, \\\""transform_dict\\\"": null}, \\\""2\\\"": {\\\""regression_model\\\"": {\\\""model\\\"": \\\""ElasticNet\\\"", \\\""model_params\\\"": {\\\""l1_ratio\\\"": 0.5, \\\""fit_intercept\\\"": true, \\\""selection\\\"": \\\""cyclic\\\"", \\\""max_iter\\\"": 1000}}, \\\""datepart_method\\\"": \\\""common_fourier\\\"", \\\""polynomial_degree\\\"": null, \\\""transform_dict\\\"": null, \\\""holiday_countries_used\\\"": false, \\\""lags\\\"": null, \\\""forward_lags\\\"": null}}}\""}}, \""point_method\"": \""median\"", \""model_weights\"": {}}"", ""TransformationParameters"": ""{}""}}, ""point_method"": ""median"", ""model_weights"": {}}",{},1,2,9.548687295532897,0.6436491883432556,0.8145562774852266,0.6667779301606991,0.6436491883432556,0.0,-51.085509492925965,0.5300086590548531,64.77134440886003,0.5610972553390472,0.3037955481171609,0.8999999999999999,0.5055555555555555,2.689201565144905,0.9444444444444444,1.297945952949079,0.47675829911391077,2.619166783160783,1.2757530761281688,0.39696175312206233,6.842917457967038,6.898752157117336,12.903981248838514,0.011600083672257329,9.548687295532897,0.6436491883432556,0.8145562774852266,0.6667779301606991,0.6436491883432556,0.0,0.5300086590548531,0.5610972553390472,0.3037955481171609,2.689201565144905,0.9444444444444444,1.297945952949079,0.47675829911391077,2.619166783160783,1.2757530761281688,0.39696175312206233,6.842917457967038,6.898752157117336,12.903981248838514,0.011600083672257329,0.8999999999999999,0.5055555555555555,31.8733,17.170029864081226,12.274273215494782,Wh,12.274273215494782,Wh
325,b7639a2eb73d8ddff000bf3bb0236a17,ARIMA,"{""p"": 0, ""d"": 0, ""q"": 2, ""regression_type"": null}","{""fillna"": ""rolling_mean"", ""transformations"": {""0"": ""Scaler"", ""1"": ""Detrend""}, ""transformation_params"": {""0"": {}, ""1"": {""model"": ""Linear"", ""phi"": 1, ""window"": 30, ""transform_dict"": null}}}",0,1,8.46812632153518,0.5156409722827451,0.6523975512856118,0.5480509888710355,0.5156409722827451,0.0,-9.153854800178518,0.4021634743951987,37.253832705268536,0.49993048421214964,0.46958532958425486,0.9888888888888889,0.5222222222222223,2.2300863923697705,0.9666666666666667,1.2838060181144244,0.3720062074893315,1.9869061845912104,0.5241609309002622,0.0011824185595676077,28.099977905090018,22.415147850719,22.866935950959334,0.05091495580766309,8.46812632153518,0.5156409722827451,0.6523975512856118,0.5480509888710355,0.5156409722827451,0.0,0.4021634743951987,0.49993048421214964,0.46958532958425486,2.2300863923697705,0.9666666666666667,1.2838060181144244,0.3720062074893315,1.9869061845912104,0.5241609309002622,0.0011824185595676077,28.099977905090018,22.415147850719,22.866935950959334,0.05091495580766309,0.9888888888888889,0.5222222222222223,0.0392,17.169319896616067,7.41719248304251,Wh,7.41719248304251,Wh
326,5dff957b601bedf73b6f35d824a711b5,Ensemble,"{""model_name"": ""BestN"", ""model_count"": 5, ""model_metric"": ""mixed_metric"", ""models"": {""860cd5b05944ecb82d3157f8432afabb"": {""Model"": ""WindowRegression"", ""ModelParameters"": ""{\""window_size\"": 10, \""input_dim\"": \""univariate\"", \""output_dim\"": \""1step\"", \""normalize_window\"": false, \""max_windows\"": 5000000, \""fourier_encoding_components\"": null, \""scale\"": true, \""datepart_method\"": null, \""regression_type\"": null, \""regression_model\"": {\""model\"": \""SVM\"", \""model_params\"": {\""C\"": 0.1, \""tol\"": 0.001, \""epsilon\"": 0.0, \""loss\"": \""squared_epsilon_insensitive\"", \""max_iter\"": 50}}}"", ""TransformationParameters"": ""{\""fillna\"": \""pchip\"", \""transformations\"": {\""0\"": \""Scaler\""}, \""transformation_params\"": {\""0\"": {}}}""}, ""c0b1c7a0ef49e381d5aea93045d68ec6"": {""Model"": ""WindowRegression"", ""ModelParameters"": ""{\""window_size\"": 10, \""input_dim\"": \""univariate\"", \""output_dim\"": \""1step\"", \""normalize_window\"": false, \""max_windows\"": 5000000, \""fourier_encoding_components\"": null, \""scale\"": true, \""datepart_method\"": null, \""regression_type\"": null, \""regression_model\"": {\""model\"": \""SVM\"", \""model_params\"": {\""C\"": 0.1, \""tol\"": 0.001, \""epsilon\"": 0.0, \""loss\"": \""squared_epsilon_insensitive\"", \""max_iter\"": 50}}}"", ""TransformationParameters"": ""{\""fillna\"": \""ffill\"", \""transformations\"": {\""0\"": \""DatepartRegression\"", \""1\"": \""DatepartRegression\"", \""2\"": \""MinMaxScaler\"", \""3\"": \""Scaler\""}, \""transformation_params\"": {\""0\"": {\""regression_model\"": {\""model\"": \""ElasticNet\"", \""model_params\"": {\""l1_ratio\"": 0.5, \""fit_intercept\"": true, \""selection\"": \""cyclic\"", \""max_iter\"": 1000}}, \""datepart_method\"": \""anchored_segment_fourier:us_school\"", \""polynomial_degree\"": null, \""transform_dict\"": null, \""holiday_countries_used\"": false, \""lags\"": null, \""forward_lags\"": null}, \""1\"": {\""regression_model\"": {\""model\"": \""ElasticNet\"", \""model_params\"": {\""l1_ratio\"": 0.9, \""fit_intercept\"": true, \""selection\"": \""cyclic\"", \""max_iter\"": 200}}, \""datepart_method\"": \""common_fourier\"", \""polynomial_degree\"": null, \""transform_dict\"": null, \""holiday_countries_used\"": false, \""lags\"": null, \""forward_lags\"": 2}, \""2\"": {}, \""3\"": {}}}""}, ""b56ba147e1633d9995afee23f1bd58c7"": {""Model"": ""WindowRegression"", ""ModelParameters"": ""{\""window_size\"": 20, \""input_dim\"": \""univariate\"", \""output_dim\"": \""1step\"", \""normalize_window\"": false, \""max_windows\"": 5000000, \""fourier_encoding_components\"": null, \""scale\"": false, \""datepart_method\"": null, \""regression_type\"": null, \""regression_model\"": {\""model\"": \""xgboost\"", \""model_params\"": {\""booster\"": \""gbtree\"", \""objective\"": \""reg:squarederror\"", \""max_depth\"": 6, \""eta\"": 0.003, \""min_child_weight\"": 0.5, \""subsample\"": 1, \""colsample_bylevel\"": 0.9, \""reg_alpha\"": 0, \""reg_lambda\"": 1, \""n_estimators\"": 7, \""multi_strategy\"": \""multi_output_tree\"", \""tree_method\"": \""hist\""}}}"", ""TransformationParameters"": ""{\""fillna\"": \""ffill\"", \""transformations\"": {\""0\"": \""Scaler\"", \""1\"": \""Detrend\"", \""2\"": \""MinMaxScaler\""}, \""transformation_params\"": {\""0\"": {}, \""1\"": {\""model\"": \""Linear\"", \""phi\"": 1, \""window\"": 30, \""transform_dict\"": null}, \""2\"": {}}}""}, ""7d046fbef1e1594270dc26a3315f53d9"": {""Model"": ""WindowRegression"", ""ModelParameters"": ""{\""window_size\"": 10, \""input_dim\"": \""univariate\"", \""output_dim\"": \""1step\"", \""normalize_window\"": false, \""max_windows\"": 5000000, \""fourier_encoding_components\"": null, \""scale\"": true, \""datepart_method\"": null, \""regression_type\"": null, \""regression_model\"": {\""model\"": \""SVM\"", \""model_params\"": {\""C\"": 0.1, \""tol\"": 0.001, \""epsilon\"": 0.0, \""loss\"": \""squared_epsilon_insensitive\"", \""max_iter\"": 50}}}"", ""TransformationParameters"": ""{\""fillna\"": \""ffill\"", \""transformations\"": {\""0\"": \""Scaler\"", \""1\"": \""Detrend\""}, \""transformation_params\"": {\""0\"": {}, \""1\"": {\""model\"": \""Linear\"", \""phi\"": 1, \""window\"": 30, \""transform_dict\"": null}}}""}, ""e9ab0dee8ad32b476a4ab9bc6aed1fef"": {""Model"": ""RollingRegression"", ""ModelParameters"": ""{\""regression_model\"": {\""model\"": \""RANSAC\"", \""model_params\"": {}}, \""holiday\"": true, \""mean_rolling_periods\"": 12, \""macd_periods\"": 24, \""std_rolling_periods\"": 30, \""max_rolling_periods\"": 12, \""min_rolling_periods\"": null, \""ewm_var_alpha\"": null, \""quantile90_rolling_periods\"": null, \""quantile10_rolling_periods\"": null, \""ewm_alpha\"": 0.8, \""additional_lag_periods\"": 6, \""abs_energy\"": false, \""rolling_autocorr_periods\"": null, \""nonzero_last_n\"": null, \""add_date_part\"": null, \""polynomial_degree\"": null, \""x_transform\"": null, \""regression_type\"": null}"", ""TransformationParameters"": ""{\""fillna\"": \""ffill\"", \""transformations\"": {\""0\"": \""Scaler\"", \""1\"": \""Detrend\"", \""2\"": \""DatepartRegression\""}, \""transformation_params\"": {\""0\"": {}, \""1\"": {\""model\"": \""Linear\"", \""phi\"": 1, \""window\"": 30, \""transform_dict\"": null}, \""2\"": {\""regression_model\"": {\""model\"": \""ElasticNet\"", \""model_params\"": {\""l1_ratio\"": 0.5, \""fit_intercept\"": true, \""selection\"": \""cyclic\"", \""max_iter\"": 1000}}, \""datepart_method\"": \""common_fourier\"", \""polynomial_degree\"": null, \""transform_dict\"": null, \""holiday_countries_used\"": false, \""lags\"": null, \""forward_lags\"": null}}}""}}, ""point_method"": ""median"", ""model_weights"": {}}",{},1,2,9.548687295532897,0.6436491883432556,0.8145562774852266,0.6667779301606991,0.6436491883432556,0.0,-51.085509492925965,0.5300086590548531,64.77134440886003,0.5610972553390472,0.3037955481171609,0.8999999999999999,0.5055555555555555,2.689201565144905,0.9444444444444444,1.297945952949079,0.47675829911391077,2.619166783160783,1.2757530761281688,0.39696175312206233,6.842917457967038,6.898752157117336,12.903981248838514,0.011600083672257329,9.548687295532897,0.6436491883432556,0.8145562774852266,0.6667779301606991,0.6436491883432556,0.0,0.5300086590548531,0.5610972553390472,0.3037955481171609,2.689201565144905,0.9444444444444444,1.297945952949079,0.47675829911391077,2.619166783160783,1.2757530761281688,0.39696175312206233,6.842917457967038,6.898752157117336,12.903981248838514,0.011600083672257329,0.8999999999999999,0.5055555555555555,6.7587,17.1655460797694,12.274273215494782,Wh,12.274273215494782,Wh
327,767960fd8cdd3dfa83c887315621fec9,ARIMA,"{""p"": 0, ""d"": 0, ""q"": 1, ""regression_type"": null}","{""fillna"": ""KNNImputer"", ""transformations"": {""0"": ""Scaler"", ""1"": ""Detrend""}, ""transformation_params"": {""0"": {}, ""1"": {""model"": ""Linear"", ""phi"": 1, ""window"": 30, ""transform_dict"": null}}}",0,1,8.482303336565245,0.5166369013927916,0.652712166287979,0.5484773538369071,0.5166369013927916,0.0,-9.24348842008271,0.4031594035052452,37.253832705268536,0.5007619585444706,0.46691025330231595,0.9888888888888889,0.5222222222222223,2.2300863923697705,0.9666666666666667,1.2839969062355259,0.37318559722491296,1.9879067942109279,0.5491546300791358,0.00200763216221746,28.010344285185827,22.322201057469197,22.86778825029289,0.050752546719239,8.482303336565245,0.5166369013927916,0.652712166287979,0.5484773538369071,0.5166369013927916,0.0,0.4031594035052452,0.5007619585444706,0.46691025330231595,2.2300863923697705,0.9666666666666667,1.2839969062355259,0.37318559722491296,1.9879067942109279,0.5491546300791358,0.00200763216221746,28.010344285185827,22.322201057469197,22.86778825029289,0.050752546719239,0.9888888888888889,0.5222222222222223,0.0349,17.15350132713365,7.431518338251375,Wh,7.431518338251375,Wh
328,5c5fbde7a78503606b331e545c995cab,Ensemble,"{""model_name"": ""BestN"", ""model_count"": 3, ""model_metric"": ""bestn_horizontal"", ""models"": {""a8ddd1ef89834c17140b9aab182e2ad4"": {""Model"": ""RollingRegression"", ""ModelParameters"": ""{\""regression_model\"": {\""model\"": \""ExtraTrees\"", \""model_params\"": {\""n_estimators\"": 100, \""min_samples_leaf\"": 1, \""min_samples_split\"": 2, \""max_depth\"": null, \""criterion\"": \""squared_error\"", \""max_features\"": 1}}, \""holiday\"": true, \""mean_rolling_periods\"": 7, \""macd_periods\"": 46, \""std_rolling_periods\"": 7, \""max_rolling_periods\"": 12, \""min_rolling_periods\"": 2, \""ewm_var_alpha\"": null, \""quantile90_rolling_periods\"": null, \""quantile10_rolling_periods\"": null, \""ewm_alpha\"": null, \""additional_lag_periods\"": 90, \""abs_energy\"": false, \""rolling_autocorr_periods\"": null, \""nonzero_last_n\"": null, \""add_date_part\"": \""simple_2\"", \""polynomial_degree\"": null, \""x_transform\"": null, \""regression_type\"": null}"", ""TransformationParameters"": ""{\""fillna\"": \""ffill\"", \""transformations\"": {\""0\"": \""Scaler\"", \""1\"": \""Detrend\"", \""2\"": \""DatepartRegression\""}, \""transformation_params\"": {\""0\"": {}, \""1\"": {\""model\"": \""Linear\"", \""phi\"": 1, \""window\"": 30, \""transform_dict\"": null}, \""2\"": {\""regression_model\"": {\""model\"": \""ElasticNet\"", \""model_params\"": {\""l1_ratio\"": 0.5, \""fit_intercept\"": true, \""selection\"": \""cyclic\"", \""max_iter\"": 1000}}, \""datepart_method\"": \""common_fourier\"", \""polynomial_degree\"": null, \""transform_dict\"": null, \""holiday_countries_used\"": false, \""lags\"": null, \""forward_lags\"": null}}}""}, ""a6a1477ee2b31d009999314fa5df12a0"": {""Model"": ""ARIMA"", ""ModelParameters"": ""{\""p\"": 4, \""d\"": 0, \""q\"": 0, \""regression_type\"": \""Holiday\""}"", ""TransformationParameters"": ""{\""fillna\"": \""ffill\"", \""transformations\"": {\""0\"": \""Scaler\"", \""1\"": \""Detrend\"", \""2\"": \""DatepartRegression\""}, \""transformation_params\"": {\""0\"": {}, \""1\"": {\""model\"": \""Linear\"", \""phi\"": 1, \""window\"": 30, \""transform_dict\"": null}, \""2\"": {\""regression_model\"": {\""model\"": \""ElasticNet\"", \""model_params\"": {\""l1_ratio\"": 0.5, \""fit_intercept\"": true, \""selection\"": \""cyclic\"", \""max_iter\"": 1000}}, \""datepart_method\"": \""common_fourier\"", \""polynomial_degree\"": null, \""transform_dict\"": null, \""holiday_countries_used\"": false, \""lags\"": null, \""forward_lags\"": null}}}""}}, ""model_weights"": {""92d666001d3288989025051fecaf3542"": 3.0, ""a8ddd1ef89834c17140b9aab182e2ad4"": 2.0, ""a6a1477ee2b31d009999314fa5df12a0"": 1.0}, ""point_method"": ""mean""}",{},1,2,8.801949958855673,0.5919527572237223,0.781624996413139,0.5729062525583197,0.5919527572237223,0.0,-34.71933866102287,0.46244779401039804,71.83215763924716,0.5450553367370444,0.38070222073152243,0.9777777777777779,0.5277777777777778,3.7237135245535065,0.9444444444444444,1.2910686715410646,0.4252234256125125,2.3492840184739516,1.2022080675819937,0.113109669984484,18.55640948911214,8.35140354432673,23.06370330688566,0.02964164984872919,8.801949958855673,0.5919527572237223,0.781624996413139,0.5729062525583197,0.5919527572237223,0.0,0.46244779401039804,0.5450553367370444,0.38070222073152243,3.7237135245535065,0.9444444444444444,1.2910686715410646,0.4252234256125125,2.3492840184739516,1.2022080675819937,0.113109669984484,18.55640948911214,8.35140354432673,23.06370330688566,0.02964164984872919,0.9777777777777779,0.5277777777777778,13.62705,17.150554405479888,10.8343969803467,Wh,10.8343969803467,Wh
329,90c5234dc51b071fdf85bb12cb2b7016,Ensemble,"{""model_name"": ""BestN"", ""model_count"": 5, ""model_metric"": ""bestn_horizontal"", ""models"": {""5dff957b601bedf73b6f35d824a711b5"": {""Model"": ""Ensemble"", ""ModelParameters"": ""{\""model_name\"": \""BestN\"", \""model_count\"": 5, \""model_metric\"": \""mixed_metric\"", \""models\"": {\""860cd5b05944ecb82d3157f8432afabb\"": {\""Model\"": \""WindowRegression\"", \""ModelParameters\"": \""{\\\""window_size\\\"": 10, \\\""input_dim\\\"": \\\""univariate\\\"", \\\""output_dim\\\"": \\\""1step\\\"", \\\""normalize_window\\\"": false, \\\""max_windows\\\"": 5000000, \\\""fourier_encoding_components\\\"": null, \\\""scale\\\"": true, \\\""datepart_method\\\"": null, \\\""regression_type\\\"": null, \\\""regression_model\\\"": {\\\""model\\\"": \\\""SVM\\\"", \\\""model_params\\\"": {\\\""C\\\"": 0.1, \\\""tol\\\"": 0.001, \\\""epsilon\\\"": 0.0, \\\""loss\\\"": \\\""squared_epsilon_insensitive\\\"", \\\""max_iter\\\"": 50}}}\"", \""TransformationParameters\"": \""{\\\""fillna\\\"": \\\""pchip\\\"", \\\""transformations\\\"": {\\\""0\\\"": \\\""Scaler\\\""}, \\\""transformation_params\\\"": {\\\""0\\\"": {}}}\""}, \""c0b1c7a0ef49e381d5aea93045d68ec6\"": {\""Model\"": \""WindowRegression\"", \""ModelParameters\"": \""{\\\""window_size\\\"": 10, \\\""input_dim\\\"": \\\""univariate\\\"", \\\""output_dim\\\"": \\\""1step\\\"", \\\""normalize_window\\\"": false, \\\""max_windows\\\"": 5000000, \\\""fourier_encoding_components\\\"": null, \\\""scale\\\"": true, \\\""datepart_method\\\"": null, \\\""regression_type\\\"": null, \\\""regression_model\\\"": {\\\""model\\\"": \\\""SVM\\\"", \\\""model_params\\\"": {\\\""C\\\"": 0.1, \\\""tol\\\"": 0.001, \\\""epsilon\\\"": 0.0, \\\""loss\\\"": \\\""squared_epsilon_insensitive\\\"", \\\""max_iter\\\"": 50}}}\"", \""TransformationParameters\"": \""{\\\""fillna\\\"": \\\""ffill\\\"", \\\""transformations\\\"": {\\\""0\\\"": \\\""DatepartRegression\\\"", \\\""1\\\"": \\\""DatepartRegression\\\"", \\\""2\\\"": \\\""MinMaxScaler\\\"", \\\""3\\\"": \\\""Scaler\\\""}, \\\""transformation_params\\\"": {\\\""0\\\"": {\\\""regression_model\\\"": {\\\""model\\\"": \\\""ElasticNet\\\"", \\\""model_params\\\"": {\\\""l1_ratio\\\"": 0.5, \\\""fit_intercept\\\"": true, \\\""selection\\\"": \\\""cyclic\\\"", \\\""max_iter\\\"": 1000}}, \\\""datepart_method\\\"": \\\""anchored_segment_fourier:us_school\\\"", \\\""polynomial_degree\\\"": null, \\\""transform_dict\\\"": null, \\\""holiday_countries_used\\\"": false, \\\""lags\\\"": null, \\\""forward_lags\\\"": null}, \\\""1\\\"": {\\\""regression_model\\\"": {\\\""model\\\"": \\\""ElasticNet\\\"", \\\""model_params\\\"": {\\\""l1_ratio\\\"": 0.9, \\\""fit_intercept\\\"": true, \\\""selection\\\"": \\\""cyclic\\\"", \\\""max_iter\\\"": 200}}, \\\""datepart_method\\\"": \\\""common_fourier\\\"", \\\""polynomial_degree\\\"": null, \\\""transform_dict\\\"": null, \\\""holiday_countries_used\\\"": false, \\\""lags\\\"": null, \\\""forward_lags\\\"": 2}, \\\""2\\\"": {}, \\\""3\\\"": {}}}\""}, \""b56ba147e1633d9995afee23f1bd58c7\"": {\""Model\"": \""WindowRegression\"", \""ModelParameters\"": \""{\\\""window_size\\\"": 20, \\\""input_dim\\\"": \\\""univariate\\\"", \\\""output_dim\\\"": \\\""1step\\\"", \\\""normalize_window\\\"": false, \\\""max_windows\\\"": 5000000, \\\""fourier_encoding_components\\\"": null, \\\""scale\\\"": false, \\\""datepart_method\\\"": null, \\\""regression_type\\\"": null, \\\""regression_model\\\"": {\\\""model\\\"": \\\""xgboost\\\"", \\\""model_params\\\"": {\\\""booster\\\"": \\\""gbtree\\\"", \\\""objective\\\"": \\\""reg:squarederror\\\"", \\\""max_depth\\\"": 6, \\\""eta\\\"": 0.003, \\\""min_child_weight\\\"": 0.5, \\\""subsample\\\"": 1, \\\""colsample_bylevel\\\"": 0.9, \\\""reg_alpha\\\"": 0, \\\""reg_lambda\\\"": 1, \\\""n_estimators\\\"": 7, \\\""multi_strategy\\\"": \\\""multi_output_tree\\\"", \\\""tree_method\\\"": \\\""hist\\\""}}}\"", \""TransformationParameters\"": \""{\\\""fillna\\\"": \\\""ffill\\\"", \\\""transformations\\\"": {\\\""0\\\"": \\\""Scaler\\\"", \\\""1\\\"": \\\""Detrend\\\"", \\\""2\\\"": \\\""MinMaxScaler\\\""}, \\\""transformation_params\\\"": {\\\""0\\\"": {}, \\\""1\\\"": {\\\""model\\\"": \\\""Linear\\\"", \\\""phi\\\"": 1, \\\""window\\\"": 30, \\\""transform_dict\\\"": null}, \\\""2\\\"": {}}}\""}, \""7d046fbef1e1594270dc26a3315f53d9\"": {\""Model\"": \""WindowRegression\"", \""ModelParameters\"": \""{\\\""window_size\\\"": 10, \\\""input_dim\\\"": \\\""univariate\\\"", \\\""output_dim\\\"": \\\""1step\\\"", \\\""normalize_window\\\"": false, \\\""max_windows\\\"": 5000000, \\\""fourier_encoding_components\\\"": null, \\\""scale\\\"": true, \\\""datepart_method\\\"": null, \\\""regression_type\\\"": null, \\\""regression_model\\\"": {\\\""model\\\"": \\\""SVM\\\"", \\\""model_params\\\"": {\\\""C\\\"": 0.1, \\\""tol\\\"": 0.001, \\\""epsilon\\\"": 0.0, \\\""loss\\\"": \\\""squared_epsilon_insensitive\\\"", \\\""max_iter\\\"": 50}}}\"", \""TransformationParameters\"": \""{\\\""fillna\\\"": \\\""ffill\\\"", \\\""transformations\\\"": {\\\""0\\\"": \\\""Scaler\\\"", \\\""1\\\"": \\\""Detrend\\\""}, \\\""transformation_params\\\"": {\\\""0\\\"": {}, \\\""1\\\"": {\\\""model\\\"": \\\""Linear\\\"", \\\""phi\\\"": 1, \\\""window\\\"": 30, \\\""transform_dict\\\"": null}}}\""}, \""e9ab0dee8ad32b476a4ab9bc6aed1fef\"": {\""Model\"": \""RollingRegression\"", \""ModelParameters\"": \""{\\\""regression_model\\\"": {\\\""model\\\"": \\\""RANSAC\\\"", \\\""model_params\\\"": {}}, \\\""holiday\\\"": true, \\\""mean_rolling_periods\\\"": 12, \\\""macd_periods\\\"": 24, \\\""std_rolling_periods\\\"": 30, \\\""max_rolling_periods\\\"": 12, \\\""min_rolling_periods\\\"": null, \\\""ewm_var_alpha\\\"": null, \\\""quantile90_rolling_periods\\\"": null, \\\""quantile10_rolling_periods\\\"": null, \\\""ewm_alpha\\\"": 0.8, \\\""additional_lag_periods\\\"": 6, \\\""abs_energy\\\"": false, \\\""rolling_autocorr_periods\\\"": null, \\\""nonzero_last_n\\\"": null, \\\""add_date_part\\\"": null, \\\""polynomial_degree\\\"": null, \\\""x_transform\\\"": null, \\\""regression_type\\\"": null}\"", \""TransformationParameters\"": \""{\\\""fillna\\\"": \\\""ffill\\\"", \\\""transformations\\\"": {\\\""0\\\"": \\\""Scaler\\\"", \\\""1\\\"": \\\""Detrend\\\"", \\\""2\\\"": \\\""DatepartRegression\\\""}, \\\""transformation_params\\\"": {\\\""0\\\"": {}, \\\""1\\\"": {\\\""model\\\"": \\\""Linear\\\"", \\\""phi\\\"": 1, \\\""window\\\"": 30, \\\""transform_dict\\\"": null}, \\\""2\\\"": {\\\""regression_model\\\"": {\\\""model\\\"": \\\""ElasticNet\\\"", \\\""model_params\\\"": {\\\""l1_ratio\\\"": 0.5, \\\""fit_intercept\\\"": true, \\\""selection\\\"": \\\""cyclic\\\"", \\\""max_iter\\\"": 1000}}, \\\""datepart_method\\\"": \\\""common_fourier\\\"", \\\""polynomial_degree\\\"": null, \\\""transform_dict\\\"": null, \\\""holiday_countries_used\\\"": false, \\\""lags\\\"": null, \\\""forward_lags\\\"": null}}}\""}}, \""point_method\"": \""median\"", \""model_weights\"": {}}"", ""TransformationParameters"": ""{}""}}, ""point_method"": ""median"", ""model_weights"": {}}","{""fillna"": ""zero"", ""transformations"": {""0"": ""AnomalyRemoval"", ""1"": ""EWMAFilter"", ""2"": ""AlignLastValue""}, ""transformation_params"": {""0"": {""method"": ""med_diff"", ""method_params"": {""distribution"": ""norm"", ""alpha"": 0.05}, ""fillna"": ""rolling_mean_24"", ""transform_dict"": {""fillna"": null, ""transformations"": {""0"": ""EWMAFilter""}, ""transformation_params"": {""0"": {""span"": 7}}}, ""isolated_only"": false, ""on_inverse"": false}, ""1"": {""span"": 7}, ""2"": {""rows"": 1, ""lag"": 1, ""method"": ""multiplicative"", ""strength"": 1.0, ""first_value_only"": false, ""threshold"": 1, ""threshold_method"": ""max""}}}",1,2,9.521616015151112,0.6431835619871966,0.8175157968736178,0.6693490296507927,0.6431835619871966,0.0,-49.093829023763575,0.5226646320814304,66.67921213393184,0.5658190021393286,0.30202625413819933,0.8999999999999999,0.5055555555555555,2.787776989057316,0.9444444444444444,1.3004294269844214,0.4786304545581278,2.6708372884084453,1.3967834740833167,0.3999052236347478,8.792691555084133,5.745697949742921,12.713391686746773,0.013868707359776038,9.521616015151112,0.6431835619871966,0.8175157968736178,0.6693490296507927,0.6431835619871966,0.0,0.5226646320814304,0.5658190021393286,0.30202625413819933,2.787776989057316,0.9444444444444444,1.3004294269844214,0.4786304545581278,2.6708372884084453,1.3967834740833167,0.3999052236347478,8.792691555084133,5.745697949742921,12.713391686746773,0.013868707359776038,0.8999999999999999,0.5055555555555555,32.0157,17.132015631438456,12.343041563924903,Wh,12.343041563924903,Wh
330,9f316afd34162ae2e5cfcdc6df372cf7,Ensemble,"{""model_name"": ""BestN"", ""model_count"": 5, ""model_metric"": ""mixed_metric"", ""models"": {""860cd5b05944ecb82d3157f8432afabb"": {""Model"": ""WindowRegression"", ""ModelParameters"": ""{\""window_size\"": 10, \""input_dim\"": \""univariate\"", \""output_dim\"": \""1step\"", \""normalize_window\"": false, \""max_windows\"": 5000000, \""fourier_encoding_components\"": null, \""scale\"": true, \""datepart_method\"": null, \""regression_type\"": null, \""regression_model\"": {\""model\"": \""SVM\"", \""model_params\"": {\""C\"": 0.1, \""tol\"": 0.001, \""epsilon\"": 0.0, \""loss\"": \""squared_epsilon_insensitive\"", \""max_iter\"": 50}}}"", ""TransformationParameters"": ""{\""fillna\"": \""pchip\"", \""transformations\"": {\""0\"": \""Scaler\""}, \""transformation_params\"": {\""0\"": {}}}""}, ""c0b1c7a0ef49e381d5aea93045d68ec6"": {""Model"": ""WindowRegression"", ""ModelParameters"": ""{\""window_size\"": 10, \""input_dim\"": \""univariate\"", \""output_dim\"": \""1step\"", \""normalize_window\"": false, \""max_windows\"": 5000000, \""fourier_encoding_components\"": null, \""scale\"": true, \""datepart_method\"": null, \""regression_type\"": null, \""regression_model\"": {\""model\"": \""SVM\"", \""model_params\"": {\""C\"": 0.1, \""tol\"": 0.001, \""epsilon\"": 0.0, \""loss\"": \""squared_epsilon_insensitive\"", \""max_iter\"": 50}}}"", ""TransformationParameters"": ""{\""fillna\"": \""ffill\"", \""transformations\"": {\""0\"": \""DatepartRegression\"", \""1\"": \""DatepartRegression\"", \""2\"": \""MinMaxScaler\"", \""3\"": \""Scaler\""}, \""transformation_params\"": {\""0\"": {\""regression_model\"": {\""model\"": \""ElasticNet\"", \""model_params\"": {\""l1_ratio\"": 0.5, \""fit_intercept\"": true, \""selection\"": \""cyclic\"", \""max_iter\"": 1000}}, \""datepart_method\"": \""anchored_segment_fourier:us_school\"", \""polynomial_degree\"": null, \""transform_dict\"": null, \""holiday_countries_used\"": false, \""lags\"": null, \""forward_lags\"": null}, \""1\"": {\""regression_model\"": {\""model\"": \""ElasticNet\"", \""model_params\"": {\""l1_ratio\"": 0.9, \""fit_intercept\"": true, \""selection\"": \""cyclic\"", \""max_iter\"": 200}}, \""datepart_method\"": \""common_fourier\"", \""polynomial_degree\"": null, \""transform_dict\"": null, \""holiday_countries_used\"": false, \""lags\"": null, \""forward_lags\"": 2}, \""2\"": {}, \""3\"": {}}}""}, ""b56ba147e1633d9995afee23f1bd58c7"": {""Model"": ""WindowRegression"", ""ModelParameters"": ""{\""window_size\"": 20, \""input_dim\"": \""univariate\"", \""output_dim\"": \""1step\"", \""normalize_window\"": false, \""max_windows\"": 5000000, \""fourier_encoding_components\"": null, \""scale\"": false, \""datepart_method\"": null, \""regression_type\"": null, \""regression_model\"": {\""model\"": \""xgboost\"", \""model_params\"": {\""booster\"": \""gbtree\"", \""objective\"": \""reg:squarederror\"", \""max_depth\"": 6, \""eta\"": 0.003, \""min_child_weight\"": 0.5, \""subsample\"": 1, \""colsample_bylevel\"": 0.9, \""reg_alpha\"": 0, \""reg_lambda\"": 1, \""n_estimators\"": 7, \""multi_strategy\"": \""multi_output_tree\"", \""tree_method\"": \""hist\""}}}"", ""TransformationParameters"": ""{\""fillna\"": \""ffill\"", \""transformations\"": {\""0\"": \""Scaler\"", \""1\"": \""Detrend\"", \""2\"": \""MinMaxScaler\""}, \""transformation_params\"": {\""0\"": {}, \""1\"": {\""model\"": \""Linear\"", \""phi\"": 1, \""window\"": 30, \""transform_dict\"": null}, \""2\"": {}}}""}, ""7d046fbef1e1594270dc26a3315f53d9"": {""Model"": ""WindowRegression"", ""ModelParameters"": ""{\""window_size\"": 10, \""input_dim\"": \""univariate\"", \""output_dim\"": \""1step\"", \""normalize_window\"": false, \""max_windows\"": 5000000, \""fourier_encoding_components\"": null, \""scale\"": true, \""datepart_method\"": null, \""regression_type\"": null, \""regression_model\"": {\""model\"": \""SVM\"", \""model_params\"": {\""C\"": 0.1, \""tol\"": 0.001, \""epsilon\"": 0.0, \""loss\"": \""squared_epsilon_insensitive\"", \""max_iter\"": 50}}}"", ""TransformationParameters"": ""{\""fillna\"": \""ffill\"", \""transformations\"": {\""0\"": \""Scaler\"", \""1\"": \""Detrend\""}, \""transformation_params\"": {\""0\"": {}, \""1\"": {\""model\"": \""Linear\"", \""phi\"": 1, \""window\"": 30, \""transform_dict\"": null}}}""}, ""e9ab0dee8ad32b476a4ab9bc6aed1fef"": {""Model"": ""RollingRegression"", ""ModelParameters"": ""{\""regression_model\"": {\""model\"": \""RANSAC\"", \""model_params\"": {}}, \""holiday\"": true, \""mean_rolling_periods\"": 12, \""macd_periods\"": 24, \""std_rolling_periods\"": 30, \""max_rolling_periods\"": 12, \""min_rolling_periods\"": null, \""ewm_var_alpha\"": null, \""quantile90_rolling_periods\"": null, \""quantile10_rolling_periods\"": null, \""ewm_alpha\"": 0.8, \""additional_lag_periods\"": 6, \""abs_energy\"": false, \""rolling_autocorr_periods\"": null, \""nonzero_last_n\"": null, \""add_date_part\"": null, \""polynomial_degree\"": null, \""x_transform\"": null, \""regression_type\"": null}"", ""TransformationParameters"": ""{\""fillna\"": \""ffill\"", \""transformations\"": {\""0\"": \""Scaler\"", \""1\"": \""Detrend\"", \""2\"": \""DatepartRegression\""}, \""transformation_params\"": {\""0\"": {}, \""1\"": {\""model\"": \""Linear\"", \""phi\"": 1, \""window\"": 30, \""transform_dict\"": null}, \""2\"": {\""regression_model\"": {\""model\"": \""ElasticNet\"", \""model_params\"": {\""l1_ratio\"": 0.5, \""fit_intercept\"": true, \""selection\"": \""cyclic\"", \""max_iter\"": 1000}}, \""datepart_method\"": \""common_fourier\"", \""polynomial_degree\"": null, \""transform_dict\"": null, \""holiday_countries_used\"": false, \""lags\"": null, \""forward_lags\"": null}}}""}}, ""point_method"": ""median"", ""model_weights"": {}}","{""fillna"": ""zero"", ""transformations"": {""0"": ""AnomalyRemoval"", ""1"": ""EWMAFilter"", ""2"": ""AlignLastValue""}, ""transformation_params"": {""0"": {""method"": ""med_diff"", ""method_params"": {""distribution"": ""norm"", ""alpha"": 0.05}, ""fillna"": ""rolling_mean_24"", ""transform_dict"": {""fillna"": null, ""transformations"": {""0"": ""EWMAFilter""}, ""transformation_params"": {""0"": {""span"": 7}}}, ""isolated_only"": false, ""on_inverse"": false}, ""1"": {""span"": 7}, ""2"": {""rows"": 1, ""lag"": 1, ""method"": ""multiplicative"", ""strength"": 1.0, ""first_value_only"": false, ""threshold"": 1, ""threshold_method"": ""max""}}}",1,2,9.521616015151112,0.6431835619871966,0.8175157968736178,0.6693490296507927,0.6431835619871966,0.0,-49.093829023763575,0.5226646320814304,66.67921213393184,0.5658190021393286,0.30202625413819933,0.8999999999999999,0.5055555555555555,2.787776989057316,0.9444444444444444,1.3004294269844214,0.4786304545581278,2.6708372884084453,1.3967834740833167,0.3999052236347478,8.792691555084133,5.745697949742921,12.713391686746773,0.013868707359776038,9.521616015151112,0.6431835619871966,0.8175157968736178,0.6693490296507927,0.6431835619871966,0.0,0.5226646320814304,0.5658190021393286,0.30202625413819933,2.787776989057316,0.9444444444444444,1.3004294269844214,0.4786304545581278,2.6708372884084453,1.3967834740833167,0.3999052236347478,8.792691555084133,5.745697949742921,12.713391686746773,0.013868707359776038,0.8999999999999999,0.5055555555555555,6.9085,17.12753316827066,12.343041563924903,Wh,12.343041563924903,Wh
331,6332aee76f8c0f6f4b3155601bd8487c,ARIMA,"{""p"": 4, ""d"": 0, ""q"": 1, ""regression_type"": null}","{""fillna"": ""rolling_mean"", ""transformations"": {""0"": ""Scaler"", ""1"": ""MinMaxScaler"", ""2"": ""DatepartRegression""}, ""transformation_params"": {""0"": {}, ""1"": {}, ""2"": {""regression_model"": {""model"": ""ElasticNet"", ""model_params"": {""l1_ratio"": 0.5, ""fit_intercept"": true, ""selection"": ""cyclic"", ""max_iter"": 1000}}, ""datepart_method"": ""simple_poly"", ""polynomial_degree"": null, ""transform_dict"": {""fillna"": null, ""transformations"": {""0"": ""bkfilter""}, ""transformation_params"": {""0"": {}}}, ""holiday_countries_used"": false, ""lags"": 3, ""forward_lags"": null}}}",0,1,8.503940853399417,0.514841073133758,0.6438122543091737,0.634950388989254,0.514841073133758,0.0,-15.419949200351292,0.4213663130902186,30.915747381686927,0.48072093481676403,0.46488833298400756,0.9888888888888889,0.4888888888888889,2.2146023812985014,0.9666666666666667,1.2825776276001322,0.3873013703332338,2.150501624224457,0.667337599979235,0.2859299352287199,15.495798181335637,14.100407591943583,11.933735990771662,0.028077170817428176,8.503940853399417,0.514841073133758,0.6438122543091737,0.634950388989254,0.514841073133758,0.0,0.4213663130902186,0.48072093481676403,0.46488833298400756,2.2146023812985014,0.9666666666666667,1.2825776276001322,0.3873013703332338,2.150501624224457,0.667337599979235,0.2859299352287199,15.495798181335637,14.100407591943583,11.933735990771662,0.028077170817428176,0.9888888888888889,0.4888888888888889,0.3311,17.07239293262295,7.405686403669505,Wh,7.405686403669505,Wh
332,bb0dff470652394ff7e46d87205fdb6d,Ensemble,"{""model_name"": ""BestN"", ""model_count"": 5, ""model_metric"": ""bestn_horizontal"", ""models"": {""5dff957b601bedf73b6f35d824a711b5"": {""Model"": ""Ensemble"", ""ModelParameters"": ""{\""model_name\"": \""BestN\"", \""model_count\"": 5, \""model_metric\"": \""mixed_metric\"", \""models\"": {\""860cd5b05944ecb82d3157f8432afabb\"": {\""Model\"": \""WindowRegression\"", \""ModelParameters\"": \""{\\\""window_size\\\"": 10, \\\""input_dim\\\"": \\\""univariate\\\"", \\\""output_dim\\\"": \\\""1step\\\"", \\\""normalize_window\\\"": false, \\\""max_windows\\\"": 5000000, \\\""fourier_encoding_components\\\"": null, \\\""scale\\\"": true, \\\""datepart_method\\\"": null, \\\""regression_type\\\"": null, \\\""regression_model\\\"": {\\\""model\\\"": \\\""SVM\\\"", \\\""model_params\\\"": {\\\""C\\\"": 0.1, \\\""tol\\\"": 0.001, \\\""epsilon\\\"": 0.0, \\\""loss\\\"": \\\""squared_epsilon_insensitive\\\"", \\\""max_iter\\\"": 50}}}\"", \""TransformationParameters\"": \""{\\\""fillna\\\"": \\\""pchip\\\"", \\\""transformations\\\"": {\\\""0\\\"": \\\""Scaler\\\""}, \\\""transformation_params\\\"": {\\\""0\\\"": {}}}\""}, \""c0b1c7a0ef49e381d5aea93045d68ec6\"": {\""Model\"": \""WindowRegression\"", \""ModelParameters\"": \""{\\\""window_size\\\"": 10, \\\""input_dim\\\"": \\\""univariate\\\"", \\\""output_dim\\\"": \\\""1step\\\"", \\\""normalize_window\\\"": false, \\\""max_windows\\\"": 5000000, \\\""fourier_encoding_components\\\"": null, \\\""scale\\\"": true, \\\""datepart_method\\\"": null, \\\""regression_type\\\"": null, \\\""regression_model\\\"": {\\\""model\\\"": \\\""SVM\\\"", \\\""model_params\\\"": {\\\""C\\\"": 0.1, \\\""tol\\\"": 0.001, \\\""epsilon\\\"": 0.0, \\\""loss\\\"": \\\""squared_epsilon_insensitive\\\"", \\\""max_iter\\\"": 50}}}\"", \""TransformationParameters\"": \""{\\\""fillna\\\"": \\\""ffill\\\"", \\\""transformations\\\"": {\\\""0\\\"": \\\""DatepartRegression\\\"", \\\""1\\\"": \\\""DatepartRegression\\\"", \\\""2\\\"": \\\""MinMaxScaler\\\"", \\\""3\\\"": \\\""Scaler\\\""}, \\\""transformation_params\\\"": {\\\""0\\\"": {\\\""regression_model\\\"": {\\\""model\\\"": \\\""ElasticNet\\\"", \\\""model_params\\\"": {\\\""l1_ratio\\\"": 0.5, \\\""fit_intercept\\\"": true, \\\""selection\\\"": \\\""cyclic\\\"", \\\""max_iter\\\"": 1000}}, \\\""datepart_method\\\"": \\\""anchored_segment_fourier:us_school\\\"", \\\""polynomial_degree\\\"": null, \\\""transform_dict\\\"": null, \\\""holiday_countries_used\\\"": false, \\\""lags\\\"": null, \\\""forward_lags\\\"": null}, \\\""1\\\"": {\\\""regression_model\\\"": {\\\""model\\\"": \\\""ElasticNet\\\"", \\\""model_params\\\"": {\\\""l1_ratio\\\"": 0.9, \\\""fit_intercept\\\"": true, \\\""selection\\\"": \\\""cyclic\\\"", \\\""max_iter\\\"": 200}}, \\\""datepart_method\\\"": \\\""common_fourier\\\"", \\\""polynomial_degree\\\"": null, \\\""transform_dict\\\"": null, \\\""holiday_countries_used\\\"": false, \\\""lags\\\"": null, \\\""forward_lags\\\"": 2}, \\\""2\\\"": {}, \\\""3\\\"": {}}}\""}, \""b56ba147e1633d9995afee23f1bd58c7\"": {\""Model\"": \""WindowRegression\"", \""ModelParameters\"": \""{\\\""window_size\\\"": 20, \\\""input_dim\\\"": \\\""univariate\\\"", \\\""output_dim\\\"": \\\""1step\\\"", \\\""normalize_window\\\"": false, \\\""max_windows\\\"": 5000000, \\\""fourier_encoding_components\\\"": null, \\\""scale\\\"": false, \\\""datepart_method\\\"": null, \\\""regression_type\\\"": null, \\\""regression_model\\\"": {\\\""model\\\"": \\\""xgboost\\\"", \\\""model_params\\\"": {\\\""booster\\\"": \\\""gbtree\\\"", \\\""objective\\\"": \\\""reg:squarederror\\\"", \\\""max_depth\\\"": 6, \\\""eta\\\"": 0.003, \\\""min_child_weight\\\"": 0.5, \\\""subsample\\\"": 1, \\\""colsample_bylevel\\\"": 0.9, \\\""reg_alpha\\\"": 0, \\\""reg_lambda\\\"": 1, \\\""n_estimators\\\"": 7, \\\""multi_strategy\\\"": \\\""multi_output_tree\\\"", \\\""tree_method\\\"": \\\""hist\\\""}}}\"", \""TransformationParameters\"": \""{\\\""fillna\\\"": \\\""ffill\\\"", \\\""transformations\\\"": {\\\""0\\\"": \\\""Scaler\\\"", \\\""1\\\"": \\\""Detrend\\\"", \\\""2\\\"": \\\""MinMaxScaler\\\""}, \\\""transformation_params\\\"": {\\\""0\\\"": {}, \\\""1\\\"": {\\\""model\\\"": \\\""Linear\\\"", \\\""phi\\\"": 1, \\\""window\\\"": 30, \\\""transform_dict\\\"": null}, \\\""2\\\"": {}}}\""}, \""7d046fbef1e1594270dc26a3315f53d9\"": {\""Model\"": \""WindowRegression\"", \""ModelParameters\"": \""{\\\""window_size\\\"": 10, \\\""input_dim\\\"": \\\""univariate\\\"", \\\""output_dim\\\"": \\\""1step\\\"", \\\""normalize_window\\\"": false, \\\""max_windows\\\"": 5000000, \\\""fourier_encoding_components\\\"": null, \\\""scale\\\"": true, \\\""datepart_method\\\"": null, \\\""regression_type\\\"": null, \\\""regression_model\\\"": {\\\""model\\\"": \\\""SVM\\\"", \\\""model_params\\\"": {\\\""C\\\"": 0.1, \\\""tol\\\"": 0.001, \\\""epsilon\\\"": 0.0, \\\""loss\\\"": \\\""squared_epsilon_insensitive\\\"", \\\""max_iter\\\"": 50}}}\"", \""TransformationParameters\"": \""{\\\""fillna\\\"": \\\""ffill\\\"", \\\""transformations\\\"": {\\\""0\\\"": \\\""Scaler\\\"", \\\""1\\\"": \\\""Detrend\\\""}, \\\""transformation_params\\\"": {\\\""0\\\"": {}, \\\""1\\\"": {\\\""model\\\"": \\\""Linear\\\"", \\\""phi\\\"": 1, \\\""window\\\"": 30, \\\""transform_dict\\\"": null}}}\""}, \""e9ab0dee8ad32b476a4ab9bc6aed1fef\"": {\""Model\"": \""RollingRegression\"", \""ModelParameters\"": \""{\\\""regression_model\\\"": {\\\""model\\\"": \\\""RANSAC\\\"", \\\""model_params\\\"": {}}, \\\""holiday\\\"": true, \\\""mean_rolling_periods\\\"": 12, \\\""macd_periods\\\"": 24, \\\""std_rolling_periods\\\"": 30, \\\""max_rolling_periods\\\"": 12, \\\""min_rolling_periods\\\"": null, \\\""ewm_var_alpha\\\"": null, \\\""quantile90_rolling_periods\\\"": null, \\\""quantile10_rolling_periods\\\"": null, \\\""ewm_alpha\\\"": 0.8, \\\""additional_lag_periods\\\"": 6, \\\""abs_energy\\\"": false, \\\""rolling_autocorr_periods\\\"": null, \\\""nonzero_last_n\\\"": null, \\\""add_date_part\\\"": null, \\\""polynomial_degree\\\"": null, \\\""x_transform\\\"": null, \\\""regression_type\\\"": null}\"", \""TransformationParameters\"": \""{\\\""fillna\\\"": \\\""ffill\\\"", \\\""transformations\\\"": {\\\""0\\\"": \\\""Scaler\\\"", \\\""1\\\"": \\\""Detrend\\\"", \\\""2\\\"": \\\""DatepartRegression\\\""}, \\\""transformation_params\\\"": {\\\""0\\\"": {}, \\\""1\\\"": {\\\""model\\\"": \\\""Linear\\\"", \\\""phi\\\"": 1, \\\""window\\\"": 30, \\\""transform_dict\\\"": null}, \\\""2\\\"": {\\\""regression_model\\\"": {\\\""model\\\"": \\\""ElasticNet\\\"", \\\""model_params\\\"": {\\\""l1_ratio\\\"": 0.5, \\\""fit_intercept\\\"": true, \\\""selection\\\"": \\\""cyclic\\\"", \\\""max_iter\\\"": 1000}}, \\\""datepart_method\\\"": \\\""common_fourier\\\"", \\\""polynomial_degree\\\"": null, \\\""transform_dict\\\"": null, \\\""holiday_countries_used\\\"": false, \\\""lags\\\"": null, \\\""forward_lags\\\"": null}}}\""}}, \""point_method\"": \""median\"", \""model_weights\"": {}}"", ""TransformationParameters"": ""{}""}}, ""point_method"": ""median"", ""model_weights"": {}}","{""fillna"": ""fake_date"", ""transformations"": {""0"": ""AlignLastValue"", ""1"": ""AlignLastValue""}, ""transformation_params"": {""0"": {""rows"": 1, ""lag"": 1, ""method"": ""multiplicative"", ""strength"": 1.0, ""first_value_only"": false, ""threshold"": null, ""threshold_method"": ""mean""}, ""1"": {""rows"": 1, ""lag"": 1, ""method"": ""multiplicative"", ""strength"": 1.0, ""first_value_only"": true, ""threshold"": 10, ""threshold_method"": ""max""}}}",1,2,9.46099730183679,0.6371101925229271,0.8097615197557444,0.6657361569608545,0.6371101925229271,0.0,-51.292563628288676,0.5263322346391002,63.3872710258382,0.5543317590671217,0.30359152988374805,0.8999999999999999,0.5,2.689201565144905,0.9388888888888889,1.2974934772711202,0.4690147514319428,2.6126277873404544,0.6693788204377787,0.407471422882576,6.047353698774769,7.361403278821599,12.89882202686407,0.010418975319521951,9.46099730183679,0.6371101925229271,0.8097615197557444,0.6657361569608545,0.6371101925229271,0.0,0.5263322346391002,0.5543317590671217,0.30359152988374805,2.689201565144905,0.9388888888888889,1.2974934772711202,0.4690147514319428,2.6126277873404544,0.6693788204377787,0.407471422882576,6.047353698774769,7.361403278821599,12.89882202686407,0.010418975319521951,0.8999999999999999,0.5,31.88505,17.053878030603812,12.109689428420056,Wh,12.109689428420056,Wh
333,dd1ef825c82dfd3803103b125c465e4b,Ensemble,"{""model_name"": ""BestN"", ""model_count"": 3, ""model_metric"": ""best_score"", ""models"": {}, ""model_weights"": {}, ""point_method"": ""mean""}","{""fillna"": ""fake_date"", ""transformations"": {""0"": ""AlignLastValue"", ""1"": ""AlignLastValue""}, ""transformation_params"": {""0"": {""rows"": 1, ""lag"": 1, ""method"": ""multiplicative"", ""strength"": 1.0, ""first_value_only"": false, ""threshold"": null, ""threshold_method"": ""mean""}, ""1"": {""rows"": 1, ""lag"": 1, ""method"": ""multiplicative"", ""strength"": 1.0, ""first_value_only"": true, ""threshold"": 10, ""threshold_method"": ""max""}}}",1,2,9.46099730183679,0.6371101925229271,0.8097615197557444,0.6657361569608545,0.6371101925229271,0.0,-51.292563628288676,0.5263322346391002,63.3872710258382,0.5543317590671217,0.30359152988374805,0.8999999999999999,0.5,2.689201565144905,0.9388888888888889,1.2974934772711202,0.4690147514319428,2.6126277873404544,0.6693788204377787,0.407471422882576,6.047353698774769,7.361403278821599,12.89882202686407,0.010418975319521951,9.46099730183679,0.6371101925229271,0.8097615197557444,0.6657361569608545,0.6371101925229271,0.0,0.5263322346391002,0.5543317590671217,0.30359152988374805,2.689201565144905,0.9388888888888889,1.2974934772711202,0.4690147514319428,2.6126277873404544,0.6693788204377787,0.407471422882576,6.047353698774769,7.361403278821599,12.89882202686407,0.010418975319521951,0.8999999999999999,0.5,19.2091,17.05161495551014,12.109689428420056,Wh,12.109689428420056,Wh
334,6739baa35d2093c5ef8e6a6bf9b447d1,Ensemble,"{""model_name"": ""BestN"", ""model_count"": 3, ""model_metric"": ""best_score"", ""models"": {}, ""model_weights"": {}, ""point_method"": ""mean""}",{},1,2,9.46099730183679,0.6371101925229271,0.8097615197557444,0.6657361569608545,0.6371101925229271,0.0,-51.292563628288676,0.5263322346391002,63.3872710258382,0.5543317590671217,0.30359152988374805,0.8999999999999999,0.5,2.689201565144905,0.9388888888888889,1.2974934772711202,0.4690147514319428,2.6126277873404544,0.6693788204377787,0.407471422882576,6.047353698774769,7.361403278821599,12.89882202686407,0.010418975319521951,9.46099730183679,0.6371101925229271,0.8097615197557444,0.6657361569608545,0.6371101925229271,0.0,0.5263322346391002,0.5543317590671217,0.30359152988374805,2.689201565144905,0.9388888888888889,1.2974934772711202,0.4690147514319428,2.6126277873404544,0.6693788204377787,0.407471422882576,6.047353698774769,7.361403278821599,12.89882202686407,0.010418975319521951,0.8999999999999999,0.5,19.195,17.05161243819516,12.109689428420056,Wh,12.109689428420056,Wh
335,cc8cb619dbc1006fcc84292e50e371c8,Ensemble,"{""model_name"": ""BestN"", ""model_count"": 5, ""model_metric"": ""mixed_metric"", ""models"": {""860cd5b05944ecb82d3157f8432afabb"": {""Model"": ""WindowRegression"", ""ModelParameters"": ""{\""window_size\"": 10, \""input_dim\"": \""univariate\"", \""output_dim\"": \""1step\"", \""normalize_window\"": false, \""max_windows\"": 5000000, \""fourier_encoding_components\"": null, \""scale\"": true, \""datepart_method\"": null, \""regression_type\"": null, \""regression_model\"": {\""model\"": \""SVM\"", \""model_params\"": {\""C\"": 0.1, \""tol\"": 0.001, \""epsilon\"": 0.0, \""loss\"": \""squared_epsilon_insensitive\"", \""max_iter\"": 50}}}"", ""TransformationParameters"": ""{\""fillna\"": \""pchip\"", \""transformations\"": {\""0\"": \""Scaler\""}, \""transformation_params\"": {\""0\"": {}}}""}, ""c0b1c7a0ef49e381d5aea93045d68ec6"": {""Model"": ""WindowRegression"", ""ModelParameters"": ""{\""window_size\"": 10, \""input_dim\"": \""univariate\"", \""output_dim\"": \""1step\"", \""normalize_window\"": false, \""max_windows\"": 5000000, \""fourier_encoding_components\"": null, \""scale\"": true, \""datepart_method\"": null, \""regression_type\"": null, \""regression_model\"": {\""model\"": \""SVM\"", \""model_params\"": {\""C\"": 0.1, \""tol\"": 0.001, \""epsilon\"": 0.0, \""loss\"": \""squared_epsilon_insensitive\"", \""max_iter\"": 50}}}"", ""TransformationParameters"": ""{\""fillna\"": \""ffill\"", \""transformations\"": {\""0\"": \""DatepartRegression\"", \""1\"": \""DatepartRegression\"", \""2\"": \""MinMaxScaler\"", \""3\"": \""Scaler\""}, \""transformation_params\"": {\""0\"": {\""regression_model\"": {\""model\"": \""ElasticNet\"", \""model_params\"": {\""l1_ratio\"": 0.5, \""fit_intercept\"": true, \""selection\"": \""cyclic\"", \""max_iter\"": 1000}}, \""datepart_method\"": \""anchored_segment_fourier:us_school\"", \""polynomial_degree\"": null, \""transform_dict\"": null, \""holiday_countries_used\"": false, \""lags\"": null, \""forward_lags\"": null}, \""1\"": {\""regression_model\"": {\""model\"": \""ElasticNet\"", \""model_params\"": {\""l1_ratio\"": 0.9, \""fit_intercept\"": true, \""selection\"": \""cyclic\"", \""max_iter\"": 200}}, \""datepart_method\"": \""common_fourier\"", \""polynomial_degree\"": null, \""transform_dict\"": null, \""holiday_countries_used\"": false, \""lags\"": null, \""forward_lags\"": 2}, \""2\"": {}, \""3\"": {}}}""}, ""b56ba147e1633d9995afee23f1bd58c7"": {""Model"": ""WindowRegression"", ""ModelParameters"": ""{\""window_size\"": 20, \""input_dim\"": \""univariate\"", \""output_dim\"": \""1step\"", \""normalize_window\"": false, \""max_windows\"": 5000000, \""fourier_encoding_components\"": null, \""scale\"": false, \""datepart_method\"": null, \""regression_type\"": null, \""regression_model\"": {\""model\"": \""xgboost\"", \""model_params\"": {\""booster\"": \""gbtree\"", \""objective\"": \""reg:squarederror\"", \""max_depth\"": 6, \""eta\"": 0.003, \""min_child_weight\"": 0.5, \""subsample\"": 1, \""colsample_bylevel\"": 0.9, \""reg_alpha\"": 0, \""reg_lambda\"": 1, \""n_estimators\"": 7, \""multi_strategy\"": \""multi_output_tree\"", \""tree_method\"": \""hist\""}}}"", ""TransformationParameters"": ""{\""fillna\"": \""ffill\"", \""transformations\"": {\""0\"": \""Scaler\"", \""1\"": \""Detrend\"", \""2\"": \""MinMaxScaler\""}, \""transformation_params\"": {\""0\"": {}, \""1\"": {\""model\"": \""Linear\"", \""phi\"": 1, \""window\"": 30, \""transform_dict\"": null}, \""2\"": {}}}""}, ""7d046fbef1e1594270dc26a3315f53d9"": {""Model"": ""WindowRegression"", ""ModelParameters"": ""{\""window_size\"": 10, \""input_dim\"": \""univariate\"", \""output_dim\"": \""1step\"", \""normalize_window\"": false, \""max_windows\"": 5000000, \""fourier_encoding_components\"": null, \""scale\"": true, \""datepart_method\"": null, \""regression_type\"": null, \""regression_model\"": {\""model\"": \""SVM\"", \""model_params\"": {\""C\"": 0.1, \""tol\"": 0.001, \""epsilon\"": 0.0, \""loss\"": \""squared_epsilon_insensitive\"", \""max_iter\"": 50}}}"", ""TransformationParameters"": ""{\""fillna\"": \""ffill\"", \""transformations\"": {\""0\"": \""Scaler\"", \""1\"": \""Detrend\""}, \""transformation_params\"": {\""0\"": {}, \""1\"": {\""model\"": \""Linear\"", \""phi\"": 1, \""window\"": 30, \""transform_dict\"": null}}}""}, ""e9ab0dee8ad32b476a4ab9bc6aed1fef"": {""Model"": ""RollingRegression"", ""ModelParameters"": ""{\""regression_model\"": {\""model\"": \""RANSAC\"", \""model_params\"": {}}, \""holiday\"": true, \""mean_rolling_periods\"": 12, \""macd_periods\"": 24, \""std_rolling_periods\"": 30, \""max_rolling_periods\"": 12, \""min_rolling_periods\"": null, \""ewm_var_alpha\"": null, \""quantile90_rolling_periods\"": null, \""quantile10_rolling_periods\"": null, \""ewm_alpha\"": 0.8, \""additional_lag_periods\"": 6, \""abs_energy\"": false, \""rolling_autocorr_periods\"": null, \""nonzero_last_n\"": null, \""add_date_part\"": null, \""polynomial_degree\"": null, \""x_transform\"": null, \""regression_type\"": null}"", ""TransformationParameters"": ""{\""fillna\"": \""ffill\"", \""transformations\"": {\""0\"": \""Scaler\"", \""1\"": \""Detrend\"", \""2\"": \""DatepartRegression\""}, \""transformation_params\"": {\""0\"": {}, \""1\"": {\""model\"": \""Linear\"", \""phi\"": 1, \""window\"": 30, \""transform_dict\"": null}, \""2\"": {\""regression_model\"": {\""model\"": \""ElasticNet\"", \""model_params\"": {\""l1_ratio\"": 0.5, \""fit_intercept\"": true, \""selection\"": \""cyclic\"", \""max_iter\"": 1000}}, \""datepart_method\"": \""common_fourier\"", \""polynomial_degree\"": null, \""transform_dict\"": null, \""holiday_countries_used\"": false, \""lags\"": null, \""forward_lags\"": null}}}""}}, ""point_method"": ""median"", ""model_weights"": {}}","{""fillna"": ""fake_date"", ""transformations"": {""0"": ""AlignLastValue"", ""1"": ""AlignLastValue""}, ""transformation_params"": {""0"": {""rows"": 1, ""lag"": 1, ""method"": ""multiplicative"", ""strength"": 1.0, ""first_value_only"": false, ""threshold"": null, ""threshold_method"": ""mean""}, ""1"": {""rows"": 1, ""lag"": 1, ""method"": ""multiplicative"", ""strength"": 1.0, ""first_value_only"": true, ""threshold"": 10, ""threshold_method"": ""max""}}}",1,2,9.46099730183679,0.6371101925229271,0.8097615197557444,0.6657361569608545,0.6371101925229271,0.0,-51.292563628288676,0.5263322346391002,63.3872710258382,0.5543317590671217,0.30359152988374805,0.8999999999999999,0.5,2.689201565144905,0.9388888888888889,1.2974934772711202,0.4690147514319428,2.6126277873404544,0.6693788204377787,0.407471422882576,6.047353698774769,7.361403278821599,12.89882202686407,0.010418975319521951,9.46099730183679,0.6371101925229271,0.8097615197557444,0.6657361569608545,0.6371101925229271,0.0,0.5263322346391002,0.5543317590671217,0.30359152988374805,2.689201565144905,0.9388888888888889,1.2974934772711202,0.4690147514319428,2.6126277873404544,0.6693788204377787,0.407471422882576,6.047353698774769,7.361403278821599,12.89882202686407,0.010418975319521951,0.8999999999999999,0.5,6.77345,17.049394781890918,12.109689428420056,Wh,12.109689428420056,Wh
336,0202f0267f3dd583484b5aa2504a0e60,Ensemble,"{""model_name"": ""BestN"", ""model_count"": 3, ""model_metric"": ""bestn_horizontal"", ""models"": {""a8ddd1ef89834c17140b9aab182e2ad4"": {""Model"": ""RollingRegression"", ""ModelParameters"": ""{\""regression_model\"": {\""model\"": \""ExtraTrees\"", \""model_params\"": {\""n_estimators\"": 100, \""min_samples_leaf\"": 1, \""min_samples_split\"": 2, \""max_depth\"": null, \""criterion\"": \""squared_error\"", \""max_features\"": 1}}, \""holiday\"": true, \""mean_rolling_periods\"": 7, \""macd_periods\"": 46, \""std_rolling_periods\"": 7, \""max_rolling_periods\"": 12, \""min_rolling_periods\"": 2, \""ewm_var_alpha\"": null, \""quantile90_rolling_periods\"": null, \""quantile10_rolling_periods\"": null, \""ewm_alpha\"": null, \""additional_lag_periods\"": 90, \""abs_energy\"": false, \""rolling_autocorr_periods\"": null, \""nonzero_last_n\"": null, \""add_date_part\"": \""simple_2\"", \""polynomial_degree\"": null, \""x_transform\"": null, \""regression_type\"": null}"", ""TransformationParameters"": ""{\""fillna\"": \""ffill\"", \""transformations\"": {\""0\"": \""Scaler\"", \""1\"": \""Detrend\"", \""2\"": \""DatepartRegression\""}, \""transformation_params\"": {\""0\"": {}, \""1\"": {\""model\"": \""Linear\"", \""phi\"": 1, \""window\"": 30, \""transform_dict\"": null}, \""2\"": {\""regression_model\"": {\""model\"": \""ElasticNet\"", \""model_params\"": {\""l1_ratio\"": 0.5, \""fit_intercept\"": true, \""selection\"": \""cyclic\"", \""max_iter\"": 1000}}, \""datepart_method\"": \""common_fourier\"", \""polynomial_degree\"": null, \""transform_dict\"": null, \""holiday_countries_used\"": false, \""lags\"": null, \""forward_lags\"": null}}}""}, ""a6a1477ee2b31d009999314fa5df12a0"": {""Model"": ""ARIMA"", ""ModelParameters"": ""{\""p\"": 4, \""d\"": 0, \""q\"": 0, \""regression_type\"": \""Holiday\""}"", ""TransformationParameters"": ""{\""fillna\"": \""ffill\"", \""transformations\"": {\""0\"": \""Scaler\"", \""1\"": \""Detrend\"", \""2\"": \""DatepartRegression\""}, \""transformation_params\"": {\""0\"": {}, \""1\"": {\""model\"": \""Linear\"", \""phi\"": 1, \""window\"": 30, \""transform_dict\"": null}, \""2\"": {\""regression_model\"": {\""model\"": \""ElasticNet\"", \""model_params\"": {\""l1_ratio\"": 0.5, \""fit_intercept\"": true, \""selection\"": \""cyclic\"", \""max_iter\"": 1000}}, \""datepart_method\"": \""common_fourier\"", \""polynomial_degree\"": null, \""transform_dict\"": null, \""holiday_countries_used\"": false, \""lags\"": null, \""forward_lags\"": null}}}""}}, ""model_weights"": {""92d666001d3288989025051fecaf3542"": 3.0, ""a8ddd1ef89834c17140b9aab182e2ad4"": 2.0, ""a6a1477ee2b31d009999314fa5df12a0"": 1.0}, ""point_method"": ""mean""}","{""fillna"": ""fake_date"", ""transformations"": {""0"": ""AlignLastValue"", ""1"": ""AlignLastValue""}, ""transformation_params"": {""0"": {""rows"": 1, ""lag"": 1, ""method"": ""multiplicative"", ""strength"": 1.0, ""first_value_only"": false, ""threshold"": null, ""threshold_method"": ""mean""}, ""1"": {""rows"": 1, ""lag"": 1, ""method"": ""multiplicative"", ""strength"": 1.0, ""first_value_only"": true, ""threshold"": 10, ""threshold_method"": ""max""}}}",1,2,8.696908160142922,0.5842974825050699,0.7764046589566285,0.5657160793382747,0.5842974825050699,0.0,-34.610941832379694,0.45729235202524676,70.56260501853288,0.5375795044411897,0.3804932063533477,0.9777777777777779,0.5277777777777778,3.7237135245535065,0.9388888888888889,1.2902697556869547,0.41615796870884514,2.341628743755299,0.5923910533659306,0.12277074831665491,17.975831593076588,8.572743105158787,23.12155423497223,0.028832925062093544,8.696908160142922,0.5842974825050699,0.7764046589566285,0.5657160793382747,0.5842974825050699,0.0,0.45729235202524676,0.5375795044411897,0.3804932063533477,3.7237135245535065,0.9388888888888889,1.2902697556869547,0.41615796870884514,2.341628743755299,0.5923910533659306,0.12277074831665491,17.975831593076588,8.572743105158787,23.12155423497223,0.028832925062093544,0.9777777777777779,0.5277777777777778,13.6385,17.0124115831723,10.688116680969795,Wh,10.688116680969795,Wh
337,99842e7a1e75f3d6ea34dc9385659b70,Ensemble,"{""model_name"": ""BestN"", ""model_count"": 3, ""model_metric"": ""bestn_horizontal"", ""models"": {""a8ddd1ef89834c17140b9aab182e2ad4"": {""Model"": ""RollingRegression"", ""ModelParameters"": ""{\""regression_model\"": {\""model\"": \""ExtraTrees\"", \""model_params\"": {\""n_estimators\"": 100, \""min_samples_leaf\"": 1, \""min_samples_split\"": 2, \""max_depth\"": null, \""criterion\"": \""squared_error\"", \""max_features\"": 1}}, \""holiday\"": true, \""mean_rolling_periods\"": 7, \""macd_periods\"": 46, \""std_rolling_periods\"": 7, \""max_rolling_periods\"": 12, \""min_rolling_periods\"": 2, \""ewm_var_alpha\"": null, \""quantile90_rolling_periods\"": null, \""quantile10_rolling_periods\"": null, \""ewm_alpha\"": null, \""additional_lag_periods\"": 90, \""abs_energy\"": false, \""rolling_autocorr_periods\"": null, \""nonzero_last_n\"": null, \""add_date_part\"": \""simple_2\"", \""polynomial_degree\"": null, \""x_transform\"": null, \""regression_type\"": null}"", ""TransformationParameters"": ""{\""fillna\"": \""ffill\"", \""transformations\"": {\""0\"": \""Scaler\"", \""1\"": \""Detrend\"", \""2\"": \""DatepartRegression\""}, \""transformation_params\"": {\""0\"": {}, \""1\"": {\""model\"": \""Linear\"", \""phi\"": 1, \""window\"": 30, \""transform_dict\"": null}, \""2\"": {\""regression_model\"": {\""model\"": \""ElasticNet\"", \""model_params\"": {\""l1_ratio\"": 0.5, \""fit_intercept\"": true, \""selection\"": \""cyclic\"", \""max_iter\"": 1000}}, \""datepart_method\"": \""common_fourier\"", \""polynomial_degree\"": null, \""transform_dict\"": null, \""holiday_countries_used\"": false, \""lags\"": null, \""forward_lags\"": null}}}""}, ""a6a1477ee2b31d009999314fa5df12a0"": {""Model"": ""ARIMA"", ""ModelParameters"": ""{\""p\"": 4, \""d\"": 0, \""q\"": 0, \""regression_type\"": \""Holiday\""}"", ""TransformationParameters"": ""{\""fillna\"": \""ffill\"", \""transformations\"": {\""0\"": \""Scaler\"", \""1\"": \""Detrend\"", \""2\"": \""DatepartRegression\""}, \""transformation_params\"": {\""0\"": {}, \""1\"": {\""model\"": \""Linear\"", \""phi\"": 1, \""window\"": 30, \""transform_dict\"": null}, \""2\"": {\""regression_model\"": {\""model\"": \""ElasticNet\"", \""model_params\"": {\""l1_ratio\"": 0.5, \""fit_intercept\"": true, \""selection\"": \""cyclic\"", \""max_iter\"": 1000}}, \""datepart_method\"": \""common_fourier\"", \""polynomial_degree\"": null, \""transform_dict\"": null, \""holiday_countries_used\"": false, \""lags\"": null, \""forward_lags\"": null}}}""}}, ""model_weights"": {""92d666001d3288989025051fecaf3542"": 3.0, ""a8ddd1ef89834c17140b9aab182e2ad4"": 2.0, ""a6a1477ee2b31d009999314fa5df12a0"": 1.0}, ""point_method"": ""mean""}","{""fillna"": ""fake_date"", ""transformations"": {""0"": ""FIRFilter"", ""1"": ""AlignLastValue"", ""2"": ""AlignLastValue""}, ""transformation_params"": {""0"": {""numtaps"": 32, ""cutoff_hz"": 0.1, ""window"": ""triang"", ""sampling_frequency"": 12, ""on_transform"": false, ""on_inverse"": true, ""bounds_only"": true}, ""1"": {""rows"": 1, ""lag"": 1, ""method"": ""multiplicative"", ""strength"": 1.0, ""first_value_only"": false, ""threshold"": null, ""threshold_method"": ""mean""}, ""2"": {""rows"": 1, ""lag"": 1, ""method"": ""multiplicative"", ""strength"": 1.0, ""first_value_only"": true, ""threshold"": 10, ""threshold_method"": ""max""}}}",1,2,8.696908160142922,0.5842974825050699,0.7764046589566285,0.5657160793382747,0.5842974825050699,0.0,-34.610941832379694,0.45729235202524676,70.56260501853288,0.5375795044411897,0.38039856617649953,0.9777777777777779,0.5277777777777778,3.7237135245535065,0.9388888888888889,1.2902697556869547,0.41615796870884514,2.341628743755299,0.5923910533659306,0.12277074831665491,17.975831593076588,8.572743105158787,23.12155423497223,0.028832925062093544,8.696908160142922,0.5842974825050699,0.7764046589566285,0.5657160793382747,0.5842974825050699,0.0,0.45729235202524676,0.5375795044411897,0.38039856617649953,3.7237135245535065,0.9388888888888889,1.2902697556869547,0.41615796870884514,2.341628743755299,0.5923910533659306,0.12277074831665491,17.975831593076588,8.572743105158787,23.12155423497223,0.028832925062093544,0.9777777777777779,0.5277777777777778,13.883700000000001,17.011318533513517,10.688116680969795,Wh,10.688116680969795,Wh
338,de9d1f9df540b092e0335b5d83bda8f9,Ensemble,"{""model_name"": ""BestN"", ""model_count"": 3, ""model_metric"": ""mixed_metric"", ""models"": {""9401cafd8f6b338a48dd5f0e109ef608"": {""Model"": ""ARIMA"", ""ModelParameters"": ""{\""p\"": 4, \""d\"": 1, \""q\"": 1, \""regression_type\"": null}"", ""TransformationParameters"": ""{\""fillna\"": \""ffill\"", \""transformations\"": {\""0\"": \""Scaler\"", \""1\"": \""Detrend\"", \""2\"": \""DatepartRegression\""}, \""transformation_params\"": {\""0\"": {}, \""1\"": {\""model\"": \""Linear\"", \""phi\"": 1, \""window\"": 30, \""transform_dict\"": null}, \""2\"": {\""regression_model\"": {\""model\"": \""ElasticNet\"", \""model_params\"": {\""l1_ratio\"": 0.5, \""fit_intercept\"": true, \""selection\"": \""cyclic\"", \""max_iter\"": 1000}}, \""datepart_method\"": \""common_fourier\"", \""polynomial_degree\"": null, \""transform_dict\"": null, \""holiday_countries_used\"": false, \""lags\"": null, \""forward_lags\"": null}}}""}}, ""model_weights"": {}, ""point_method"": ""mean""}",{},1,2,8.586678190364673,0.577471986961271,0.7525166799844805,0.5756033109639183,0.577471986961271,0.0,-46.536393306850066,0.4784406806795479,57.40856434617872,0.5102733405216218,0.39698746062172674,0.9722222222222222,0.5222222222222221,3.471157761389203,0.9444444444444444,1.2772107059933149,0.41151119150922155,2.1460807089651226,1.3639759545537293,0.04755514476539232,5.436085519664321,5.35411619683249,24.41520482299932,0.009438319338324648,8.586678190364673,0.577471986961271,0.7525166799844805,0.5756033109639183,0.577471986961271,0.0,0.4784406806795479,0.5102733405216218,0.39698746062172674,3.471157761389203,0.9444444444444444,1.2772107059933149,0.41151119150922155,2.1460807089651226,1.3639759545537293,0.04755514476539232,5.436085519664321,5.35411619683249,24.41520482299932,0.009438319338324648,0.9722222222222222,0.5222222222222221,8.09305,16.98977507981969,10.709997303717502,Wh,10.709997303717502,Wh
339,34f7aacb6c98eecd3a5e929e140773f6,RollingRegression,"{""regression_model"": {""model"": ""ExtraTrees"", ""model_params"": {""n_estimators"": 100, ""min_samples_leaf"": 1, ""min_samples_split"": 2, ""max_depth"": null, ""criterion"": ""squared_error"", ""max_features"": 1}}, ""holiday"": true, ""mean_rolling_periods"": 12, ""macd_periods"": 24, ""std_rolling_periods"": null, ""max_rolling_periods"": 12, ""min_rolling_periods"": null, ""ewm_var_alpha"": null, ""quantile90_rolling_periods"": null, ""quantile10_rolling_periods"": null, ""ewm_alpha"": null, ""additional_lag_periods"": 6, ""abs_energy"": false, ""rolling_autocorr_periods"": null, ""nonzero_last_n"": null, ""add_date_part"": null, ""polynomial_degree"": null, ""x_transform"": null, ""regression_type"": null}","{""fillna"": ""ffill"", ""transformations"": {""0"": ""Scaler"", ""1"": ""Detrend"", ""2"": ""DatepartRegression""}, ""transformation_params"": {""0"": {}, ""1"": {""model"": ""GLS"", ""phi"": 1, ""window"": 30, ""transform_dict"": {""fillna"": null, ""transformations"": {""0"": ""bkfilter""}, ""transformation_params"": {""0"": {}}}}, ""2"": {""regression_model"": {""model"": ""ElasticNet"", ""model_params"": {""l1_ratio"": 0.5, ""fit_intercept"": true, ""selection"": ""cyclic"", ""max_iter"": 1000}}, ""datepart_method"": ""simple"", ""polynomial_degree"": 2, ""transform_dict"": null, ""holiday_countries_used"": true, ""lags"": null, ""forward_lags"": null}}}",0,1,8.505762482079538,0.5197108867646333,0.663970435703712,0.6185719909562923,0.5197108867646333,0.0,-7.34345942914457,0.39982161017947715,39.43052037967243,0.5061438476468614,0.4456156703640277,0.9888888888888889,0.5111111111111111,1.918259770354915,0.9666666666666667,1.2889464218328155,0.376844295900326,2.009471494552791,0.5641518154863882,0.3023236697375702,32.08706095052786,23.35879085490608,14.680294848749226,0.05813923754004049,8.505762482079538,0.5197108867646333,0.663970435703712,0.6185719909562923,0.5197108867646333,0.0,0.39982161017947715,0.5061438476468614,0.4456156703640277,1.918259770354915,0.9666666666666667,1.2889464218328155,0.376844295900326,2.009471494552791,0.5641518154863882,0.3023236697375702,32.08706095052786,23.35879085490608,14.680294848749226,0.05813923754004049,0.9888888888888889,0.5111111111111111,6.7382,16.98533236668377,7.4757358120724895,Wh,7.4757358120724895,Wh
340,d63f47348e56fab12e2a75fdb945d90e,Ensemble,"{""model_name"": ""BestN"", ""model_count"": 3, ""model_metric"": ""bestn_horizontal"", ""models"": {""a8ddd1ef89834c17140b9aab182e2ad4"": {""Model"": ""RollingRegression"", ""ModelParameters"": ""{\""regression_model\"": {\""model\"": \""ExtraTrees\"", \""model_params\"": {\""n_estimators\"": 100, \""min_samples_leaf\"": 1, \""min_samples_split\"": 2, \""max_depth\"": null, \""criterion\"": \""squared_error\"", \""max_features\"": 1}}, \""holiday\"": true, \""mean_rolling_periods\"": 7, \""macd_periods\"": 46, \""std_rolling_periods\"": 7, \""max_rolling_periods\"": 12, \""min_rolling_periods\"": 2, \""ewm_var_alpha\"": null, \""quantile90_rolling_periods\"": null, \""quantile10_rolling_periods\"": null, \""ewm_alpha\"": null, \""additional_lag_periods\"": 90, \""abs_energy\"": false, \""rolling_autocorr_periods\"": null, \""nonzero_last_n\"": null, \""add_date_part\"": \""simple_2\"", \""polynomial_degree\"": null, \""x_transform\"": null, \""regression_type\"": null}"", ""TransformationParameters"": ""{\""fillna\"": \""ffill\"", \""transformations\"": {\""0\"": \""Scaler\"", \""1\"": \""Detrend\"", \""2\"": \""DatepartRegression\""}, \""transformation_params\"": {\""0\"": {}, \""1\"": {\""model\"": \""Linear\"", \""phi\"": 1, \""window\"": 30, \""transform_dict\"": null}, \""2\"": {\""regression_model\"": {\""model\"": \""ElasticNet\"", \""model_params\"": {\""l1_ratio\"": 0.5, \""fit_intercept\"": true, \""selection\"": \""cyclic\"", \""max_iter\"": 1000}}, \""datepart_method\"": \""common_fourier\"", \""polynomial_degree\"": null, \""transform_dict\"": null, \""holiday_countries_used\"": false, \""lags\"": null, \""forward_lags\"": null}}}""}, ""a6a1477ee2b31d009999314fa5df12a0"": {""Model"": ""ARIMA"", ""ModelParameters"": ""{\""p\"": 4, \""d\"": 0, \""q\"": 0, \""regression_type\"": \""Holiday\""}"", ""TransformationParameters"": ""{\""fillna\"": \""ffill\"", \""transformations\"": {\""0\"": \""Scaler\"", \""1\"": \""Detrend\"", \""2\"": \""DatepartRegression\""}, \""transformation_params\"": {\""0\"": {}, \""1\"": {\""model\"": \""Linear\"", \""phi\"": 1, \""window\"": 30, \""transform_dict\"": null}, \""2\"": {\""regression_model\"": {\""model\"": \""ElasticNet\"", \""model_params\"": {\""l1_ratio\"": 0.5, \""fit_intercept\"": true, \""selection\"": \""cyclic\"", \""max_iter\"": 1000}}, \""datepart_method\"": \""common_fourier\"", \""polynomial_degree\"": null, \""transform_dict\"": null, \""holiday_countries_used\"": false, \""lags\"": null, \""forward_lags\"": null}}}""}}, ""model_weights"": {""92d666001d3288989025051fecaf3542"": 3.0, ""a8ddd1ef89834c17140b9aab182e2ad4"": 2.0, ""a6a1477ee2b31d009999314fa5df12a0"": 1.0}, ""point_method"": ""mean""}","{""fillna"": ""ffill"", ""transformations"": {""0"": ""RegressionFilter"", ""1"": ""HistoricValues""}, ""transformation_params"": {""0"": {""sigma"": 1, ""rolling_window"": 90, ""run_order"": ""season_first"", ""regression_params"": {""regression_model"": {""model"": ""ElasticNet"", ""model_params"": {""l1_ratio"": 0.5, ""fit_intercept"": false, ""selection"": ""cyclic"", ""max_iter"": 2000}}, ""datepart_method"": ""simple"", ""polynomial_degree"": null, ""transform_dict"": {""fillna"": null, ""transformations"": {""0"": ""ScipyFilter""}, ""transformation_params"": {""0"": {""method"": ""savgol_filter"", ""method_args"": {""window_length"": 31, ""polyorder"": 3, ""deriv"": 0, ""mode"": ""interp""}}}}, ""holiday_countries_used"": false, ""lags"": null, ""forward_lags"": null}, ""holiday_params"": null, ""trend_method"": ""rolling_mean""}, ""1"": {""window"": 28}}}",1,2,8.876060079894545,0.5967493044005501,0.7833368821254736,0.5732277484233335,0.5967493044005501,0.0,-33.52586793899536,0.46496124496574276,73.88900685310364,0.5512962045368822,0.35794729146279003,0.7666666666666666,0.5166666666666666,3.689850091934204,0.9444444444444444,1.2931113405139707,0.4296277196783769,2.3547326751766606,1.2291938895839851,0.11133259441480209,20.181569457054138,8.973761210424659,23.32743387687836,0.032582136648784094,8.876060079894545,0.5967493044005501,0.7833368821254736,0.5732277484233335,0.5967493044005501,0.0,0.46496124496574276,0.5512962045368822,0.35794729146279003,3.689850091934204,0.9444444444444444,1.2931113405139707,0.4296277196783769,2.3547326751766606,1.2291938895839851,0.11133259441480209,20.181569457054138,8.973761210424659,23.32743387687836,0.032582136648784094,0.7666666666666666,0.5166666666666666,13.8,16.966092407521398,10.836167684404462,Wh,10.836167684404462,Wh
341,4e8b91fe6203fa9d8214ae6cf87be77d,ARIMA,"{""p"": 4, ""d"": 1, ""q"": 1, ""regression_type"": null}","{""fillna"": ""ffill"", ""transformations"": {""0"": ""Scaler"", ""1"": ""Detrend"", ""2"": ""DatepartRegression"", ""3"": ""Scaler""}, ""transformation_params"": {""0"": {}, ""1"": {""model"": ""Linear"", ""phi"": 1, ""window"": 30, ""transform_dict"": null}, ""2"": {""regression_model"": {""model"": ""ElasticNet"", ""model_params"": {""l1_ratio"": 0.5, ""fit_intercept"": true, ""selection"": ""cyclic"", ""max_iter"": 2000}}, ""datepart_method"": ""simple_2"", ""polynomial_degree"": null, ""transform_dict"": null, ""holiday_countries_used"": false, ""lags"": null, ""forward_lags"": null}, ""3"": {}}}",0,1,8.332958917875759,0.5071688896048175,0.660045744341781,0.5524544515614642,0.5071688896048175,0.0,-6.744797804862296,0.38713366028209195,38.90040225957127,0.4974315144691387,0.46099979004627434,0.9888888888888889,0.4888888888888889,2.1863572628199943,0.9666666666666667,1.2794306799098425,0.35137308314340954,1.939562437609413,0.594476946125404,0.008527259024025933,32.155604454708985,22.629883455319405,22.623960599849063,0.05826343299307863,8.332958917875759,0.5071688896048175,0.660045744341781,0.5524544515614642,0.5071688896048175,0.0,0.38713366028209195,0.4974315144691387,0.46099979004627434,2.1863572628199943,0.9666666666666667,1.2794306799098425,0.35137308314340954,1.939562437609413,0.594476946125404,0.008527259024025933,32.155604454708985,22.629883455319405,22.623960599849063,0.05826343299307863,0.9888888888888889,0.4888888888888889,0.3087,16.953648724628682,7.2953265504804605,Wh,7.2953265504804605,Wh
342,81ce8536bff87cbdc4f8518bb9999eb0,Ensemble,"{""model_name"": ""BestN"", ""model_count"": 5, ""model_metric"": ""mixed_metric"", ""models"": {""9401cafd8f6b338a48dd5f0e109ef608"": {""Model"": ""ARIMA"", ""ModelParameters"": ""{\""p\"": 4, \""d\"": 1, \""q\"": 1, \""regression_type\"": null}"", ""TransformationParameters"": ""{\""fillna\"": \""ffill\"", \""transformations\"": {\""0\"": \""Scaler\"", \""1\"": \""Detrend\"", \""2\"": \""DatepartRegression\""}, \""transformation_params\"": {\""0\"": {}, \""1\"": {\""model\"": \""Linear\"", \""phi\"": 1, \""window\"": 30, \""transform_dict\"": null}, \""2\"": {\""regression_model\"": {\""model\"": \""ElasticNet\"", \""model_params\"": {\""l1_ratio\"": 0.5, \""fit_intercept\"": true, \""selection\"": \""cyclic\"", \""max_iter\"": 1000}}, \""datepart_method\"": \""common_fourier\"", \""polynomial_degree\"": null, \""transform_dict\"": null, \""holiday_countries_used\"": false, \""lags\"": null, \""forward_lags\"": null}}}""}, ""a8ad161bc7623e4bb730ce0012481031"": {""Model"": ""RollingRegression"", ""ModelParameters"": ""{\""regression_model\"": {\""model\"": \""RANSAC\"", \""model_params\"": {}}, \""holiday\"": true, \""mean_rolling_periods\"": 12, \""macd_periods\"": 24, \""std_rolling_periods\"": 10, \""max_rolling_periods\"": null, \""min_rolling_periods\"": 4, \""ewm_var_alpha\"": null, \""quantile90_rolling_periods\"": null, \""quantile10_rolling_periods\"": null, \""ewm_alpha\"": 0.8, \""additional_lag_periods\"": 2, \""abs_energy\"": false, \""rolling_autocorr_periods\"": null, \""nonzero_last_n\"": null, \""add_date_part\"": null, \""polynomial_degree\"": null, \""x_transform\"": null, \""regression_type\"": null}"", ""TransformationParameters"": ""{\""fillna\"": \""ffill\"", \""transformations\"": {\""0\"": \""Detrend\"", \""1\"": \""DatepartRegression\"", \""2\"": \""Scaler\"", \""3\"": \""Scaler\"", \""4\"": \""MinMaxScaler\""}, \""transformation_params\"": {\""0\"": {\""model\"": \""Linear\"", \""phi\"": 1, \""window\"": null, \""transform_dict\"": null}, \""1\"": {\""regression_model\"": {\""model\"": \""ElasticNet\"", \""model_params\"": {\""l1_ratio\"": 0.9, \""fit_intercept\"": true, \""selection\"": \""cyclic\"", \""max_iter\"": 200}}, \""datepart_method\"": \""common_fourier\"", \""polynomial_degree\"": null, \""transform_dict\"": null, \""holiday_countries_used\"": false, \""lags\"": null, \""forward_lags\"": 2}, \""2\"": {}, \""3\"": {}, \""4\"": {}}}""}}, ""point_method"": ""kalman"", ""model_weights"": {}}",{},1,2,8.909999595479912,0.60250419139583,0.7897348213523429,0.5765874805498792,0.60250419139583,0.0,-32.71038849091786,0.4651619584805723,75.74036596033153,0.5586631215016564,0.3465657610972583,0.4,0.49444444444444446,3.644580655805603,0.9444444444444444,1.294820633229255,0.4329632751107002,2.432499538895967,1.0202100234899436,0.1033974709897492,21.514988734706836,8.355502953749522,23.04593334912563,0.03423188514614384,8.909999595479912,0.60250419139583,0.7897348213523429,0.5765874805498792,0.60250419139583,0.0,0.4651619584805723,0.5586631215016564,0.3465657610972583,3.644580655805603,0.9444444444444444,1.294820633229255,0.4329632751107002,2.432499538895967,1.0202100234899436,0.1033974709897492,21.514988734706836,8.355502953749522,23.04593334912563,0.03423188514614384,0.4,0.49444444444444446,14.0244,16.90507474196933,11.410869224473913,Wh,11.410869224473913,Wh
343,36f64ec1898180d13caab6a1a4663a5d,RollingRegression,"{""regression_model"": {""model"": ""ExtraTrees"", ""model_params"": {""n_estimators"": 100, ""min_samples_leaf"": 1, ""min_samples_split"": 2, ""max_depth"": null, ""criterion"": ""squared_error"", ""max_features"": 1}}, ""holiday"": true, ""mean_rolling_periods"": 12, ""macd_periods"": 24, ""std_rolling_periods"": null, ""max_rolling_periods"": null, ""min_rolling_periods"": 2, ""ewm_var_alpha"": null, ""quantile90_rolling_periods"": null, ""quantile10_rolling_periods"": null, ""ewm_alpha"": 0.5, ""additional_lag_periods"": 51, ""abs_energy"": false, ""rolling_autocorr_periods"": null, ""nonzero_last_n"": null, ""add_date_part"": null, ""polynomial_degree"": null, ""x_transform"": null, ""regression_type"": null}","{""fillna"": ""ffill"", ""transformations"": {""0"": ""Scaler"", ""1"": ""Detrend"", ""2"": ""DatepartRegression""}, ""transformation_params"": {""0"": {}, ""1"": {""model"": ""Linear"", ""phi"": 1, ""window"": 30, ""transform_dict"": null}, ""2"": {""regression_model"": {""model"": ""ElasticNet"", ""model_params"": {""l1_ratio"": 0.5, ""fit_intercept"": true, ""selection"": ""cyclic"", ""max_iter"": 1000}}, ""datepart_method"": ""common_fourier"", ""polynomial_degree"": null, ""transform_dict"": null, ""holiday_countries_used"": false, ""lags"": null, ""forward_lags"": null}}}",0,1,8.476776690129244,0.5125874935290836,0.6422807254298158,0.7062673155280902,0.5125874935290836,0.0,-16.023005309022704,0.4220296459289713,30.10986910859483,0.47518345101784526,0.4530287589623366,0.9888888888888889,0.36666666666666664,2.0304790640863795,0.9666666666666667,1.2819259762527708,0.3818864437240021,2.1364963333992755,0.6031102922639182,0.3534043344732195,14.086863799572129,13.164966688154905,10.748348791591955,0.025524292234189436,8.476776690129244,0.5125874935290836,0.6422807254298158,0.7062673155280902,0.5125874935290836,0.0,0.4220296459289713,0.47518345101784526,0.4530287589623366,2.0304790640863795,0.9666666666666667,1.2819259762527708,0.3818864437240021,2.1364963333992755,0.6031102922639182,0.3534043344732195,14.086863799572129,13.164966688154905,10.748348791591955,0.025524292234189436,0.9888888888888889,0.36666666666666664,6.6522,16.898172931087082,7.373269984877704,Wh,7.373269984877704,Wh
344,3fada558bc51a46851dce0688fd4eec8,Ensemble,"{""model_name"": ""BestN"", ""model_count"": 3, ""model_metric"": ""horizontal"", ""models"": {""a6a1477ee2b31d009999314fa5df12a0"": {""Model"": ""ARIMA"", ""ModelParameters"": ""{\""p\"": 4, \""d\"": 0, \""q\"": 0, \""regression_type\"": \""Holiday\""}"", ""TransformationParameters"": ""{\""fillna\"": \""ffill\"", \""transformations\"": {\""0\"": \""Scaler\"", \""1\"": \""Detrend\"", \""2\"": \""DatepartRegression\""}, \""transformation_params\"": {\""0\"": {}, \""1\"": {\""model\"": \""Linear\"", \""phi\"": 1, \""window\"": 30, \""transform_dict\"": null}, \""2\"": {\""regression_model\"": {\""model\"": \""ElasticNet\"", \""model_params\"": {\""l1_ratio\"": 0.5, \""fit_intercept\"": true, \""selection\"": \""cyclic\"", \""max_iter\"": 1000}}, \""datepart_method\"": \""common_fourier\"", \""polynomial_degree\"": null, \""transform_dict\"": null, \""holiday_countries_used\"": false, \""lags\"": null, \""forward_lags\"": null}}}""}, ""a8ddd1ef89834c17140b9aab182e2ad4"": {""Model"": ""RollingRegression"", ""ModelParameters"": ""{\""regression_model\"": {\""model\"": \""ExtraTrees\"", \""model_params\"": {\""n_estimators\"": 100, \""min_samples_leaf\"": 1, \""min_samples_split\"": 2, \""max_depth\"": null, \""criterion\"": \""squared_error\"", \""max_features\"": 1}}, \""holiday\"": true, \""mean_rolling_periods\"": 7, \""macd_periods\"": 46, \""std_rolling_periods\"": 7, \""max_rolling_periods\"": 12, \""min_rolling_periods\"": 2, \""ewm_var_alpha\"": null, \""quantile90_rolling_periods\"": null, \""quantile10_rolling_periods\"": null, \""ewm_alpha\"": null, \""additional_lag_periods\"": 90, \""abs_energy\"": false, \""rolling_autocorr_periods\"": null, \""nonzero_last_n\"": null, \""add_date_part\"": \""simple_2\"", \""polynomial_degree\"": null, \""x_transform\"": null, \""regression_type\"": null}"", ""TransformationParameters"": ""{\""fillna\"": \""ffill\"", \""transformations\"": {\""0\"": \""Scaler\"", \""1\"": \""Detrend\"", \""2\"": \""DatepartRegression\""}, \""transformation_params\"": {\""0\"": {}, \""1\"": {\""model\"": \""Linear\"", \""phi\"": 1, \""window\"": 30, \""transform_dict\"": null}, \""2\"": {\""regression_model\"": {\""model\"": \""ElasticNet\"", \""model_params\"": {\""l1_ratio\"": 0.5, \""fit_intercept\"": true, \""selection\"": \""cyclic\"", \""max_iter\"": 1000}}, \""datepart_method\"": \""common_fourier\"", \""polynomial_degree\"": null, \""transform_dict\"": null, \""holiday_countries_used\"": false, \""lags\"": null, \""forward_lags\"": null}}}""}}, ""model_weights"": {}, ""point_method"": ""mean""}",{},1,2,8.714099999238591,0.5859245422449042,0.7741237416907709,0.5739927361608604,0.5859245422449042,0.0,-36.00987489083338,0.46098968716944333,69.45654271324938,0.5371821543865694,0.36853532488583185,0.9722222222222223,0.5333333333333333,3.71112841118486,0.9444444444444444,1.2882173086365332,0.42068562964160716,2.315724776145708,1.2763886234308255,0.10209688249015056,16.723333911208,7.387026832105153,23.34579844645746,0.026620614372369185,8.714099999238591,0.5859245422449042,0.7741237416907709,0.5739927361608604,0.5859245422449042,0.0,0.46098968716944333,0.5371821543865694,0.36853532488583185,3.71112841118486,0.9444444444444444,1.2882173086365332,0.42068562964160716,2.315724776145708,1.2763886234308255,0.10209688249015056,16.723333911208,7.387026832105153,23.34579844645746,0.026620614372369185,0.9722222222222223,0.5333333333333333,14.0262,16.876251139999816,10.769184573552678,Wh,10.769184573552678,Wh
345,22aa5634799e758169a0ee352e0ba689,Ensemble,"{""model_name"": ""BestN"", ""model_count"": 3, ""model_metric"": ""best_score_unique"", ""models"": {""a8ddd1ef89834c17140b9aab182e2ad4"": {""Model"": ""RollingRegression"", ""ModelParameters"": ""{\""regression_model\"": {\""model\"": \""ExtraTrees\"", \""model_params\"": {\""n_estimators\"": 100, \""min_samples_leaf\"": 1, \""min_samples_split\"": 2, \""max_depth\"": null, \""criterion\"": \""squared_error\"", \""max_features\"": 1}}, \""holiday\"": true, \""mean_rolling_periods\"": 7, \""macd_periods\"": 46, \""std_rolling_periods\"": 7, \""max_rolling_periods\"": 12, \""min_rolling_periods\"": 2, \""ewm_var_alpha\"": null, \""quantile90_rolling_periods\"": null, \""quantile10_rolling_periods\"": null, \""ewm_alpha\"": null, \""additional_lag_periods\"": 90, \""abs_energy\"": false, \""rolling_autocorr_periods\"": null, \""nonzero_last_n\"": null, \""add_date_part\"": \""simple_2\"", \""polynomial_degree\"": null, \""x_transform\"": null, \""regression_type\"": null}"", ""TransformationParameters"": ""{\""fillna\"": \""ffill\"", \""transformations\"": {\""0\"": \""Scaler\"", \""1\"": \""Detrend\"", \""2\"": \""DatepartRegression\""}, \""transformation_params\"": {\""0\"": {}, \""1\"": {\""model\"": \""Linear\"", \""phi\"": 1, \""window\"": 30, \""transform_dict\"": null}, \""2\"": {\""regression_model\"": {\""model\"": \""ElasticNet\"", \""model_params\"": {\""l1_ratio\"": 0.5, \""fit_intercept\"": true, \""selection\"": \""cyclic\"", \""max_iter\"": 1000}}, \""datepart_method\"": \""common_fourier\"", \""polynomial_degree\"": null, \""transform_dict\"": null, \""holiday_countries_used\"": false, \""lags\"": null, \""forward_lags\"": null}}}""}, ""a6a1477ee2b31d009999314fa5df12a0"": {""Model"": ""ARIMA"", ""ModelParameters"": ""{\""p\"": 4, \""d\"": 0, \""q\"": 0, \""regression_type\"": \""Holiday\""}"", ""TransformationParameters"": ""{\""fillna\"": \""ffill\"", \""transformations\"": {\""0\"": \""Scaler\"", \""1\"": \""Detrend\"", \""2\"": \""DatepartRegression\""}, \""transformation_params\"": {\""0\"": {}, \""1\"": {\""model\"": \""Linear\"", \""phi\"": 1, \""window\"": 30, \""transform_dict\"": null}, \""2\"": {\""regression_model\"": {\""model\"": \""ElasticNet\"", \""model_params\"": {\""l1_ratio\"": 0.5, \""fit_intercept\"": true, \""selection\"": \""cyclic\"", \""max_iter\"": 1000}}, \""datepart_method\"": \""common_fourier\"", \""polynomial_degree\"": null, \""transform_dict\"": null, \""holiday_countries_used\"": false, \""lags\"": null, \""forward_lags\"": null}}}""}}, ""model_weights"": {}, ""point_method"": ""mean""}",{},1,2,8.714099999238591,0.5859245422449042,0.7741237416907709,0.5739927361608606,0.5859245422449042,0.0,-36.00987489083339,0.46098968716944333,69.45654271324938,0.5371821543865692,0.36853532488583185,0.9722222222222223,0.5333333333333333,3.71112841118486,0.9444444444444444,1.2882173086365332,0.42068562964160716,2.315724776145708,1.276388623430825,0.10209688249015056,16.723333911208,7.38702683210515,23.345798446457465,0.02662061437236918,8.714099999238591,0.5859245422449042,0.7741237416907709,0.5739927361608606,0.5859245422449042,0.0,0.46098968716944333,0.5371821543865692,0.36853532488583185,3.71112841118486,0.9444444444444444,1.2882173086365332,0.42068562964160716,2.315724776145708,1.276388623430825,0.10209688249015056,16.723333911208,7.38702683210515,23.345798446457465,0.02662061437236918,0.9722222222222223,0.5333333333333333,12.818000000000001,16.876035436456633,10.769184573552678,Wh,10.769184573552678,Wh
346,1f39205d363fecdb79af2fa2e9d87792,Ensemble,"{""model_name"": ""BestN"", ""model_count"": 5, ""model_metric"": ""mixed_metric"", ""models"": {""9401cafd8f6b338a48dd5f0e109ef608"": {""Model"": ""ARIMA"", ""ModelParameters"": ""{\""p\"": 4, \""d\"": 1, \""q\"": 1, \""regression_type\"": null}"", ""TransformationParameters"": ""{\""fillna\"": \""ffill\"", \""transformations\"": {\""0\"": \""Scaler\"", \""1\"": \""Detrend\"", \""2\"": \""DatepartRegression\""}, \""transformation_params\"": {\""0\"": {}, \""1\"": {\""model\"": \""Linear\"", \""phi\"": 1, \""window\"": 30, \""transform_dict\"": null}, \""2\"": {\""regression_model\"": {\""model\"": \""ElasticNet\"", \""model_params\"": {\""l1_ratio\"": 0.5, \""fit_intercept\"": true, \""selection\"": \""cyclic\"", \""max_iter\"": 1000}}, \""datepart_method\"": \""common_fourier\"", \""polynomial_degree\"": null, \""transform_dict\"": null, \""holiday_countries_used\"": false, \""lags\"": null, \""forward_lags\"": null}}}""}, ""a8ad161bc7623e4bb730ce0012481031"": {""Model"": ""RollingRegression"", ""ModelParameters"": ""{\""regression_model\"": {\""model\"": \""RANSAC\"", \""model_params\"": {}}, \""holiday\"": true, \""mean_rolling_periods\"": 12, \""macd_periods\"": 24, \""std_rolling_periods\"": 10, \""max_rolling_periods\"": null, \""min_rolling_periods\"": 4, \""ewm_var_alpha\"": null, \""quantile90_rolling_periods\"": null, \""quantile10_rolling_periods\"": null, \""ewm_alpha\"": 0.8, \""additional_lag_periods\"": 2, \""abs_energy\"": false, \""rolling_autocorr_periods\"": null, \""nonzero_last_n\"": null, \""add_date_part\"": null, \""polynomial_degree\"": null, \""x_transform\"": null, \""regression_type\"": null}"", ""TransformationParameters"": ""{\""fillna\"": \""ffill\"", \""transformations\"": {\""0\"": \""Detrend\"", \""1\"": \""DatepartRegression\"", \""2\"": \""Scaler\"", \""3\"": \""Scaler\"", \""4\"": \""MinMaxScaler\""}, \""transformation_params\"": {\""0\"": {\""model\"": \""Linear\"", \""phi\"": 1, \""window\"": null, \""transform_dict\"": null}, \""1\"": {\""regression_model\"": {\""model\"": \""ElasticNet\"", \""model_params\"": {\""l1_ratio\"": 0.9, \""fit_intercept\"": true, \""selection\"": \""cyclic\"", \""max_iter\"": 200}}, \""datepart_method\"": \""common_fourier\"", \""polynomial_degree\"": null, \""transform_dict\"": null, \""holiday_countries_used\"": false, \""lags\"": null, \""forward_lags\"": 2}, \""2\"": {}, \""3\"": {}, \""4\"": {}}}""}}, ""point_method"": ""kalman"", ""model_weights"": {}}","{""fillna"": ""ffill"", ""transformations"": {""0"": ""RegressionFilter"", ""1"": ""HistoricValues""}, ""transformation_params"": {""0"": {""sigma"": 1, ""rolling_window"": 90, ""run_order"": ""season_first"", ""regression_params"": {""regression_model"": {""model"": ""ElasticNet"", ""model_params"": {""l1_ratio"": 0.5, ""fit_intercept"": false, ""selection"": ""cyclic"", ""max_iter"": 2000}}, ""datepart_method"": ""simple"", ""polynomial_degree"": null, ""transform_dict"": {""fillna"": null, ""transformations"": {""0"": ""ScipyFilter""}, ""transformation_params"": {""0"": {""method"": ""savgol_filter"", ""method_args"": {""window_length"": 31, ""polyorder"": 3, ""deriv"": 0, ""mode"": ""interp""}}}}, ""holiday_countries_used"": false, ""lags"": null, ""forward_lags"": null}, ""holiday_params"": null, ""trend_method"": ""rolling_mean""}, ""1"": {""window"": 28}}}",1,2,8.936682740973275,0.6034907354248895,0.7865665290891568,0.5780100088276272,0.6034907354248895,0.0,-32.641257762908936,0.4671255681857862,75.98707461357117,0.5596308891945021,0.34069133735004997,0.3888888888888889,0.5055555555555555,3.623689889907837,0.9444444444444444,1.295461079091942,0.4358743523296557,2.433859082102715,1.0239360574112306,0.09687617573914255,21.672908425331116,8.58189815865344,23.297269234228622,0.03458070092290913,8.936682740973275,0.6034907354248895,0.7865665290891568,0.5780100088276272,0.6034907354248895,0.0,0.4671255681857862,0.5596308891945021,0.34069133735004997,3.623689889907837,0.9444444444444444,1.295461079091942,0.4358743523296557,2.433859082102715,1.0239360574112306,0.09687617573914255,21.672908425331116,8.58189815865344,23.297269234228622,0.03458070092290913,0.3888888888888889,0.5055555555555555,14.12775,16.8485648342835,11.312099778670632,Wh,11.312099778670632,Wh
347,27b09ef88f223866433c8efe452efaf2,Ensemble,"{""model_name"": ""BestN"", ""model_count"": 5, ""model_metric"": ""mixed_metric"", ""models"": {""9401cafd8f6b338a48dd5f0e109ef608"": {""Model"": ""ARIMA"", ""ModelParameters"": ""{\""p\"": 4, \""d\"": 1, \""q\"": 1, \""regression_type\"": null}"", ""TransformationParameters"": ""{\""fillna\"": \""ffill\"", \""transformations\"": {\""0\"": \""Scaler\"", \""1\"": \""Detrend\"", \""2\"": \""DatepartRegression\""}, \""transformation_params\"": {\""0\"": {}, \""1\"": {\""model\"": \""Linear\"", \""phi\"": 1, \""window\"": 30, \""transform_dict\"": null}, \""2\"": {\""regression_model\"": {\""model\"": \""ElasticNet\"", \""model_params\"": {\""l1_ratio\"": 0.5, \""fit_intercept\"": true, \""selection\"": \""cyclic\"", \""max_iter\"": 1000}}, \""datepart_method\"": \""common_fourier\"", \""polynomial_degree\"": null, \""transform_dict\"": null, \""holiday_countries_used\"": false, \""lags\"": null, \""forward_lags\"": null}}}""}, ""a8ad161bc7623e4bb730ce0012481031"": {""Model"": ""RollingRegression"", ""ModelParameters"": ""{\""regression_model\"": {\""model\"": \""RANSAC\"", \""model_params\"": {}}, \""holiday\"": true, \""mean_rolling_periods\"": 12, \""macd_periods\"": 24, \""std_rolling_periods\"": 10, \""max_rolling_periods\"": null, \""min_rolling_periods\"": 4, \""ewm_var_alpha\"": null, \""quantile90_rolling_periods\"": null, \""quantile10_rolling_periods\"": null, \""ewm_alpha\"": 0.8, \""additional_lag_periods\"": 2, \""abs_energy\"": false, \""rolling_autocorr_periods\"": null, \""nonzero_last_n\"": null, \""add_date_part\"": null, \""polynomial_degree\"": null, \""x_transform\"": null, \""regression_type\"": null}"", ""TransformationParameters"": ""{\""fillna\"": \""ffill\"", \""transformations\"": {\""0\"": \""Detrend\"", \""1\"": \""DatepartRegression\"", \""2\"": \""Scaler\"", \""3\"": \""Scaler\"", \""4\"": \""MinMaxScaler\""}, \""transformation_params\"": {\""0\"": {\""model\"": \""Linear\"", \""phi\"": 1, \""window\"": null, \""transform_dict\"": null}, \""1\"": {\""regression_model\"": {\""model\"": \""ElasticNet\"", \""model_params\"": {\""l1_ratio\"": 0.9, \""fit_intercept\"": true, \""selection\"": \""cyclic\"", \""max_iter\"": 200}}, \""datepart_method\"": \""common_fourier\"", \""polynomial_degree\"": null, \""transform_dict\"": null, \""holiday_countries_used\"": false, \""lags\"": null, \""forward_lags\"": 2}, \""2\"": {}, \""3\"": {}, \""4\"": {}}}""}}, ""point_method"": ""median"", ""model_weights"": {}}","{""fillna"": ""ffill"", ""transformations"": {""0"": ""RegressionFilter"", ""1"": ""HistoricValues""}, ""transformation_params"": {""0"": {""sigma"": 1, ""rolling_window"": 90, ""run_order"": ""season_first"", ""regression_params"": {""regression_model"": {""model"": ""ElasticNet"", ""model_params"": {""l1_ratio"": 0.5, ""fit_intercept"": false, ""selection"": ""cyclic"", ""max_iter"": 2000}}, ""datepart_method"": ""simple"", ""polynomial_degree"": null, ""transform_dict"": {""fillna"": null, ""transformations"": {""0"": ""ScipyFilter""}, ""transformation_params"": {""0"": {""method"": ""savgol_filter"", ""method_args"": {""window_length"": 31, ""polyorder"": 3, ""deriv"": 0, ""mode"": ""interp""}}}}, ""holiday_countries_used"": false, ""lags"": null, ""forward_lags"": null}, ""holiday_params"": null, ""trend_method"": ""rolling_mean""}, ""1"": {""window"": 28}}}",1,2,8.890737786852725,0.5982162223921882,0.7786619105812752,0.585646507496634,0.5982162223921882,0.0,-37.25342035293579,0.47494483969983947,70.42549967765808,0.5452018631030413,0.34822637388203864,0.7666666666666666,0.49444444444444446,3.623689889907837,0.9444444444444444,1.2920827931625463,0.428720656194185,2.3091080372244326,1.0397578330351163,0.10599078045418299,16.586039662361145,8.237812409198597,23.158336416793674,0.02698118585740208,8.890737786852725,0.5982162223921882,0.7786619105812752,0.585646507496634,0.5982162223921882,0.0,0.47494483969983947,0.5452018631030413,0.34822637388203864,3.623689889907837,0.9444444444444444,1.2920827931625463,0.428720656194185,2.3091080372244326,1.0397578330351163,0.10599078045418299,16.586039662361145,8.237812409198597,23.158336416793674,0.02698118585740208,0.7666666666666666,0.49444444444444446,15.014050000000001,16.84841822024086,10.969987059240873,Wh,10.969987059240873,Wh
348,bd104d925d02eb9471d64f07ed2efe7f,Ensemble,"{""model_name"": ""BestN"", ""model_count"": 5, ""model_metric"": ""bestn_horizontal"", ""models"": {""5dff957b601bedf73b6f35d824a711b5"": {""Model"": ""Ensemble"", ""ModelParameters"": ""{\""model_name\"": \""BestN\"", \""model_count\"": 5, \""model_metric\"": \""mixed_metric\"", \""models\"": {\""860cd5b05944ecb82d3157f8432afabb\"": {\""Model\"": \""WindowRegression\"", \""ModelParameters\"": \""{\\\""window_size\\\"": 10, \\\""input_dim\\\"": \\\""univariate\\\"", \\\""output_dim\\\"": \\\""1step\\\"", \\\""normalize_window\\\"": false, \\\""max_windows\\\"": 5000000, \\\""fourier_encoding_components\\\"": null, \\\""scale\\\"": true, \\\""datepart_method\\\"": null, \\\""regression_type\\\"": null, \\\""regression_model\\\"": {\\\""model\\\"": \\\""SVM\\\"", \\\""model_params\\\"": {\\\""C\\\"": 0.1, \\\""tol\\\"": 0.001, \\\""epsilon\\\"": 0.0, \\\""loss\\\"": \\\""squared_epsilon_insensitive\\\"", \\\""max_iter\\\"": 50}}}\"", \""TransformationParameters\"": \""{\\\""fillna\\\"": \\\""pchip\\\"", \\\""transformations\\\"": {\\\""0\\\"": \\\""Scaler\\\""}, \\\""transformation_params\\\"": {\\\""0\\\"": {}}}\""}, \""c0b1c7a0ef49e381d5aea93045d68ec6\"": {\""Model\"": \""WindowRegression\"", \""ModelParameters\"": \""{\\\""window_size\\\"": 10, \\\""input_dim\\\"": \\\""univariate\\\"", \\\""output_dim\\\"": \\\""1step\\\"", \\\""normalize_window\\\"": false, \\\""max_windows\\\"": 5000000, \\\""fourier_encoding_components\\\"": null, \\\""scale\\\"": true, \\\""datepart_method\\\"": null, \\\""regression_type\\\"": null, \\\""regression_model\\\"": {\\\""model\\\"": \\\""SVM\\\"", \\\""model_params\\\"": {\\\""C\\\"": 0.1, \\\""tol\\\"": 0.001, \\\""epsilon\\\"": 0.0, \\\""loss\\\"": \\\""squared_epsilon_insensitive\\\"", \\\""max_iter\\\"": 50}}}\"", \""TransformationParameters\"": \""{\\\""fillna\\\"": \\\""ffill\\\"", \\\""transformations\\\"": {\\\""0\\\"": \\\""DatepartRegression\\\"", \\\""1\\\"": \\\""DatepartRegression\\\"", \\\""2\\\"": \\\""MinMaxScaler\\\"", \\\""3\\\"": \\\""Scaler\\\""}, \\\""transformation_params\\\"": {\\\""0\\\"": {\\\""regression_model\\\"": {\\\""model\\\"": \\\""ElasticNet\\\"", \\\""model_params\\\"": {\\\""l1_ratio\\\"": 0.5, \\\""fit_intercept\\\"": true, \\\""selection\\\"": \\\""cyclic\\\"", \\\""max_iter\\\"": 1000}}, \\\""datepart_method\\\"": \\\""anchored_segment_fourier:us_school\\\"", \\\""polynomial_degree\\\"": null, \\\""transform_dict\\\"": null, \\\""holiday_countries_used\\\"": false, \\\""lags\\\"": null, \\\""forward_lags\\\"": null}, \\\""1\\\"": {\\\""regression_model\\\"": {\\\""model\\\"": \\\""ElasticNet\\\"", \\\""model_params\\\"": {\\\""l1_ratio\\\"": 0.9, \\\""fit_intercept\\\"": true, \\\""selection\\\"": \\\""cyclic\\\"", \\\""max_iter\\\"": 200}}, \\\""datepart_method\\\"": \\\""common_fourier\\\"", \\\""polynomial_degree\\\"": null, \\\""transform_dict\\\"": null, \\\""holiday_countries_used\\\"": false, \\\""lags\\\"": null, \\\""forward_lags\\\"": 2}, \\\""2\\\"": {}, \\\""3\\\"": {}}}\""}, \""b56ba147e1633d9995afee23f1bd58c7\"": {\""Model\"": \""WindowRegression\"", \""ModelParameters\"": \""{\\\""window_size\\\"": 20, \\\""input_dim\\\"": \\\""univariate\\\"", \\\""output_dim\\\"": \\\""1step\\\"", \\\""normalize_window\\\"": false, \\\""max_windows\\\"": 5000000, \\\""fourier_encoding_components\\\"": null, \\\""scale\\\"": false, \\\""datepart_method\\\"": null, \\\""regression_type\\\"": null, \\\""regression_model\\\"": {\\\""model\\\"": \\\""xgboost\\\"", \\\""model_params\\\"": {\\\""booster\\\"": \\\""gbtree\\\"", \\\""objective\\\"": \\\""reg:squarederror\\\"", \\\""max_depth\\\"": 6, \\\""eta\\\"": 0.003, \\\""min_child_weight\\\"": 0.5, \\\""subsample\\\"": 1, \\\""colsample_bylevel\\\"": 0.9, \\\""reg_alpha\\\"": 0, \\\""reg_lambda\\\"": 1, \\\""n_estimators\\\"": 7, \\\""multi_strategy\\\"": \\\""multi_output_tree\\\"", \\\""tree_method\\\"": \\\""hist\\\""}}}\"", \""TransformationParameters\"": \""{\\\""fillna\\\"": \\\""ffill\\\"", \\\""transformations\\\"": {\\\""0\\\"": \\\""Scaler\\\"", \\\""1\\\"": \\\""Detrend\\\"", \\\""2\\\"": \\\""MinMaxScaler\\\""}, \\\""transformation_params\\\"": {\\\""0\\\"": {}, \\\""1\\\"": {\\\""model\\\"": \\\""Linear\\\"", \\\""phi\\\"": 1, \\\""window\\\"": 30, \\\""transform_dict\\\"": null}, \\\""2\\\"": {}}}\""}, \""7d046fbef1e1594270dc26a3315f53d9\"": {\""Model\"": \""WindowRegression\"", \""ModelParameters\"": \""{\\\""window_size\\\"": 10, \\\""input_dim\\\"": \\\""univariate\\\"", \\\""output_dim\\\"": \\\""1step\\\"", \\\""normalize_window\\\"": false, \\\""max_windows\\\"": 5000000, \\\""fourier_encoding_components\\\"": null, \\\""scale\\\"": true, \\\""datepart_method\\\"": null, \\\""regression_type\\\"": null, \\\""regression_model\\\"": {\\\""model\\\"": \\\""SVM\\\"", \\\""model_params\\\"": {\\\""C\\\"": 0.1, \\\""tol\\\"": 0.001, \\\""epsilon\\\"": 0.0, \\\""loss\\\"": \\\""squared_epsilon_insensitive\\\"", \\\""max_iter\\\"": 50}}}\"", \""TransformationParameters\"": \""{\\\""fillna\\\"": \\\""ffill\\\"", \\\""transformations\\\"": {\\\""0\\\"": \\\""Scaler\\\"", \\\""1\\\"": \\\""Detrend\\\""}, \\\""transformation_params\\\"": {\\\""0\\\"": {}, \\\""1\\\"": {\\\""model\\\"": \\\""Linear\\\"", \\\""phi\\\"": 1, \\\""window\\\"": 30, \\\""transform_dict\\\"": null}}}\""}, \""e9ab0dee8ad32b476a4ab9bc6aed1fef\"": {\""Model\"": \""RollingRegression\"", \""ModelParameters\"": \""{\\\""regression_model\\\"": {\\\""model\\\"": \\\""RANSAC\\\"", \\\""model_params\\\"": {}}, \\\""holiday\\\"": true, \\\""mean_rolling_periods\\\"": 12, \\\""macd_periods\\\"": 24, \\\""std_rolling_periods\\\"": 30, \\\""max_rolling_periods\\\"": 12, \\\""min_rolling_periods\\\"": null, \\\""ewm_var_alpha\\\"": null, \\\""quantile90_rolling_periods\\\"": null, \\\""quantile10_rolling_periods\\\"": null, \\\""ewm_alpha\\\"": 0.8, \\\""additional_lag_periods\\\"": 6, \\\""abs_energy\\\"": false, \\\""rolling_autocorr_periods\\\"": null, \\\""nonzero_last_n\\\"": null, \\\""add_date_part\\\"": null, \\\""polynomial_degree\\\"": null, \\\""x_transform\\\"": null, \\\""regression_type\\\"": null}\"", \""TransformationParameters\"": \""{\\\""fillna\\\"": \\\""ffill\\\"", \\\""transformations\\\"": {\\\""0\\\"": \\\""Scaler\\\"", \\\""1\\\"": \\\""Detrend\\\"", \\\""2\\\"": \\\""DatepartRegression\\\""}, \\\""transformation_params\\\"": {\\\""0\\\"": {}, \\\""1\\\"": {\\\""model\\\"": \\\""Linear\\\"", \\\""phi\\\"": 1, \\\""window\\\"": 30, \\\""transform_dict\\\"": null}, \\\""2\\\"": {\\\""regression_model\\\"": {\\\""model\\\"": \\\""ElasticNet\\\"", \\\""model_params\\\"": {\\\""l1_ratio\\\"": 0.5, \\\""fit_intercept\\\"": true, \\\""selection\\\"": \\\""cyclic\\\"", \\\""max_iter\\\"": 1000}}, \\\""datepart_method\\\"": \\\""common_fourier\\\"", \\\""polynomial_degree\\\"": null, \\\""transform_dict\\\"": null, \\\""holiday_countries_used\\\"": false, \\\""lags\\\"": null, \\\""forward_lags\\\"": null}}}\""}}, \""point_method\"": \""median\"", \""model_weights\"": {}}"", ""TransformationParameters"": ""{}""}}, ""point_method"": ""median"", ""model_weights"": {}}","{""fillna"": ""fake_date"", ""transformations"": {""0"": ""FIRFilter"", ""1"": ""AlignLastValue"", ""2"": ""AlignLastValue""}, ""transformation_params"": {""0"": {""numtaps"": 32, ""cutoff_hz"": 0.1, ""window"": ""triang"", ""sampling_frequency"": 12, ""on_transform"": false, ""on_inverse"": true, ""bounds_only"": true}, ""1"": {""rows"": 1, ""lag"": 1, ""method"": ""multiplicative"", ""strength"": 1.0, ""first_value_only"": false, ""threshold"": null, ""threshold_method"": ""mean""}, ""2"": {""rows"": 1, ""lag"": 1, ""method"": ""multiplicative"", ""strength"": 1.0, ""first_value_only"": true, ""threshold"": 10, ""threshold_method"": ""max""}}}",1,2,9.46099730183679,0.6371101925229271,0.8097615197557444,0.6657361569608545,0.6371101925229271,0.0,-51.292563628288676,0.5263322346391002,63.3872710258382,0.5543317590671217,0.2864064868197019,0.9222222222222223,0.5,2.689201565144905,0.9388888888888889,1.2974934772711202,0.4690147514319428,2.6126277873404544,0.6693788204377787,0.407471422882576,6.047353698774769,7.361403278821599,12.89882202686407,0.010418975319521951,9.46099730183679,0.6371101925229271,0.8097615197557444,0.6657361569608545,0.6371101925229271,0.0,0.5263322346391002,0.5543317590671217,0.2864064868197019,2.689201565144905,0.9388888888888889,1.2974934772711202,0.4690147514319428,2.6126277873404544,0.6693788204377787,0.407471422882576,6.047353698774769,7.361403278821599,12.89882202686407,0.010418975319521951,0.9222222222222223,0.5,32.07705,16.847484093470083,12.109689428420056,Wh,12.109689428420056,Wh
349,a345e20dec99a3ecd5803ef4bc2aefbb,Ensemble,"{""model_name"": ""BestN"", ""model_count"": 3, ""model_metric"": ""best_score"", ""models"": {}, ""model_weights"": {}, ""point_method"": ""mean""}","{""fillna"": ""fake_date"", ""transformations"": {""0"": ""FIRFilter"", ""1"": ""AlignLastValue"", ""2"": ""AlignLastValue""}, ""transformation_params"": {""0"": {""numtaps"": 32, ""cutoff_hz"": 0.1, ""window"": ""triang"", ""sampling_frequency"": 12, ""on_transform"": false, ""on_inverse"": true, ""bounds_only"": true}, ""1"": {""rows"": 1, ""lag"": 1, ""method"": ""multiplicative"", ""strength"": 1.0, ""first_value_only"": false, ""threshold"": null, ""threshold_method"": ""mean""}, ""2"": {""rows"": 1, ""lag"": 1, ""method"": ""multiplicative"", ""strength"": 1.0, ""first_value_only"": true, ""threshold"": 10, ""threshold_method"": ""max""}}}",1,2,9.46099730183679,0.6371101925229271,0.8097615197557444,0.6657361569608545,0.6371101925229271,0.0,-51.292563628288676,0.5263322346391002,63.3872710258382,0.5543317590671217,0.2864064868197019,0.9222222222222223,0.5,2.689201565144905,0.9388888888888889,1.2974934772711202,0.4690147514319428,2.6126277873404544,0.6693788204377787,0.407471422882576,6.047353698774769,7.361403278821599,12.89882202686407,0.010418975319521951,9.46099730183679,0.6371101925229271,0.8097615197557444,0.6657361569608545,0.6371101925229271,0.0,0.5263322346391002,0.5543317590671217,0.2864064868197019,2.689201565144905,0.9388888888888889,1.2974934772711202,0.4690147514319428,2.6126277873404544,0.6693788204377787,0.407471422882576,6.047353698774769,7.361403278821599,12.89882202686407,0.010418975319521951,0.9222222222222223,0.5,19.41185,16.845222937605918,12.109689428420056,Wh,12.109689428420056,Wh
350,a495ed00c6629155eff1e2a3ba34c210,Ensemble,"{""model_name"": ""BestN"", ""model_count"": 5, ""model_metric"": ""mixed_metric"", ""models"": {""860cd5b05944ecb82d3157f8432afabb"": {""Model"": ""WindowRegression"", ""ModelParameters"": ""{\""window_size\"": 10, \""input_dim\"": \""univariate\"", \""output_dim\"": \""1step\"", \""normalize_window\"": false, \""max_windows\"": 5000000, \""fourier_encoding_components\"": null, \""scale\"": true, \""datepart_method\"": null, \""regression_type\"": null, \""regression_model\"": {\""model\"": \""SVM\"", \""model_params\"": {\""C\"": 0.1, \""tol\"": 0.001, \""epsilon\"": 0.0, \""loss\"": \""squared_epsilon_insensitive\"", \""max_iter\"": 50}}}"", ""TransformationParameters"": ""{\""fillna\"": \""pchip\"", \""transformations\"": {\""0\"": \""Scaler\""}, \""transformation_params\"": {\""0\"": {}}}""}, ""c0b1c7a0ef49e381d5aea93045d68ec6"": {""Model"": ""WindowRegression"", ""ModelParameters"": ""{\""window_size\"": 10, \""input_dim\"": \""univariate\"", \""output_dim\"": \""1step\"", \""normalize_window\"": false, \""max_windows\"": 5000000, \""fourier_encoding_components\"": null, \""scale\"": true, \""datepart_method\"": null, \""regression_type\"": null, \""regression_model\"": {\""model\"": \""SVM\"", \""model_params\"": {\""C\"": 0.1, \""tol\"": 0.001, \""epsilon\"": 0.0, \""loss\"": \""squared_epsilon_insensitive\"", \""max_iter\"": 50}}}"", ""TransformationParameters"": ""{\""fillna\"": \""ffill\"", \""transformations\"": {\""0\"": \""DatepartRegression\"", \""1\"": \""DatepartRegression\"", \""2\"": \""MinMaxScaler\"", \""3\"": \""Scaler\""}, \""transformation_params\"": {\""0\"": {\""regression_model\"": {\""model\"": \""ElasticNet\"", \""model_params\"": {\""l1_ratio\"": 0.5, \""fit_intercept\"": true, \""selection\"": \""cyclic\"", \""max_iter\"": 1000}}, \""datepart_method\"": \""anchored_segment_fourier:us_school\"", \""polynomial_degree\"": null, \""transform_dict\"": null, \""holiday_countries_used\"": false, \""lags\"": null, \""forward_lags\"": null}, \""1\"": {\""regression_model\"": {\""model\"": \""ElasticNet\"", \""model_params\"": {\""l1_ratio\"": 0.9, \""fit_intercept\"": true, \""selection\"": \""cyclic\"", \""max_iter\"": 200}}, \""datepart_method\"": \""common_fourier\"", \""polynomial_degree\"": null, \""transform_dict\"": null, \""holiday_countries_used\"": false, \""lags\"": null, \""forward_lags\"": 2}, \""2\"": {}, \""3\"": {}}}""}, ""b56ba147e1633d9995afee23f1bd58c7"": {""Model"": ""WindowRegression"", ""ModelParameters"": ""{\""window_size\"": 20, \""input_dim\"": \""univariate\"", \""output_dim\"": \""1step\"", \""normalize_window\"": false, \""max_windows\"": 5000000, \""fourier_encoding_components\"": null, \""scale\"": false, \""datepart_method\"": null, \""regression_type\"": null, \""regression_model\"": {\""model\"": \""xgboost\"", \""model_params\"": {\""booster\"": \""gbtree\"", \""objective\"": \""reg:squarederror\"", \""max_depth\"": 6, \""eta\"": 0.003, \""min_child_weight\"": 0.5, \""subsample\"": 1, \""colsample_bylevel\"": 0.9, \""reg_alpha\"": 0, \""reg_lambda\"": 1, \""n_estimators\"": 7, \""multi_strategy\"": \""multi_output_tree\"", \""tree_method\"": \""hist\""}}}"", ""TransformationParameters"": ""{\""fillna\"": \""ffill\"", \""transformations\"": {\""0\"": \""Scaler\"", \""1\"": \""Detrend\"", \""2\"": \""MinMaxScaler\""}, \""transformation_params\"": {\""0\"": {}, \""1\"": {\""model\"": \""Linear\"", \""phi\"": 1, \""window\"": 30, \""transform_dict\"": null}, \""2\"": {}}}""}, ""7d046fbef1e1594270dc26a3315f53d9"": {""Model"": ""WindowRegression"", ""ModelParameters"": ""{\""window_size\"": 10, \""input_dim\"": \""univariate\"", \""output_dim\"": \""1step\"", \""normalize_window\"": false, \""max_windows\"": 5000000, \""fourier_encoding_components\"": null, \""scale\"": true, \""datepart_method\"": null, \""regression_type\"": null, \""regression_model\"": {\""model\"": \""SVM\"", \""model_params\"": {\""C\"": 0.1, \""tol\"": 0.001, \""epsilon\"": 0.0, \""loss\"": \""squared_epsilon_insensitive\"", \""max_iter\"": 50}}}"", ""TransformationParameters"": ""{\""fillna\"": \""ffill\"", \""transformations\"": {\""0\"": \""Scaler\"", \""1\"": \""Detrend\""}, \""transformation_params\"": {\""0\"": {}, \""1\"": {\""model\"": \""Linear\"", \""phi\"": 1, \""window\"": 30, \""transform_dict\"": null}}}""}, ""e9ab0dee8ad32b476a4ab9bc6aed1fef"": {""Model"": ""RollingRegression"", ""ModelParameters"": ""{\""regression_model\"": {\""model\"": \""RANSAC\"", \""model_params\"": {}}, \""holiday\"": true, \""mean_rolling_periods\"": 12, \""macd_periods\"": 24, \""std_rolling_periods\"": 30, \""max_rolling_periods\"": 12, \""min_rolling_periods\"": null, \""ewm_var_alpha\"": null, \""quantile90_rolling_periods\"": null, \""quantile10_rolling_periods\"": null, \""ewm_alpha\"": 0.8, \""additional_lag_periods\"": 6, \""abs_energy\"": false, \""rolling_autocorr_periods\"": null, \""nonzero_last_n\"": null, \""add_date_part\"": null, \""polynomial_degree\"": null, \""x_transform\"": null, \""regression_type\"": null}"", ""TransformationParameters"": ""{\""fillna\"": \""ffill\"", \""transformations\"": {\""0\"": \""Scaler\"", \""1\"": \""Detrend\"", \""2\"": \""DatepartRegression\""}, \""transformation_params\"": {\""0\"": {}, \""1\"": {\""model\"": \""Linear\"", \""phi\"": 1, \""window\"": 30, \""transform_dict\"": null}, \""2\"": {\""regression_model\"": {\""model\"": \""ElasticNet\"", \""model_params\"": {\""l1_ratio\"": 0.5, \""fit_intercept\"": true, \""selection\"": \""cyclic\"", \""max_iter\"": 1000}}, \""datepart_method\"": \""common_fourier\"", \""polynomial_degree\"": null, \""transform_dict\"": null, \""holiday_countries_used\"": false, \""lags\"": null, \""forward_lags\"": null}}}""}}, ""point_method"": ""median"", ""model_weights"": {}}","{""fillna"": ""fake_date"", ""transformations"": {""0"": ""FIRFilter"", ""1"": ""AlignLastValue"", ""2"": ""AlignLastValue""}, ""transformation_params"": {""0"": {""numtaps"": 32, ""cutoff_hz"": 0.1, ""window"": ""triang"", ""sampling_frequency"": 12, ""on_transform"": false, ""on_inverse"": true, ""bounds_only"": true}, ""1"": {""rows"": 1, ""lag"": 1, ""method"": ""multiplicative"", ""strength"": 1.0, ""first_value_only"": false, ""threshold"": null, ""threshold_method"": ""mean""}, ""2"": {""rows"": 1, ""lag"": 1, ""method"": ""multiplicative"", ""strength"": 1.0, ""first_value_only"": true, ""threshold"": 10, ""threshold_method"": ""max""}}}",1,2,9.46099730183679,0.6371101925229271,0.8097615197557444,0.6657361569608545,0.6371101925229271,0.0,-51.292563628288676,0.5263322346391002,63.3872710258382,0.5543317590671217,0.2864064868197019,0.9222222222222223,0.5,2.689201565144905,0.9388888888888889,1.2974934772711202,0.4690147514319428,2.6126277873404544,0.6693788204377787,0.407471422882576,6.047353698774769,7.361403278821599,12.89882202686407,0.010418975319521951,9.46099730183679,0.6371101925229271,0.8097615197557444,0.6657361569608545,0.6371101925229271,0.0,0.5263322346391002,0.5543317590671217,0.2864064868197019,2.689201565144905,0.9388888888888889,1.2974934772711202,0.4690147514319428,2.6126277873404544,0.6693788204377787,0.407471422882576,6.047353698774769,7.361403278821599,12.89882202686407,0.010418975319521951,0.9222222222222223,0.5,6.96435,16.84300064837091,12.109689428420056,Wh,12.109689428420056,Wh
351,60ab0dfe0bad9ae6d4c08802abacf21d,Ensemble,"{""model_name"": ""BestN"", ""model_count"": 3, ""model_metric"": ""mixed_metric"", ""models"": {""9401cafd8f6b338a48dd5f0e109ef608"": {""Model"": ""ARIMA"", ""ModelParameters"": ""{\""p\"": 4, \""d\"": 1, \""q\"": 1, \""regression_type\"": null}"", ""TransformationParameters"": ""{\""fillna\"": \""ffill\"", \""transformations\"": {\""0\"": \""Scaler\"", \""1\"": \""Detrend\"", \""2\"": \""DatepartRegression\""}, \""transformation_params\"": {\""0\"": {}, \""1\"": {\""model\"": \""Linear\"", \""phi\"": 1, \""window\"": 30, \""transform_dict\"": null}, \""2\"": {\""regression_model\"": {\""model\"": \""ElasticNet\"", \""model_params\"": {\""l1_ratio\"": 0.5, \""fit_intercept\"": true, \""selection\"": \""cyclic\"", \""max_iter\"": 1000}}, \""datepart_method\"": \""common_fourier\"", \""polynomial_degree\"": null, \""transform_dict\"": null, \""holiday_countries_used\"": false, \""lags\"": null, \""forward_lags\"": null}}}""}}, ""model_weights"": {}, ""point_method"": ""mean""}","{""fillna"": ""fake_date"", ""transformations"": {""0"": ""AlignLastValue"", ""1"": ""AlignLastValue""}, ""transformation_params"": {""0"": {""rows"": 1, ""lag"": 1, ""method"": ""multiplicative"", ""strength"": 1.0, ""first_value_only"": false, ""threshold"": null, ""threshold_method"": ""mean""}, ""1"": {""rows"": 1, ""lag"": 1, ""method"": ""multiplicative"", ""strength"": 1.0, ""first_value_only"": true, ""threshold"": 10, ""threshold_method"": ""max""}}}",1,2,8.456316100473629,0.5681439658624965,0.7451945184088502,0.5667934357982598,0.5681439658624965,0.0,-46.13186892603942,0.47162794087060544,56.13404492920996,0.5017474975944213,0.39694481012642685,0.9722222222222222,0.5277777777777778,3.471157761389203,0.9444444444444444,1.2727293952049596,0.4005848446278144,2.136752687866348,0.55473913633506,0.05493573248898422,5.001088001585271,6.066317783153161,24.61325257623794,0.008894118748870864,8.456316100473629,0.5681439658624965,0.7451945184088502,0.5667934357982598,0.5681439658624965,0.0,0.47162794087060544,0.5017474975944213,0.39694481012642685,3.471157761389203,0.9444444444444444,1.2727293952049596,0.4005848446278144,2.136752687866348,0.55473913633506,0.05493573248898422,5.001088001585271,6.066317783153161,24.61325257623794,0.008894118748870864,0.9722222222222222,0.5277777777777778,8.1025,16.820647685751553,10.562923177157543,Wh,10.562923177157543,Wh
352,c0d1df9c45e05d308758a3ed8ee8154d,Ensemble,"{""model_name"": ""BestN"", ""model_count"": 3, ""model_metric"": ""mixed_metric"", ""models"": {""9401cafd8f6b338a48dd5f0e109ef608"": {""Model"": ""ARIMA"", ""ModelParameters"": ""{\""p\"": 4, \""d\"": 1, \""q\"": 1, \""regression_type\"": null}"", ""TransformationParameters"": ""{\""fillna\"": \""ffill\"", \""transformations\"": {\""0\"": \""Scaler\"", \""1\"": \""Detrend\"", \""2\"": \""DatepartRegression\""}, \""transformation_params\"": {\""0\"": {}, \""1\"": {\""model\"": \""Linear\"", \""phi\"": 1, \""window\"": 30, \""transform_dict\"": null}, \""2\"": {\""regression_model\"": {\""model\"": \""ElasticNet\"", \""model_params\"": {\""l1_ratio\"": 0.5, \""fit_intercept\"": true, \""selection\"": \""cyclic\"", \""max_iter\"": 1000}}, \""datepart_method\"": \""common_fourier\"", \""polynomial_degree\"": null, \""transform_dict\"": null, \""holiday_countries_used\"": false, \""lags\"": null, \""forward_lags\"": null}}}""}}, ""model_weights"": {}, ""point_method"": ""mean""}","{""fillna"": ""fake_date"", ""transformations"": {""0"": ""FIRFilter"", ""1"": ""AlignLastValue"", ""2"": ""AlignLastValue""}, ""transformation_params"": {""0"": {""numtaps"": 32, ""cutoff_hz"": 0.1, ""window"": ""triang"", ""sampling_frequency"": 12, ""on_transform"": false, ""on_inverse"": true, ""bounds_only"": true}, ""1"": {""rows"": 1, ""lag"": 1, ""method"": ""multiplicative"", ""strength"": 1.0, ""first_value_only"": false, ""threshold"": null, ""threshold_method"": ""mean""}, ""2"": {""rows"": 1, ""lag"": 1, ""method"": ""multiplicative"", ""strength"": 1.0, ""first_value_only"": true, ""threshold"": 10, ""threshold_method"": ""max""}}}",1,2,8.456316100473629,0.5681439658624965,0.7451945184088502,0.5667934357982598,0.5681439658624965,0.0,-46.13186892603942,0.47162794087060544,56.13404492920996,0.5017474975944213,0.3964803794752097,0.9722222222222222,0.5277777777777778,3.471157761389203,0.9444444444444444,1.2727293952049596,0.4005848446278144,2.136752687866348,0.55473913633506,0.05493573248898422,5.001088001585271,6.066317783153161,24.61325257623794,0.008894118748870864,8.456316100473629,0.5681439658624965,0.7451945184088502,0.5667934357982598,0.5681439658624965,0.0,0.47162794087060544,0.5017474975944213,0.3964803794752097,3.471157761389203,0.9444444444444444,1.2727293952049596,0.4005848446278144,2.136752687866348,0.55473913633506,0.05493573248898422,5.001088001585271,6.066317783153161,24.61325257623794,0.008894118748870864,0.9722222222222222,0.5277777777777778,8.2675,16.81509836276215,10.562923177157543,Wh,10.562923177157543,Wh
353,4b4da0a1d9e97654ad455f9f3c2f5151,Ensemble,"{""model_name"": ""BestN"", ""model_count"": 5, ""model_metric"": ""mixed_metric"", ""models"": {""9401cafd8f6b338a48dd5f0e109ef608"": {""Model"": ""ARIMA"", ""ModelParameters"": ""{\""p\"": 4, \""d\"": 1, \""q\"": 1, \""regression_type\"": null}"", ""TransformationParameters"": ""{\""fillna\"": \""ffill\"", \""transformations\"": {\""0\"": \""Scaler\"", \""1\"": \""Detrend\"", \""2\"": \""DatepartRegression\""}, \""transformation_params\"": {\""0\"": {}, \""1\"": {\""model\"": \""Linear\"", \""phi\"": 1, \""window\"": 30, \""transform_dict\"": null}, \""2\"": {\""regression_model\"": {\""model\"": \""ElasticNet\"", \""model_params\"": {\""l1_ratio\"": 0.5, \""fit_intercept\"": true, \""selection\"": \""cyclic\"", \""max_iter\"": 1000}}, \""datepart_method\"": \""common_fourier\"", \""polynomial_degree\"": null, \""transform_dict\"": null, \""holiday_countries_used\"": false, \""lags\"": null, \""forward_lags\"": null}}}""}, ""a8ad161bc7623e4bb730ce0012481031"": {""Model"": ""RollingRegression"", ""ModelParameters"": ""{\""regression_model\"": {\""model\"": \""RANSAC\"", \""model_params\"": {}}, \""holiday\"": true, \""mean_rolling_periods\"": 12, \""macd_periods\"": 24, \""std_rolling_periods\"": 10, \""max_rolling_periods\"": null, \""min_rolling_periods\"": 4, \""ewm_var_alpha\"": null, \""quantile90_rolling_periods\"": null, \""quantile10_rolling_periods\"": null, \""ewm_alpha\"": 0.8, \""additional_lag_periods\"": 2, \""abs_energy\"": false, \""rolling_autocorr_periods\"": null, \""nonzero_last_n\"": null, \""add_date_part\"": null, \""polynomial_degree\"": null, \""x_transform\"": null, \""regression_type\"": null}"", ""TransformationParameters"": ""{\""fillna\"": \""ffill\"", \""transformations\"": {\""0\"": \""Detrend\"", \""1\"": \""DatepartRegression\"", \""2\"": \""Scaler\"", \""3\"": \""Scaler\"", \""4\"": \""MinMaxScaler\""}, \""transformation_params\"": {\""0\"": {\""model\"": \""Linear\"", \""phi\"": 1, \""window\"": null, \""transform_dict\"": null}, \""1\"": {\""regression_model\"": {\""model\"": \""ElasticNet\"", \""model_params\"": {\""l1_ratio\"": 0.9, \""fit_intercept\"": true, \""selection\"": \""cyclic\"", \""max_iter\"": 200}}, \""datepart_method\"": \""common_fourier\"", \""polynomial_degree\"": null, \""transform_dict\"": null, \""holiday_countries_used\"": false, \""lags\"": null, \""forward_lags\"": 2}, \""2\"": {}, \""3\"": {}, \""4\"": {}}}""}}, ""point_method"": ""kalman"", ""model_weights"": {}}","{""fillna"": ""fake_date"", ""transformations"": {""0"": ""FIRFilter"", ""1"": ""AlignLastValue"", ""2"": ""AlignLastValue""}, ""transformation_params"": {""0"": {""numtaps"": 32, ""cutoff_hz"": 0.1, ""window"": ""triang"", ""sampling_frequency"": 12, ""on_transform"": false, ""on_inverse"": true, ""bounds_only"": true}, ""1"": {""rows"": 1, ""lag"": 1, ""method"": ""multiplicative"", ""strength"": 1.0, ""first_value_only"": false, ""threshold"": null, ""threshold_method"": ""mean""}, ""2"": {""rows"": 1, ""lag"": 1, ""method"": ""multiplicative"", ""strength"": 1.0, ""first_value_only"": true, ""threshold"": 10, ""threshold_method"": ""max""}}}",1,2,8.828826639218702,0.5966293103142395,0.7864841511787339,0.5742597566594188,0.5966293103142395,0.0,-32.66437087323415,0.46102374220304887,74.72890498332899,0.5528627753580528,0.34691386378806255,0.39444444444444443,0.48888888888888893,3.644580655805603,0.9388888888888889,1.2945560145458253,0.42600617909302735,2.4266246578143766,0.6349404815563298,0.11783165579726558,21.032267055047413,8.534188741269723,23.04062289851403,0.03356180884946068,8.828826639218702,0.5966293103142395,0.7864841511787339,0.5742597566594188,0.5966293103142395,0.0,0.46102374220304887,0.5528627753580528,0.34691386378806255,3.644580655805603,0.9388888888888889,1.2945560145458253,0.42600617909302735,2.4266246578143766,0.6349404815563298,0.11783165579726558,21.032267055047413,8.534188741269723,23.04062289851403,0.03356180884946068,0.39444444444444443,0.48888888888888893,14.19375,16.808035174361905,11.305838888251268,Wh,11.305838888251268,Wh
354,ef7cb0ca524b29464e6c33c5ad2afb5c,Ensemble,"{""model_name"": ""BestN"", ""model_count"": 3, ""model_metric"": ""bestn_horizontal"", ""models"": {""a8ddd1ef89834c17140b9aab182e2ad4"": {""Model"": ""RollingRegression"", ""ModelParameters"": ""{\""regression_model\"": {\""model\"": \""ExtraTrees\"", \""model_params\"": {\""n_estimators\"": 100, \""min_samples_leaf\"": 1, \""min_samples_split\"": 2, \""max_depth\"": null, \""criterion\"": \""squared_error\"", \""max_features\"": 1}}, \""holiday\"": true, \""mean_rolling_periods\"": 7, \""macd_periods\"": 46, \""std_rolling_periods\"": 7, \""max_rolling_periods\"": 12, \""min_rolling_periods\"": 2, \""ewm_var_alpha\"": null, \""quantile90_rolling_periods\"": null, \""quantile10_rolling_periods\"": null, \""ewm_alpha\"": null, \""additional_lag_periods\"": 90, \""abs_energy\"": false, \""rolling_autocorr_periods\"": null, \""nonzero_last_n\"": null, \""add_date_part\"": \""simple_2\"", \""polynomial_degree\"": null, \""x_transform\"": null, \""regression_type\"": null}"", ""TransformationParameters"": ""{\""fillna\"": \""ffill\"", \""transformations\"": {\""0\"": \""Scaler\"", \""1\"": \""Detrend\"", \""2\"": \""DatepartRegression\""}, \""transformation_params\"": {\""0\"": {}, \""1\"": {\""model\"": \""Linear\"", \""phi\"": 1, \""window\"": 30, \""transform_dict\"": null}, \""2\"": {\""regression_model\"": {\""model\"": \""ElasticNet\"", \""model_params\"": {\""l1_ratio\"": 0.5, \""fit_intercept\"": true, \""selection\"": \""cyclic\"", \""max_iter\"": 1000}}, \""datepart_method\"": \""common_fourier\"", \""polynomial_degree\"": null, \""transform_dict\"": null, \""holiday_countries_used\"": false, \""lags\"": null, \""forward_lags\"": null}}}""}, ""a6a1477ee2b31d009999314fa5df12a0"": {""Model"": ""ARIMA"", ""ModelParameters"": ""{\""p\"": 4, \""d\"": 0, \""q\"": 0, \""regression_type\"": \""Holiday\""}"", ""TransformationParameters"": ""{\""fillna\"": \""ffill\"", \""transformations\"": {\""0\"": \""Scaler\"", \""1\"": \""Detrend\"", \""2\"": \""DatepartRegression\""}, \""transformation_params\"": {\""0\"": {}, \""1\"": {\""model\"": \""Linear\"", \""phi\"": 1, \""window\"": 30, \""transform_dict\"": null}, \""2\"": {\""regression_model\"": {\""model\"": \""ElasticNet\"", \""model_params\"": {\""l1_ratio\"": 0.5, \""fit_intercept\"": true, \""selection\"": \""cyclic\"", \""max_iter\"": 1000}}, \""datepart_method\"": \""common_fourier\"", \""polynomial_degree\"": null, \""transform_dict\"": null, \""holiday_countries_used\"": false, \""lags\"": null, \""forward_lags\"": null}}}""}}, ""model_weights"": {""92d666001d3288989025051fecaf3542"": 3.0, ""a8ddd1ef89834c17140b9aab182e2ad4"": 2.0, ""a6a1477ee2b31d009999314fa5df12a0"": 1.0}, ""point_method"": ""mean""}","{""fillna"": ""ffill"", ""transformations"": {""0"": ""FFTFilter"", ""1"": ""HistoricValues""}, ""transformation_params"": {""0"": {""cutoff"": 0.01, ""reverse"": false, ""on_transform"": false, ""on_inverse"": true}, ""1"": {""window"": null}}}",1,2,8.65384056316264,0.5831401979481733,0.7869584460211488,0.5782513923357457,0.5831401979481733,0.0,-33.90538676579789,0.4529979263909974,71.05984886487329,0.537197749438225,0.3638328532425885,0.9611111111111111,0.5166666666666666,3.7414531919691303,0.9444444444444444,1.2896476209410213,0.4032324273683871,2.275478571200636,1.5284138489247006,0.013794250683850963,18.5772310495377,6.0912175625578655,25.539046954650452,0.029694456400989753,8.65384056316264,0.5831401979481733,0.7869584460211488,0.5782513923357457,0.5831401979481733,0.0,0.4529979263909974,0.537197749438225,0.3638328532425885,3.7414531919691303,0.9444444444444444,1.2896476209410213,0.4032324273683871,2.275478571200636,1.5284138489247006,0.013794250683850963,18.5772310495377,6.0912175625578655,25.539046954650452,0.029694456400989753,0.9611111111111111,0.5166666666666666,13.740200000000002,16.803168594127467,10.86437471292951,Wh,10.86437471292951,Wh
355,1c3078b3d339f96b7ba62d871c29e59c,Ensemble,"{""model_name"": ""BestN"", ""model_count"": 5, ""model_metric"": ""mixed_metric"", ""models"": {""9401cafd8f6b338a48dd5f0e109ef608"": {""Model"": ""ARIMA"", ""ModelParameters"": ""{\""p\"": 4, \""d\"": 1, \""q\"": 1, \""regression_type\"": null}"", ""TransformationParameters"": ""{\""fillna\"": \""ffill\"", \""transformations\"": {\""0\"": \""Scaler\"", \""1\"": \""Detrend\"", \""2\"": \""DatepartRegression\""}, \""transformation_params\"": {\""0\"": {}, \""1\"": {\""model\"": \""Linear\"", \""phi\"": 1, \""window\"": 30, \""transform_dict\"": null}, \""2\"": {\""regression_model\"": {\""model\"": \""ElasticNet\"", \""model_params\"": {\""l1_ratio\"": 0.5, \""fit_intercept\"": true, \""selection\"": \""cyclic\"", \""max_iter\"": 1000}}, \""datepart_method\"": \""common_fourier\"", \""polynomial_degree\"": null, \""transform_dict\"": null, \""holiday_countries_used\"": false, \""lags\"": null, \""forward_lags\"": null}}}""}, ""a8ad161bc7623e4bb730ce0012481031"": {""Model"": ""RollingRegression"", ""ModelParameters"": ""{\""regression_model\"": {\""model\"": \""RANSAC\"", \""model_params\"": {}}, \""holiday\"": true, \""mean_rolling_periods\"": 12, \""macd_periods\"": 24, \""std_rolling_periods\"": 10, \""max_rolling_periods\"": null, \""min_rolling_periods\"": 4, \""ewm_var_alpha\"": null, \""quantile90_rolling_periods\"": null, \""quantile10_rolling_periods\"": null, \""ewm_alpha\"": 0.8, \""additional_lag_periods\"": 2, \""abs_energy\"": false, \""rolling_autocorr_periods\"": null, \""nonzero_last_n\"": null, \""add_date_part\"": null, \""polynomial_degree\"": null, \""x_transform\"": null, \""regression_type\"": null}"", ""TransformationParameters"": ""{\""fillna\"": \""ffill\"", \""transformations\"": {\""0\"": \""Detrend\"", \""1\"": \""DatepartRegression\"", \""2\"": \""Scaler\"", \""3\"": \""Scaler\"", \""4\"": \""MinMaxScaler\""}, \""transformation_params\"": {\""0\"": {\""model\"": \""Linear\"", \""phi\"": 1, \""window\"": null, \""transform_dict\"": null}, \""1\"": {\""regression_model\"": {\""model\"": \""ElasticNet\"", \""model_params\"": {\""l1_ratio\"": 0.9, \""fit_intercept\"": true, \""selection\"": \""cyclic\"", \""max_iter\"": 200}}, \""datepart_method\"": \""common_fourier\"", \""polynomial_degree\"": null, \""transform_dict\"": null, \""holiday_countries_used\"": false, \""lags\"": null, \""forward_lags\"": 2}, \""2\"": {}, \""3\"": {}, \""4\"": {}}}""}}, ""point_method"": ""kalman"", ""model_weights"": {}}","{""fillna"": ""fake_date"", ""transformations"": {""0"": ""AlignLastValue"", ""1"": ""AlignLastValue""}, ""transformation_params"": {""0"": {""rows"": 1, ""lag"": 1, ""method"": ""multiplicative"", ""strength"": 1.0, ""first_value_only"": false, ""threshold"": null, ""threshold_method"": ""mean""}, ""1"": {""rows"": 1, ""lag"": 1, ""method"": ""multiplicative"", ""strength"": 1.0, ""first_value_only"": true, ""threshold"": 10, ""threshold_method"": ""max""}}}",1,2,8.828826639218702,0.5966293103142395,0.7864841511787339,0.5742597566594188,0.5966293103142395,0.0,-32.66437087323415,0.46102374220304887,74.72890498332899,0.5528627753580528,0.34643794508816217,0.4,0.48888888888888893,3.644580655805603,0.9388888888888889,1.2945560145458253,0.42600617909302735,2.4266246578143766,0.6349404815563298,0.11783165579726558,21.032267055047413,8.534188741269723,23.04062289851403,0.03356180884946068,8.828826639218702,0.5966293103142395,0.7864841511787339,0.5742597566594188,0.5966293103142395,0.0,0.46102374220304887,0.5528627753580528,0.34643794508816217,3.644580655805603,0.9388888888888889,1.2945560145458253,0.42600617909302735,2.4266246578143766,0.6349404815563298,0.11783165579726558,21.032267055047413,8.534188741269723,23.04062289851403,0.03356180884946068,0.4,0.48888888888888893,14.033650000000002,16.80228981487265,11.305838888251268,Wh,11.305838888251268,Wh
356,08083b95caf4ce5c56f32467dcb4de4d,RollingRegression,"{""regression_model"": {""model"": ""ExtraTrees"", ""model_params"": {""n_estimators"": 100, ""min_samples_leaf"": 1, ""min_samples_split"": 2, ""max_depth"": null, ""criterion"": ""squared_error"", ""max_features"": 1}}, ""holiday"": true, ""mean_rolling_periods"": 12, ""macd_periods"": 60, ""std_rolling_periods"": 7, ""max_rolling_periods"": null, ""min_rolling_periods"": 84, ""ewm_var_alpha"": null, ""quantile90_rolling_periods"": null, ""quantile10_rolling_periods"": null, ""ewm_alpha"": 0.2, ""additional_lag_periods"": 6, ""abs_energy"": false, ""rolling_autocorr_periods"": 7, ""nonzero_last_n"": null, ""add_date_part"": null, ""polynomial_degree"": null, ""x_transform"": null, ""regression_type"": null}","{""fillna"": ""ffill"", ""transformations"": {""0"": ""MinMaxScaler"", ""1"": ""Detrend"", ""2"": ""DatepartRegression""}, ""transformation_params"": {""0"": {}, ""1"": {""model"": ""Linear"", ""phi"": 1, ""window"": 30, ""transform_dict"": null}, ""2"": {""regression_model"": {""model"": ""ElasticNet"", ""model_params"": {""l1_ratio"": 0.5, ""fit_intercept"": true, ""selection"": ""cyclic"", ""max_iter"": 1000}}, ""datepart_method"": ""common_fourier"", ""polynomial_degree"": null, ""transform_dict"": null, ""holiday_countries_used"": false, ""lags"": null, ""forward_lags"": null}}}",0,1,8.324118299310717,0.5053547193039424,0.6381059802350415,0.5987007179535437,0.5053547193039424,0.0,-13.12326827616522,0.4076847779939587,32.3586564611896,0.4775172509468051,0.4542610114695382,0.9888888888888889,0.4111111111111111,2.141962238114454,0.9666666666666667,1.2787410731215085,0.3714922098557443,1.9931140768027975,0.7323162415837733,0.20609295348628423,19.235388185024377,16.67800872244988,17.3990757698774,0.034853014571458375,8.324118299310717,0.5053547193039424,0.6381059802350415,0.5987007179535437,0.5053547193039424,0.0,0.4076847779939587,0.4775172509468051,0.4542610114695382,2.141962238114454,0.9666666666666667,1.2787410731215085,0.3714922098557443,1.9931140768027975,0.7323162415837733,0.20609295348628423,19.235388185024377,16.67800872244988,17.3990757698774,0.034853014571458375,0.9888888888888889,0.4111111111111111,11.6298,16.75444884701594,7.2692307764013755,Wh,7.2692307764013755,Wh
357,b7fda512ab235fb33c45abf5a3410d05,Ensemble,"{""model_name"": ""BestN"", ""model_count"": 3, ""model_metric"": ""horizontal"", ""models"": {""a6a1477ee2b31d009999314fa5df12a0"": {""Model"": ""ARIMA"", ""ModelParameters"": ""{\""p\"": 4, \""d\"": 0, \""q\"": 0, \""regression_type\"": \""Holiday\""}"", ""TransformationParameters"": ""{\""fillna\"": \""ffill\"", \""transformations\"": {\""0\"": \""Scaler\"", \""1\"": \""Detrend\"", \""2\"": \""DatepartRegression\""}, \""transformation_params\"": {\""0\"": {}, \""1\"": {\""model\"": \""Linear\"", \""phi\"": 1, \""window\"": 30, \""transform_dict\"": null}, \""2\"": {\""regression_model\"": {\""model\"": \""ElasticNet\"", \""model_params\"": {\""l1_ratio\"": 0.5, \""fit_intercept\"": true, \""selection\"": \""cyclic\"", \""max_iter\"": 1000}}, \""datepart_method\"": \""common_fourier\"", \""polynomial_degree\"": null, \""transform_dict\"": null, \""holiday_countries_used\"": false, \""lags\"": null, \""forward_lags\"": null}}}""}, ""a8ddd1ef89834c17140b9aab182e2ad4"": {""Model"": ""RollingRegression"", ""ModelParameters"": ""{\""regression_model\"": {\""model\"": \""ExtraTrees\"", \""model_params\"": {\""n_estimators\"": 100, \""min_samples_leaf\"": 1, \""min_samples_split\"": 2, \""max_depth\"": null, \""criterion\"": \""squared_error\"", \""max_features\"": 1}}, \""holiday\"": true, \""mean_rolling_periods\"": 7, \""macd_periods\"": 46, \""std_rolling_periods\"": 7, \""max_rolling_periods\"": 12, \""min_rolling_periods\"": 2, \""ewm_var_alpha\"": null, \""quantile90_rolling_periods\"": null, \""quantile10_rolling_periods\"": null, \""ewm_alpha\"": null, \""additional_lag_periods\"": 90, \""abs_energy\"": false, \""rolling_autocorr_periods\"": null, \""nonzero_last_n\"": null, \""add_date_part\"": \""simple_2\"", \""polynomial_degree\"": null, \""x_transform\"": null, \""regression_type\"": null}"", ""TransformationParameters"": ""{\""fillna\"": \""ffill\"", \""transformations\"": {\""0\"": \""Scaler\"", \""1\"": \""Detrend\"", \""2\"": \""DatepartRegression\""}, \""transformation_params\"": {\""0\"": {}, \""1\"": {\""model\"": \""Linear\"", \""phi\"": 1, \""window\"": 30, \""transform_dict\"": null}, \""2\"": {\""regression_model\"": {\""model\"": \""ElasticNet\"", \""model_params\"": {\""l1_ratio\"": 0.5, \""fit_intercept\"": true, \""selection\"": \""cyclic\"", \""max_iter\"": 1000}}, \""datepart_method\"": \""common_fourier\"", \""polynomial_degree\"": null, \""transform_dict\"": null, \""holiday_countries_used\"": false, \""lags\"": null, \""forward_lags\"": null}}}""}}, ""model_weights"": {}, ""point_method"": ""mean""}","{""fillna"": ""fake_date"", ""transformations"": {""0"": ""FIRFilter"", ""1"": ""AlignLastValue"", ""2"": ""AlignLastValue""}, ""transformation_params"": {""0"": {""numtaps"": 32, ""cutoff_hz"": 0.1, ""window"": ""triang"", ""sampling_frequency"": 12, ""on_transform"": false, ""on_inverse"": true, ""bounds_only"": true}, ""1"": {""rows"": 1, ""lag"": 1, ""method"": ""multiplicative"", ""strength"": 1.0, ""first_value_only"": false, ""threshold"": null, ""threshold_method"": ""mean""}, ""2"": {""rows"": 1, ""lag"": 1, ""method"": ""multiplicative"", ""strength"": 1.0, ""first_value_only"": true, ""threshold"": 10, ""threshold_method"": ""max""}}}",1,2,8.59973469307016,0.577592650664858,0.7680955596719219,0.5662620641045892,0.577592650664858,0.0,-35.84433548589847,0.4553607477950512,68.12234163377596,0.529134667188369,0.36848072903367174,0.9722222222222223,0.538888888888889,3.71112841118486,0.9444444444444444,1.2844893947360405,0.41138214356408165,2.3073928845656617,0.5803549921770199,0.11104711852778061,16.139003073938746,7.652458813850863,23.450028847980676,0.02581477318086152,8.59973469307016,0.577592650664858,0.7680955596719219,0.5662620641045892,0.577592650664858,0.0,0.4553607477950512,0.529134667188369,0.36848072903367174,3.71112841118486,0.9444444444444444,1.2844893947360405,0.41138214356408165,2.3073928845656617,0.5803549921770199,0.11104711852778061,16.139003073938746,7.652458813850863,23.450028847980676,0.02581477318086152,0.9722222222222223,0.538888888888889,14.2057,16.72669667104075,10.61257171747828,Wh,10.61257171747828,Wh
358,c5e0d5a5b70ce635c4105a4e2a12522b,Ensemble,"{""model_name"": ""BestN"", ""model_count"": 3, ""model_metric"": ""best_score_unique"", ""models"": {""a8ddd1ef89834c17140b9aab182e2ad4"": {""Model"": ""RollingRegression"", ""ModelParameters"": ""{\""regression_model\"": {\""model\"": \""ExtraTrees\"", \""model_params\"": {\""n_estimators\"": 100, \""min_samples_leaf\"": 1, \""min_samples_split\"": 2, \""max_depth\"": null, \""criterion\"": \""squared_error\"", \""max_features\"": 1}}, \""holiday\"": true, \""mean_rolling_periods\"": 7, \""macd_periods\"": 46, \""std_rolling_periods\"": 7, \""max_rolling_periods\"": 12, \""min_rolling_periods\"": 2, \""ewm_var_alpha\"": null, \""quantile90_rolling_periods\"": null, \""quantile10_rolling_periods\"": null, \""ewm_alpha\"": null, \""additional_lag_periods\"": 90, \""abs_energy\"": false, \""rolling_autocorr_periods\"": null, \""nonzero_last_n\"": null, \""add_date_part\"": \""simple_2\"", \""polynomial_degree\"": null, \""x_transform\"": null, \""regression_type\"": null}"", ""TransformationParameters"": ""{\""fillna\"": \""ffill\"", \""transformations\"": {\""0\"": \""Scaler\"", \""1\"": \""Detrend\"", \""2\"": \""DatepartRegression\""}, \""transformation_params\"": {\""0\"": {}, \""1\"": {\""model\"": \""Linear\"", \""phi\"": 1, \""window\"": 30, \""transform_dict\"": null}, \""2\"": {\""regression_model\"": {\""model\"": \""ElasticNet\"", \""model_params\"": {\""l1_ratio\"": 0.5, \""fit_intercept\"": true, \""selection\"": \""cyclic\"", \""max_iter\"": 1000}}, \""datepart_method\"": \""common_fourier\"", \""polynomial_degree\"": null, \""transform_dict\"": null, \""holiday_countries_used\"": false, \""lags\"": null, \""forward_lags\"": null}}}""}, ""a6a1477ee2b31d009999314fa5df12a0"": {""Model"": ""ARIMA"", ""ModelParameters"": ""{\""p\"": 4, \""d\"": 0, \""q\"": 0, \""regression_type\"": \""Holiday\""}"", ""TransformationParameters"": ""{\""fillna\"": \""ffill\"", \""transformations\"": {\""0\"": \""Scaler\"", \""1\"": \""Detrend\"", \""2\"": \""DatepartRegression\""}, \""transformation_params\"": {\""0\"": {}, \""1\"": {\""model\"": \""Linear\"", \""phi\"": 1, \""window\"": 30, \""transform_dict\"": null}, \""2\"": {\""regression_model\"": {\""model\"": \""ElasticNet\"", \""model_params\"": {\""l1_ratio\"": 0.5, \""fit_intercept\"": true, \""selection\"": \""cyclic\"", \""max_iter\"": 1000}}, \""datepart_method\"": \""common_fourier\"", \""polynomial_degree\"": null, \""transform_dict\"": null, \""holiday_countries_used\"": false, \""lags\"": null, \""forward_lags\"": null}}}""}}, ""model_weights"": {}, ""point_method"": ""mean""}","{""fillna"": ""fake_date"", ""transformations"": {""0"": ""FIRFilter"", ""1"": ""AlignLastValue"", ""2"": ""AlignLastValue""}, ""transformation_params"": {""0"": {""numtaps"": 32, ""cutoff_hz"": 0.1, ""window"": ""triang"", ""sampling_frequency"": 12, ""on_transform"": false, ""on_inverse"": true, ""bounds_only"": true}, ""1"": {""rows"": 1, ""lag"": 1, ""method"": ""multiplicative"", ""strength"": 1.0, ""first_value_only"": false, ""threshold"": null, ""threshold_method"": ""mean""}, ""2"": {""rows"": 1, ""lag"": 1, ""method"": ""multiplicative"", ""strength"": 1.0, ""first_value_only"": true, ""threshold"": 10, ""threshold_method"": ""max""}}}",1,2,8.599734693070161,0.5775926506648579,0.7680955596719219,0.5662620641045892,0.5775926506648579,0.0,-35.844335485898476,0.4553607477950512,68.12234163377596,0.529134667188369,0.3684807290336717,0.9722222222222223,0.538888888888889,3.71112841118486,0.9444444444444444,1.2844893947360405,0.41138214356408165,2.3073928845656617,0.5803549921770199,0.11104711852778061,16.139003073938742,7.652458813850862,23.450028847980683,0.02581477318086152,8.599734693070161,0.5775926506648579,0.7680955596719219,0.5662620641045892,0.5775926506648579,0.0,0.4553607477950512,0.529134667188369,0.3684807290336717,3.71112841118486,0.9444444444444444,1.2844893947360405,0.41138214356408165,2.3073928845656617,0.5803549921770199,0.11104711852778061,16.139003073938742,7.652458813850862,23.450028847980683,0.02581477318086152,0.9722222222222223,0.538888888888889,12.99025,16.726479673133483,10.612571717478279,Wh,10.612571717478279,Wh
359,194ffb7f744053ac015a7dc3ba96629b,Ensemble,"{""model_name"": ""BestN"", ""model_count"": 3, ""model_metric"": ""horizontal"", ""models"": {""a6a1477ee2b31d009999314fa5df12a0"": {""Model"": ""ARIMA"", ""ModelParameters"": ""{\""p\"": 4, \""d\"": 0, \""q\"": 0, \""regression_type\"": \""Holiday\""}"", ""TransformationParameters"": ""{\""fillna\"": \""ffill\"", \""transformations\"": {\""0\"": \""Scaler\"", \""1\"": \""Detrend\"", \""2\"": \""DatepartRegression\""}, \""transformation_params\"": {\""0\"": {}, \""1\"": {\""model\"": \""Linear\"", \""phi\"": 1, \""window\"": 30, \""transform_dict\"": null}, \""2\"": {\""regression_model\"": {\""model\"": \""ElasticNet\"", \""model_params\"": {\""l1_ratio\"": 0.5, \""fit_intercept\"": true, \""selection\"": \""cyclic\"", \""max_iter\"": 1000}}, \""datepart_method\"": \""common_fourier\"", \""polynomial_degree\"": null, \""transform_dict\"": null, \""holiday_countries_used\"": false, \""lags\"": null, \""forward_lags\"": null}}}""}, ""a8ddd1ef89834c17140b9aab182e2ad4"": {""Model"": ""RollingRegression"", ""ModelParameters"": ""{\""regression_model\"": {\""model\"": \""ExtraTrees\"", \""model_params\"": {\""n_estimators\"": 100, \""min_samples_leaf\"": 1, \""min_samples_split\"": 2, \""max_depth\"": null, \""criterion\"": \""squared_error\"", \""max_features\"": 1}}, \""holiday\"": true, \""mean_rolling_periods\"": 7, \""macd_periods\"": 46, \""std_rolling_periods\"": 7, \""max_rolling_periods\"": 12, \""min_rolling_periods\"": 2, \""ewm_var_alpha\"": null, \""quantile90_rolling_periods\"": null, \""quantile10_rolling_periods\"": null, \""ewm_alpha\"": null, \""additional_lag_periods\"": 90, \""abs_energy\"": false, \""rolling_autocorr_periods\"": null, \""nonzero_last_n\"": null, \""add_date_part\"": \""simple_2\"", \""polynomial_degree\"": null, \""x_transform\"": null, \""regression_type\"": null}"", ""TransformationParameters"": ""{\""fillna\"": \""ffill\"", \""transformations\"": {\""0\"": \""Scaler\"", \""1\"": \""Detrend\"", \""2\"": \""DatepartRegression\""}, \""transformation_params\"": {\""0\"": {}, \""1\"": {\""model\"": \""Linear\"", \""phi\"": 1, \""window\"": 30, \""transform_dict\"": null}, \""2\"": {\""regression_model\"": {\""model\"": \""ElasticNet\"", \""model_params\"": {\""l1_ratio\"": 0.5, \""fit_intercept\"": true, \""selection\"": \""cyclic\"", \""max_iter\"": 1000}}, \""datepart_method\"": \""common_fourier\"", \""polynomial_degree\"": null, \""transform_dict\"": null, \""holiday_countries_used\"": false, \""lags\"": null, \""forward_lags\"": null}}}""}}, ""model_weights"": {}, ""point_method"": ""mean""}","{""fillna"": ""fake_date"", ""transformations"": {""0"": ""AlignLastValue"", ""1"": ""AlignLastValue""}, ""transformation_params"": {""0"": {""rows"": 1, ""lag"": 1, ""method"": ""multiplicative"", ""strength"": 1.0, ""first_value_only"": false, ""threshold"": null, ""threshold_method"": ""mean""}, ""1"": {""rows"": 1, ""lag"": 1, ""method"": ""multiplicative"", ""strength"": 1.0, ""first_value_only"": true, ""threshold"": 10, ""threshold_method"": ""max""}}}",1,2,8.59973469307016,0.577592650664858,0.7680955596719219,0.5662620641045892,0.577592650664858,0.0,-35.84433548589847,0.4553607477950512,68.12234163377596,0.529134667188369,0.3683528884632399,0.9722222222222223,0.538888888888889,3.71112841118486,0.9444444444444444,1.2844893947360405,0.41138214356408165,2.3073928845656617,0.5803549921770199,0.11104711852778061,16.139003073938746,7.652458813850863,23.450028847980676,0.02581477318086152,8.59973469307016,0.577592650664858,0.7680955596719219,0.5662620641045892,0.577592650664858,0.0,0.4553607477950512,0.529134667188369,0.3683528884632399,3.71112841118486,0.9444444444444444,1.2844893947360405,0.41138214356408165,2.3073928845656617,0.5803549921770199,0.11104711852778061,16.139003073938746,7.652458813850863,23.450028847980676,0.02581477318086152,0.9722222222222223,0.538888888888889,14.0367,16.725130867039283,10.61257171747828,Wh,10.61257171747828,Wh
360,dddb4206bad04b50d40c706f370dadb9,Ensemble,"{""model_name"": ""BestN"", ""model_count"": 3, ""model_metric"": ""best_score_unique"", ""models"": {""a8ddd1ef89834c17140b9aab182e2ad4"": {""Model"": ""RollingRegression"", ""ModelParameters"": ""{\""regression_model\"": {\""model\"": \""ExtraTrees\"", \""model_params\"": {\""n_estimators\"": 100, \""min_samples_leaf\"": 1, \""min_samples_split\"": 2, \""max_depth\"": null, \""criterion\"": \""squared_error\"", \""max_features\"": 1}}, \""holiday\"": true, \""mean_rolling_periods\"": 7, \""macd_periods\"": 46, \""std_rolling_periods\"": 7, \""max_rolling_periods\"": 12, \""min_rolling_periods\"": 2, \""ewm_var_alpha\"": null, \""quantile90_rolling_periods\"": null, \""quantile10_rolling_periods\"": null, \""ewm_alpha\"": null, \""additional_lag_periods\"": 90, \""abs_energy\"": false, \""rolling_autocorr_periods\"": null, \""nonzero_last_n\"": null, \""add_date_part\"": \""simple_2\"", \""polynomial_degree\"": null, \""x_transform\"": null, \""regression_type\"": null}"", ""TransformationParameters"": ""{\""fillna\"": \""ffill\"", \""transformations\"": {\""0\"": \""Scaler\"", \""1\"": \""Detrend\"", \""2\"": \""DatepartRegression\""}, \""transformation_params\"": {\""0\"": {}, \""1\"": {\""model\"": \""Linear\"", \""phi\"": 1, \""window\"": 30, \""transform_dict\"": null}, \""2\"": {\""regression_model\"": {\""model\"": \""ElasticNet\"", \""model_params\"": {\""l1_ratio\"": 0.5, \""fit_intercept\"": true, \""selection\"": \""cyclic\"", \""max_iter\"": 1000}}, \""datepart_method\"": \""common_fourier\"", \""polynomial_degree\"": null, \""transform_dict\"": null, \""holiday_countries_used\"": false, \""lags\"": null, \""forward_lags\"": null}}}""}, ""a6a1477ee2b31d009999314fa5df12a0"": {""Model"": ""ARIMA"", ""ModelParameters"": ""{\""p\"": 4, \""d\"": 0, \""q\"": 0, \""regression_type\"": \""Holiday\""}"", ""TransformationParameters"": ""{\""fillna\"": \""ffill\"", \""transformations\"": {\""0\"": \""Scaler\"", \""1\"": \""Detrend\"", \""2\"": \""DatepartRegression\""}, \""transformation_params\"": {\""0\"": {}, \""1\"": {\""model\"": \""Linear\"", \""phi\"": 1, \""window\"": 30, \""transform_dict\"": null}, \""2\"": {\""regression_model\"": {\""model\"": \""ElasticNet\"", \""model_params\"": {\""l1_ratio\"": 0.5, \""fit_intercept\"": true, \""selection\"": \""cyclic\"", \""max_iter\"": 1000}}, \""datepart_method\"": \""common_fourier\"", \""polynomial_degree\"": null, \""transform_dict\"": null, \""holiday_countries_used\"": false, \""lags\"": null, \""forward_lags\"": null}}}""}}, ""model_weights"": {}, ""point_method"": ""mean""}","{""fillna"": ""fake_date"", ""transformations"": {""0"": ""AlignLastValue"", ""1"": ""AlignLastValue""}, ""transformation_params"": {""0"": {""rows"": 1, ""lag"": 1, ""method"": ""multiplicative"", ""strength"": 1.0, ""first_value_only"": false, ""threshold"": null, ""threshold_method"": ""mean""}, ""1"": {""rows"": 1, ""lag"": 1, ""method"": ""multiplicative"", ""strength"": 1.0, ""first_value_only"": true, ""threshold"": 10, ""threshold_method"": ""max""}}}",1,2,8.599734693070161,0.5775926506648579,0.7680955596719219,0.5662620641045892,0.5775926506648579,0.0,-35.844335485898476,0.4553607477950512,68.12234163377596,0.529134667188369,0.3683528884632399,0.9722222222222223,0.538888888888889,3.71112841118486,0.9444444444444444,1.2844893947360405,0.41138214356408165,2.3073928845656617,0.5803549921770199,0.11104711852778061,16.139003073938742,7.652458813850862,23.450028847980683,0.02581477318086152,8.599734693070161,0.5775926506648579,0.7680955596719219,0.5662620641045892,0.5775926506648579,0.0,0.4553607477950512,0.529134667188369,0.3683528884632399,3.71112841118486,0.9444444444444444,1.2844893947360405,0.41138214356408165,2.3073928845656617,0.5803549921770199,0.11104711852778061,16.139003073938742,7.652458813850862,23.450028847980683,0.02581477318086152,0.9722222222222223,0.538888888888889,12.82725,16.72491494032988,10.612571717478279,Wh,10.612571717478279,Wh
361,f40aa66843c2ab658d00b21cfbd054c1,Ensemble,"{""model_name"": ""BestN"", ""model_count"": 3, ""model_metric"": ""horizontal"", ""models"": {""a6a1477ee2b31d009999314fa5df12a0"": {""Model"": ""ARIMA"", ""ModelParameters"": ""{\""p\"": 4, \""d\"": 0, \""q\"": 0, \""regression_type\"": \""Holiday\""}"", ""TransformationParameters"": ""{\""fillna\"": \""ffill\"", \""transformations\"": {\""0\"": \""Scaler\"", \""1\"": \""Detrend\"", \""2\"": \""DatepartRegression\""}, \""transformation_params\"": {\""0\"": {}, \""1\"": {\""model\"": \""Linear\"", \""phi\"": 1, \""window\"": 30, \""transform_dict\"": null}, \""2\"": {\""regression_model\"": {\""model\"": \""ElasticNet\"", \""model_params\"": {\""l1_ratio\"": 0.5, \""fit_intercept\"": true, \""selection\"": \""cyclic\"", \""max_iter\"": 1000}}, \""datepart_method\"": \""common_fourier\"", \""polynomial_degree\"": null, \""transform_dict\"": null, \""holiday_countries_used\"": false, \""lags\"": null, \""forward_lags\"": null}}}""}, ""a8ddd1ef89834c17140b9aab182e2ad4"": {""Model"": ""RollingRegression"", ""ModelParameters"": ""{\""regression_model\"": {\""model\"": \""ExtraTrees\"", \""model_params\"": {\""n_estimators\"": 100, \""min_samples_leaf\"": 1, \""min_samples_split\"": 2, \""max_depth\"": null, \""criterion\"": \""squared_error\"", \""max_features\"": 1}}, \""holiday\"": true, \""mean_rolling_periods\"": 7, \""macd_periods\"": 46, \""std_rolling_periods\"": 7, \""max_rolling_periods\"": 12, \""min_rolling_periods\"": 2, \""ewm_var_alpha\"": null, \""quantile90_rolling_periods\"": null, \""quantile10_rolling_periods\"": null, \""ewm_alpha\"": null, \""additional_lag_periods\"": 90, \""abs_energy\"": false, \""rolling_autocorr_periods\"": null, \""nonzero_last_n\"": null, \""add_date_part\"": \""simple_2\"", \""polynomial_degree\"": null, \""x_transform\"": null, \""regression_type\"": null}"", ""TransformationParameters"": ""{\""fillna\"": \""ffill\"", \""transformations\"": {\""0\"": \""Scaler\"", \""1\"": \""Detrend\"", \""2\"": \""DatepartRegression\""}, \""transformation_params\"": {\""0\"": {}, \""1\"": {\""model\"": \""Linear\"", \""phi\"": 1, \""window\"": 30, \""transform_dict\"": null}, \""2\"": {\""regression_model\"": {\""model\"": \""ElasticNet\"", \""model_params\"": {\""l1_ratio\"": 0.5, \""fit_intercept\"": true, \""selection\"": \""cyclic\"", \""max_iter\"": 1000}}, \""datepart_method\"": \""common_fourier\"", \""polynomial_degree\"": null, \""transform_dict\"": null, \""holiday_countries_used\"": false, \""lags\"": null, \""forward_lags\"": null}}}""}}, ""model_weights"": {}, ""point_method"": ""mean""}","{""fillna"": ""ffill"", ""transformations"": {""0"": ""RegressionFilter"", ""1"": ""HistoricValues""}, ""transformation_params"": {""0"": {""sigma"": 1, ""rolling_window"": 90, ""run_order"": ""season_first"", ""regression_params"": {""regression_model"": {""model"": ""ElasticNet"", ""model_params"": {""l1_ratio"": 0.5, ""fit_intercept"": false, ""selection"": ""cyclic"", ""max_iter"": 2000}}, ""datepart_method"": ""simple"", ""polynomial_degree"": null, ""transform_dict"": {""fillna"": null, ""transformations"": {""0"": ""ScipyFilter""}, ""transformation_params"": {""0"": {""method"": ""savgol_filter"", ""method_args"": {""window_length"": 31, ""polyorder"": 3, ""deriv"": 0, ""mode"": ""interp""}}}}, ""holiday_countries_used"": false, ""lags"": null, ""forward_lags"": null}, ""holiday_params"": null, ""trend_method"": ""rolling_mean""}, ""1"": {""window"": 28}}}",1,2,8.733417761187217,0.5871536956893073,0.7696217306679267,0.5715595086087623,0.5871536956893073,0.0,-34.815778732299805,0.46136226391167,70.87188649177551,0.5403253070122547,0.3540680739818905,0.7666666666666666,0.5388888888888889,3.689850091934204,0.9444444444444444,1.2885604027954136,0.42423049086018616,2.312485215446154,1.2504523011000628,0.08272549807605462,18.028053879737854,7.970001599906868,23.94886199693739,0.029022848029867467,8.733417761187217,0.5871536956893073,0.7696217306679267,0.5715595086087623,0.5871536956893073,0.0,0.46136226391167,0.5403253070122547,0.3540680739818905,3.689850091934204,0.9444444444444444,1.2885604027954136,0.42423049086018616,2.312485215446154,1.2504523011000628,0.08272549807605462,18.028053879737854,7.970001599906868,23.94886199693739,0.029022848029867467,0.7666666666666666,0.5388888888888889,14.13315,16.70873104587828,10.74936424080506,Wh,10.74936424080506,Wh
362,d0a3bc043cfde51a9b11680b6349dcb0,Ensemble,"{""model_name"": ""BestN"", ""model_count"": 3, ""model_metric"": ""best_score_unique"", ""models"": {""a8ddd1ef89834c17140b9aab182e2ad4"": {""Model"": ""RollingRegression"", ""ModelParameters"": ""{\""regression_model\"": {\""model\"": \""ExtraTrees\"", \""model_params\"": {\""n_estimators\"": 100, \""min_samples_leaf\"": 1, \""min_samples_split\"": 2, \""max_depth\"": null, \""criterion\"": \""squared_error\"", \""max_features\"": 1}}, \""holiday\"": true, \""mean_rolling_periods\"": 7, \""macd_periods\"": 46, \""std_rolling_periods\"": 7, \""max_rolling_periods\"": 12, \""min_rolling_periods\"": 2, \""ewm_var_alpha\"": null, \""quantile90_rolling_periods\"": null, \""quantile10_rolling_periods\"": null, \""ewm_alpha\"": null, \""additional_lag_periods\"": 90, \""abs_energy\"": false, \""rolling_autocorr_periods\"": null, \""nonzero_last_n\"": null, \""add_date_part\"": \""simple_2\"", \""polynomial_degree\"": null, \""x_transform\"": null, \""regression_type\"": null}"", ""TransformationParameters"": ""{\""fillna\"": \""ffill\"", \""transformations\"": {\""0\"": \""Scaler\"", \""1\"": \""Detrend\"", \""2\"": \""DatepartRegression\""}, \""transformation_params\"": {\""0\"": {}, \""1\"": {\""model\"": \""Linear\"", \""phi\"": 1, \""window\"": 30, \""transform_dict\"": null}, \""2\"": {\""regression_model\"": {\""model\"": \""ElasticNet\"", \""model_params\"": {\""l1_ratio\"": 0.5, \""fit_intercept\"": true, \""selection\"": \""cyclic\"", \""max_iter\"": 1000}}, \""datepart_method\"": \""common_fourier\"", \""polynomial_degree\"": null, \""transform_dict\"": null, \""holiday_countries_used\"": false, \""lags\"": null, \""forward_lags\"": null}}}""}, ""a6a1477ee2b31d009999314fa5df12a0"": {""Model"": ""ARIMA"", ""ModelParameters"": ""{\""p\"": 4, \""d\"": 0, \""q\"": 0, \""regression_type\"": \""Holiday\""}"", ""TransformationParameters"": ""{\""fillna\"": \""ffill\"", \""transformations\"": {\""0\"": \""Scaler\"", \""1\"": \""Detrend\"", \""2\"": \""DatepartRegression\""}, \""transformation_params\"": {\""0\"": {}, \""1\"": {\""model\"": \""Linear\"", \""phi\"": 1, \""window\"": 30, \""transform_dict\"": null}, \""2\"": {\""regression_model\"": {\""model\"": \""ElasticNet\"", \""model_params\"": {\""l1_ratio\"": 0.5, \""fit_intercept\"": true, \""selection\"": \""cyclic\"", \""max_iter\"": 1000}}, \""datepart_method\"": \""common_fourier\"", \""polynomial_degree\"": null, \""transform_dict\"": null, \""holiday_countries_used\"": false, \""lags\"": null, \""forward_lags\"": null}}}""}}, ""model_weights"": {}, ""point_method"": ""mean""}","{""fillna"": ""ffill"", ""transformations"": {""0"": ""RegressionFilter"", ""1"": ""HistoricValues""}, ""transformation_params"": {""0"": {""sigma"": 1, ""rolling_window"": 90, ""run_order"": ""season_first"", ""regression_params"": {""regression_model"": {""model"": ""ElasticNet"", ""model_params"": {""l1_ratio"": 0.5, ""fit_intercept"": false, ""selection"": ""cyclic"", ""max_iter"": 2000}}, ""datepart_method"": ""simple"", ""polynomial_degree"": null, ""transform_dict"": {""fillna"": null, ""transformations"": {""0"": ""ScipyFilter""}, ""transformation_params"": {""0"": {""method"": ""savgol_filter"", ""method_args"": {""window_length"": 31, ""polyorder"": 3, ""deriv"": 0, ""mode"": ""interp""}}}}, ""holiday_countries_used"": false, ""lags"": null, ""forward_lags"": null}, ""holiday_params"": null, ""trend_method"": ""rolling_mean""}, ""1"": {""window"": 28}}}",1,2,8.733417761187217,0.5871536956893073,0.7696217306679267,0.5715595086087623,0.5871536956893073,0.0,-34.815778732299805,0.46136226391167,70.87188649177551,0.5403253070122547,0.3540680739818905,0.7666666666666666,0.5388888888888889,3.689850091934204,0.9444444444444444,1.2885604027954136,0.42423049086018616,2.312485215446154,1.2504523011000628,0.08272549807605462,18.028053879737854,7.970001599906868,23.94886199693739,0.029022848029867467,8.733417761187217,0.5871536956893073,0.7696217306679267,0.5715595086087623,0.5871536956893073,0.0,0.46136226391167,0.5403253070122547,0.3540680739818905,3.689850091934204,0.9444444444444444,1.2885604027954136,0.42423049086018616,2.312485215446154,1.2504523011000628,0.08272549807605462,18.028053879737854,7.970001599906868,23.94886199693739,0.029022848029867467,0.7666666666666666,0.5388888888888889,12.92315,16.708515020975746,10.74936424080506,Wh,10.74936424080506,Wh
363,2198c1c6df32c25187e3901eeb7caead,RollingRegression,"{""regression_model"": {""model"": ""RANSAC"", ""model_params"": {}}, ""holiday"": true, ""mean_rolling_periods"": 5, ""macd_periods"": 24, ""std_rolling_periods"": 30, ""max_rolling_periods"": null, ""min_rolling_periods"": 28, ""ewm_var_alpha"": null, ""quantile90_rolling_periods"": null, ""quantile10_rolling_periods"": null, ""ewm_alpha"": null, ""additional_lag_periods"": 15, ""abs_energy"": false, ""rolling_autocorr_periods"": null, ""nonzero_last_n"": null, ""add_date_part"": null, ""polynomial_degree"": null, ""x_transform"": null, ""regression_type"": null}","{""fillna"": ""ffill"", ""transformations"": {""0"": ""DatepartRegression"", ""1"": ""Detrend"", ""2"": ""DatepartRegression"", ""3"": ""Scaler""}, ""transformation_params"": {""0"": {""regression_model"": {""model"": ""ElasticNet"", ""model_params"": {""l1_ratio"": 0.5, ""fit_intercept"": true, ""selection"": ""cyclic"", ""max_iter"": 1000}}, ""datepart_method"": ""anchored_segment_fourier:us_school"", ""polynomial_degree"": null, ""transform_dict"": null, ""holiday_countries_used"": false, ""lags"": null, ""forward_lags"": null}, ""1"": {""model"": ""Linear"", ""phi"": 1, ""window"": 30, ""transform_dict"": null}, ""2"": {""regression_model"": {""model"": ""ElasticNet"", ""model_params"": {""l1_ratio"": 0.5, ""fit_intercept"": true, ""selection"": ""cyclic"", ""max_iter"": 1000}}, ""datepart_method"": ""common_fourier"", ""polynomial_degree"": null, ""transform_dict"": null, ""holiday_countries_used"": false, ""lags"": null, ""forward_lags"": null}, ""3"": {}}}",0,1,8.264011494202698,0.5022764032528167,0.635182471536941,0.5649085150121866,0.5022764032528167,0.0,-10.085930703812455,0.3968911781481643,35.11894558894106,0.48385791566532754,0.4545573057782628,0.9888888888888889,0.5111111111111111,2.168768294332639,0.9666666666666667,1.2769324099483657,0.36330899479495504,1.9441772315694834,0.5463551560159766,0.09347163377479803,25.033014885128615,19.94103486251487,21.240165616161327,0.04535785938742761,8.264011494202698,0.5022764032528167,0.635182471536941,0.5649085150121866,0.5022764032528167,0.0,0.3968911781481643,0.48385791566532754,0.4545573057782628,2.168768294332639,0.9666666666666667,1.2769324099483657,0.36330899479495504,1.9441772315694834,0.5463551560159766,0.09347163377479803,25.033014885128615,19.94103486251487,21.240165616161327,0.04535785938742761,0.9888888888888889,0.5111111111111111,5.0621,16.69641980999047,7.2249510083027335,Wh,7.2249510083027335,Wh
364,6be41ac58e2a5af4c442ef3f9cb058c1,Ensemble,"{""model_name"": ""BestN"", ""model_count"": 5, ""model_metric"": ""mixed_metric"", ""models"": {""9401cafd8f6b338a48dd5f0e109ef608"": {""Model"": ""ARIMA"", ""ModelParameters"": ""{\""p\"": 4, \""d\"": 1, \""q\"": 1, \""regression_type\"": null}"", ""TransformationParameters"": ""{\""fillna\"": \""ffill\"", \""transformations\"": {\""0\"": \""Scaler\"", \""1\"": \""Detrend\"", \""2\"": \""DatepartRegression\""}, \""transformation_params\"": {\""0\"": {}, \""1\"": {\""model\"": \""Linear\"", \""phi\"": 1, \""window\"": 30, \""transform_dict\"": null}, \""2\"": {\""regression_model\"": {\""model\"": \""ElasticNet\"", \""model_params\"": {\""l1_ratio\"": 0.5, \""fit_intercept\"": true, \""selection\"": \""cyclic\"", \""max_iter\"": 1000}}, \""datepart_method\"": \""common_fourier\"", \""polynomial_degree\"": null, \""transform_dict\"": null, \""holiday_countries_used\"": false, \""lags\"": null, \""forward_lags\"": null}}}""}, ""a8ad161bc7623e4bb730ce0012481031"": {""Model"": ""RollingRegression"", ""ModelParameters"": ""{\""regression_model\"": {\""model\"": \""RANSAC\"", \""model_params\"": {}}, \""holiday\"": true, \""mean_rolling_periods\"": 12, \""macd_periods\"": 24, \""std_rolling_periods\"": 10, \""max_rolling_periods\"": null, \""min_rolling_periods\"": 4, \""ewm_var_alpha\"": null, \""quantile90_rolling_periods\"": null, \""quantile10_rolling_periods\"": null, \""ewm_alpha\"": 0.8, \""additional_lag_periods\"": 2, \""abs_energy\"": false, \""rolling_autocorr_periods\"": null, \""nonzero_last_n\"": null, \""add_date_part\"": null, \""polynomial_degree\"": null, \""x_transform\"": null, \""regression_type\"": null}"", ""TransformationParameters"": ""{\""fillna\"": \""ffill\"", \""transformations\"": {\""0\"": \""Detrend\"", \""1\"": \""DatepartRegression\"", \""2\"": \""Scaler\"", \""3\"": \""Scaler\"", \""4\"": \""MinMaxScaler\""}, \""transformation_params\"": {\""0\"": {\""model\"": \""Linear\"", \""phi\"": 1, \""window\"": null, \""transform_dict\"": null}, \""1\"": {\""regression_model\"": {\""model\"": \""ElasticNet\"", \""model_params\"": {\""l1_ratio\"": 0.9, \""fit_intercept\"": true, \""selection\"": \""cyclic\"", \""max_iter\"": 200}}, \""datepart_method\"": \""common_fourier\"", \""polynomial_degree\"": null, \""transform_dict\"": null, \""holiday_countries_used\"": false, \""lags\"": null, \""forward_lags\"": 2}, \""2\"": {}, \""3\"": {}, \""4\"": {}}}""}}, ""point_method"": ""kalman"", ""model_weights"": {}}","{""fillna"": ""ffill"", ""transformations"": {""0"": ""FFTFilter"", ""1"": ""HistoricValues""}, ""transformation_params"": {""0"": {""cutoff"": 0.01, ""reverse"": false, ""on_transform"": false, ""on_inverse"": true}, ""1"": {""window"": null}}}",1,2,8.722397549849243,0.5885209123293559,0.7960003891487802,0.5784065405064405,0.5885209123293559,0.0,-31.710056543350216,0.451501520276931,74.22370767593384,0.5460485690008053,0.344007082553055,0.40555555555555556,0.5166666666666666,3.7927148501078287,0.9444444444444444,1.29296399386128,0.4064702973031161,2.316379365694857,1.5788117175161447,0.014031209153034605,21.256825566291813,6.637196114719654,25.525484431955228,0.033858612390220866,8.722397549849243,0.5885209123293559,0.7960003891487802,0.5784065405064405,0.5885209123293559,0.0,0.451501520276931,0.5460485690008053,0.344007082553055,3.7927148501078287,0.9444444444444444,1.29296399386128,0.4064702973031161,2.316379365694857,1.5788117175161447,0.014031209153034605,21.256825566291813,6.637196114719654,25.525484431955228,0.033858612390220866,0.40555555555555556,0.5166666666666666,14.09605,16.679427074514475,11.021819838041514,Wh,11.021819838041514,Wh
365,ce977aa7295920e117e860eaec4598b1,Ensemble,"{""model_name"": ""BestN"", ""model_count"": 3, ""model_metric"": ""mixed_metric"", ""models"": {""9401cafd8f6b338a48dd5f0e109ef608"": {""Model"": ""ARIMA"", ""ModelParameters"": ""{\""p\"": 4, \""d\"": 1, \""q\"": 1, \""regression_type\"": null}"", ""TransformationParameters"": ""{\""fillna\"": \""ffill\"", \""transformations\"": {\""0\"": \""Scaler\"", \""1\"": \""Detrend\"", \""2\"": \""DatepartRegression\""}, \""transformation_params\"": {\""0\"": {}, \""1\"": {\""model\"": \""Linear\"", \""phi\"": 1, \""window\"": 30, \""transform_dict\"": null}, \""2\"": {\""regression_model\"": {\""model\"": \""ElasticNet\"", \""model_params\"": {\""l1_ratio\"": 0.5, \""fit_intercept\"": true, \""selection\"": \""cyclic\"", \""max_iter\"": 1000}}, \""datepart_method\"": \""common_fourier\"", \""polynomial_degree\"": null, \""transform_dict\"": null, \""holiday_countries_used\"": false, \""lags\"": null, \""forward_lags\"": null}}}""}}, ""model_weights"": {}, ""point_method"": ""mean""}","{""fillna"": ""ffill"", ""transformations"": {""0"": ""RegressionFilter"", ""1"": ""HistoricValues""}, ""transformation_params"": {""0"": {""sigma"": 1, ""rolling_window"": 90, ""run_order"": ""season_first"", ""regression_params"": {""regression_model"": {""model"": ""ElasticNet"", ""model_params"": {""l1_ratio"": 0.5, ""fit_intercept"": false, ""selection"": ""cyclic"", ""max_iter"": 2000}}, ""datepart_method"": ""simple"", ""polynomial_degree"": null, ""transform_dict"": {""fillna"": null, ""transformations"": {""0"": ""ScipyFilter""}, ""transformation_params"": {""0"": {""method"": ""savgol_filter"", ""method_args"": {""window_length"": 31, ""polyorder"": 3, ""deriv"": 0, ""mode"": ""interp""}}}}, ""holiday_countries_used"": false, ""lags"": null, ""forward_lags"": null}, ""holiday_params"": null, ""trend_method"": ""rolling_mean""}, ""1"": {""window"": 28}}}",1,2,8.836871552905976,0.593763283888499,0.7740465154668092,0.5793589364491275,0.593763283888499,0.0,-41.759825706481934,0.47922530970503363,65.11756539344788,0.5341578038037895,0.33884641044993746,0.7666666666666666,0.5222222222222223,3.623689889907837,0.9444444444444444,1.2901258635536699,0.42648027131431987,2.2671402989824108,1.4583723018724108,0.03308829599182444,11.678869843482971,5.974041216995826,24.96790434000173,0.01882150396240863,8.836871552905976,0.593763283888499,0.7740465154668092,0.5793589364491275,0.593763283888499,0.0,0.47922530970503363,0.5341578038037895,0.33884641044993746,3.623689889907837,0.9444444444444444,1.2901258635536699,0.42648027131431987,2.2671402989824108,1.4583723018724108,0.03308829599182444,11.678869843482971,5.974041216995826,24.96790434000173,0.01882150396240863,0.7666666666666666,0.5222222222222223,8.2034,16.642952937445926,10.79555998538431,Wh,10.79555998538431,Wh
366,66fc85b6649cf9d5344f5d220f4d8755,Ensemble,"{""model_name"": ""BestN"", ""model_count"": 3, ""model_metric"": ""horizontal"", ""models"": {""a6a1477ee2b31d009999314fa5df12a0"": {""Model"": ""ARIMA"", ""ModelParameters"": ""{\""p\"": 4, \""d\"": 0, \""q\"": 0, \""regression_type\"": \""Holiday\""}"", ""TransformationParameters"": ""{\""fillna\"": \""ffill\"", \""transformations\"": {\""0\"": \""Scaler\"", \""1\"": \""Detrend\"", \""2\"": \""DatepartRegression\""}, \""transformation_params\"": {\""0\"": {}, \""1\"": {\""model\"": \""Linear\"", \""phi\"": 1, \""window\"": 30, \""transform_dict\"": null}, \""2\"": {\""regression_model\"": {\""model\"": \""ElasticNet\"", \""model_params\"": {\""l1_ratio\"": 0.5, \""fit_intercept\"": true, \""selection\"": \""cyclic\"", \""max_iter\"": 1000}}, \""datepart_method\"": \""common_fourier\"", \""polynomial_degree\"": null, \""transform_dict\"": null, \""holiday_countries_used\"": false, \""lags\"": null, \""forward_lags\"": null}}}""}, ""a8ddd1ef89834c17140b9aab182e2ad4"": {""Model"": ""RollingRegression"", ""ModelParameters"": ""{\""regression_model\"": {\""model\"": \""ExtraTrees\"", \""model_params\"": {\""n_estimators\"": 100, \""min_samples_leaf\"": 1, \""min_samples_split\"": 2, \""max_depth\"": null, \""criterion\"": \""squared_error\"", \""max_features\"": 1}}, \""holiday\"": true, \""mean_rolling_periods\"": 7, \""macd_periods\"": 46, \""std_rolling_periods\"": 7, \""max_rolling_periods\"": 12, \""min_rolling_periods\"": 2, \""ewm_var_alpha\"": null, \""quantile90_rolling_periods\"": null, \""quantile10_rolling_periods\"": null, \""ewm_alpha\"": null, \""additional_lag_periods\"": 90, \""abs_energy\"": false, \""rolling_autocorr_periods\"": null, \""nonzero_last_n\"": null, \""add_date_part\"": \""simple_2\"", \""polynomial_degree\"": null, \""x_transform\"": null, \""regression_type\"": null}"", ""TransformationParameters"": ""{\""fillna\"": \""ffill\"", \""transformations\"": {\""0\"": \""Scaler\"", \""1\"": \""Detrend\"", \""2\"": \""DatepartRegression\""}, \""transformation_params\"": {\""0\"": {}, \""1\"": {\""model\"": \""Linear\"", \""phi\"": 1, \""window\"": 30, \""transform_dict\"": null}, \""2\"": {\""regression_model\"": {\""model\"": \""ElasticNet\"", \""model_params\"": {\""l1_ratio\"": 0.5, \""fit_intercept\"": true, \""selection\"": \""cyclic\"", \""max_iter\"": 1000}}, \""datepart_method\"": \""common_fourier\"", \""polynomial_degree\"": null, \""transform_dict\"": null, \""holiday_countries_used\"": false, \""lags\"": null, \""forward_lags\"": null}}}""}}, ""model_weights"": {}, ""point_method"": ""mean""}","{""fillna"": ""ffill"", ""transformations"": {""0"": ""FFTFilter"", ""1"": ""HistoricValues""}, ""transformation_params"": {""0"": {""cutoff"": 0.01, ""reverse"": false, ""on_transform"": false, ""on_inverse"": true}, ""1"": {""window"": null}}}",1,2,8.633559240047095,0.5813695647687088,0.7813097737690222,0.5782930772520322,0.5813695647687088,0.0,-35.87505976888866,0.4557654007093644,68.77146188947893,0.5326599257363233,0.35347014439463315,0.9555555555555556,0.5166666666666666,3.7160967614915643,0.9444444444444444,1.2885575548799442,0.403310477385047,2.2586262521509206,1.5191101169016314,0.013776241024912862,16.448201060295133,5.566265951105887,25.53604447943207,0.02617865143426673,8.633559240047095,0.5813695647687088,0.7813097737690222,0.5782930772520322,0.5813695647687088,0.0,0.4557654007093644,0.5326599257363233,0.35347014439463315,3.7160967614915643,0.9444444444444444,1.2885575548799442,0.403310477385047,2.2586262521509206,1.5191101169016314,0.013776241024912862,16.448201060295133,5.566265951105887,25.53604447943207,0.02617865143426673,0.9555555555555556,0.5166666666666666,14.10145,16.631218209316884,10.792975360091074,Wh,10.792975360091074,Wh
367,42b217691fb119f856485925b82999da,Ensemble,"{""model_name"": ""BestN"", ""model_count"": 3, ""model_metric"": ""best_score_unique"", ""models"": {""a8ddd1ef89834c17140b9aab182e2ad4"": {""Model"": ""RollingRegression"", ""ModelParameters"": ""{\""regression_model\"": {\""model\"": \""ExtraTrees\"", \""model_params\"": {\""n_estimators\"": 100, \""min_samples_leaf\"": 1, \""min_samples_split\"": 2, \""max_depth\"": null, \""criterion\"": \""squared_error\"", \""max_features\"": 1}}, \""holiday\"": true, \""mean_rolling_periods\"": 7, \""macd_periods\"": 46, \""std_rolling_periods\"": 7, \""max_rolling_periods\"": 12, \""min_rolling_periods\"": 2, \""ewm_var_alpha\"": null, \""quantile90_rolling_periods\"": null, \""quantile10_rolling_periods\"": null, \""ewm_alpha\"": null, \""additional_lag_periods\"": 90, \""abs_energy\"": false, \""rolling_autocorr_periods\"": null, \""nonzero_last_n\"": null, \""add_date_part\"": \""simple_2\"", \""polynomial_degree\"": null, \""x_transform\"": null, \""regression_type\"": null}"", ""TransformationParameters"": ""{\""fillna\"": \""ffill\"", \""transformations\"": {\""0\"": \""Scaler\"", \""1\"": \""Detrend\"", \""2\"": \""DatepartRegression\""}, \""transformation_params\"": {\""0\"": {}, \""1\"": {\""model\"": \""Linear\"", \""phi\"": 1, \""window\"": 30, \""transform_dict\"": null}, \""2\"": {\""regression_model\"": {\""model\"": \""ElasticNet\"", \""model_params\"": {\""l1_ratio\"": 0.5, \""fit_intercept\"": true, \""selection\"": \""cyclic\"", \""max_iter\"": 1000}}, \""datepart_method\"": \""common_fourier\"", \""polynomial_degree\"": null, \""transform_dict\"": null, \""holiday_countries_used\"": false, \""lags\"": null, \""forward_lags\"": null}}}""}, ""a6a1477ee2b31d009999314fa5df12a0"": {""Model"": ""ARIMA"", ""ModelParameters"": ""{\""p\"": 4, \""d\"": 0, \""q\"": 0, \""regression_type\"": \""Holiday\""}"", ""TransformationParameters"": ""{\""fillna\"": \""ffill\"", \""transformations\"": {\""0\"": \""Scaler\"", \""1\"": \""Detrend\"", \""2\"": \""DatepartRegression\""}, \""transformation_params\"": {\""0\"": {}, \""1\"": {\""model\"": \""Linear\"", \""phi\"": 1, \""window\"": 30, \""transform_dict\"": null}, \""2\"": {\""regression_model\"": {\""model\"": \""ElasticNet\"", \""model_params\"": {\""l1_ratio\"": 0.5, \""fit_intercept\"": true, \""selection\"": \""cyclic\"", \""max_iter\"": 1000}}, \""datepart_method\"": \""common_fourier\"", \""polynomial_degree\"": null, \""transform_dict\"": null, \""holiday_countries_used\"": false, \""lags\"": null, \""forward_lags\"": null}}}""}}, ""model_weights"": {}, ""point_method"": ""mean""}","{""fillna"": ""ffill"", ""transformations"": {""0"": ""FFTFilter"", ""1"": ""HistoricValues""}, ""transformation_params"": {""0"": {""cutoff"": 0.01, ""reverse"": false, ""on_transform"": false, ""on_inverse"": true}, ""1"": {""window"": null}}}",1,2,8.633559240047095,0.5813695647687088,0.7813097737690222,0.5782930772520322,0.5813695647687088,0.0,-35.87505976888866,0.4557654007093644,68.77146188947893,0.5326599257363233,0.35347014439463315,0.9555555555555556,0.5166666666666666,3.7160967614915643,0.9444444444444444,1.2885575548799442,0.403310477385047,2.2586262521509206,1.5191101169016314,0.013776241024912862,16.448201060295133,5.566265951105887,25.53604447943207,0.02617865143426673,8.633559240047095,0.5813695647687088,0.7813097737690222,0.5782930772520322,0.5813695647687088,0.0,0.4557654007093644,0.5326599257363233,0.35347014439463315,3.7160967614915643,0.9444444444444444,1.2885575548799442,0.403310477385047,2.2586262521509206,1.5191101169016314,0.013776241024912862,16.448201060295133,5.566265951105887,25.53604447943207,0.02617865143426673,0.9555555555555556,0.5166666666666666,12.889800000000001,16.631001889834934,10.792975360091074,Wh,10.792975360091074,Wh
368,58e1be4ca9eec1b47ea615122974c599,Ensemble,"{""model_name"": ""BestN"", ""model_count"": 5, ""model_metric"": ""mixed_metric"", ""models"": {""9401cafd8f6b338a48dd5f0e109ef608"": {""Model"": ""ARIMA"", ""ModelParameters"": ""{\""p\"": 4, \""d\"": 1, \""q\"": 1, \""regression_type\"": null}"", ""TransformationParameters"": ""{\""fillna\"": \""ffill\"", \""transformations\"": {\""0\"": \""Scaler\"", \""1\"": \""Detrend\"", \""2\"": \""DatepartRegression\""}, \""transformation_params\"": {\""0\"": {}, \""1\"": {\""model\"": \""Linear\"", \""phi\"": 1, \""window\"": 30, \""transform_dict\"": null}, \""2\"": {\""regression_model\"": {\""model\"": \""ElasticNet\"", \""model_params\"": {\""l1_ratio\"": 0.5, \""fit_intercept\"": true, \""selection\"": \""cyclic\"", \""max_iter\"": 1000}}, \""datepart_method\"": \""common_fourier\"", \""polynomial_degree\"": null, \""transform_dict\"": null, \""holiday_countries_used\"": false, \""lags\"": null, \""forward_lags\"": null}}}""}, ""a8ad161bc7623e4bb730ce0012481031"": {""Model"": ""RollingRegression"", ""ModelParameters"": ""{\""regression_model\"": {\""model\"": \""RANSAC\"", \""model_params\"": {}}, \""holiday\"": true, \""mean_rolling_periods\"": 12, \""macd_periods\"": 24, \""std_rolling_periods\"": 10, \""max_rolling_periods\"": null, \""min_rolling_periods\"": 4, \""ewm_var_alpha\"": null, \""quantile90_rolling_periods\"": null, \""quantile10_rolling_periods\"": null, \""ewm_alpha\"": 0.8, \""additional_lag_periods\"": 2, \""abs_energy\"": false, \""rolling_autocorr_periods\"": null, \""nonzero_last_n\"": null, \""add_date_part\"": null, \""polynomial_degree\"": null, \""x_transform\"": null, \""regression_type\"": null}"", ""TransformationParameters"": ""{\""fillna\"": \""ffill\"", \""transformations\"": {\""0\"": \""Detrend\"", \""1\"": \""DatepartRegression\"", \""2\"": \""Scaler\"", \""3\"": \""Scaler\"", \""4\"": \""MinMaxScaler\""}, \""transformation_params\"": {\""0\"": {\""model\"": \""Linear\"", \""phi\"": 1, \""window\"": null, \""transform_dict\"": null}, \""1\"": {\""regression_model\"": {\""model\"": \""ElasticNet\"", \""model_params\"": {\""l1_ratio\"": 0.9, \""fit_intercept\"": true, \""selection\"": \""cyclic\"", \""max_iter\"": 200}}, \""datepart_method\"": \""common_fourier\"", \""polynomial_degree\"": null, \""transform_dict\"": null, \""holiday_countries_used\"": false, \""lags\"": null, \""forward_lags\"": 2}, \""2\"": {}, \""3\"": {}, \""4\"": {}}}""}}, ""point_method"": ""median"", ""model_weights"": {}}",{},1,2,8.627142573579752,0.5804473774195876,0.76447046302795,0.5803786139715754,0.5804473774195876,0.0,-36.64054286643025,0.4615822236509372,67.83998506909553,0.5293274624164359,0.3480705980888112,0.9555555555555556,0.5055555555555555,3.5758451335575323,0.9444444444444444,1.284260914254754,0.41017128591894736,2.2269851379690806,1.0030210262445858,0.11328663464116824,15.599721101332648,7.883871256392813,22.849699099572177,0.025515461332024064,8.627142573579752,0.5804473774195876,0.76447046302795,0.5803786139715754,0.5804473774195876,0.0,0.4615822236509372,0.5293274624164359,0.3480705980888112,3.5758451335575323,0.9444444444444444,1.284260914254754,0.41017128591894736,2.2269851379690806,1.0030210262445858,0.11328663464116824,15.599721101332648,7.883871256392813,22.849699099572177,0.025515461332024064,0.9555555555555556,0.5055555555555555,14.89375,16.505872333967076,10.74271430504334,Wh,10.74271430504334,Wh
369,14d782f1be662100726987eb69b782a9,WindowRegression,"{""window_size"": 7, ""input_dim"": ""univariate"", ""output_dim"": ""forecast_length"", ""normalize_window"": false, ""max_windows"": 5000000, ""fourier_encoding_components"": null, ""scale"": true, ""datepart_method"": null, ""regression_type"": null, ""regression_model"": {""model"": ""xgboost"", ""model_params"": {""n_estimators"": 7, ""max_leaves"": 4, ""min_child_weight"": 2.5, ""learning_rate"": 0.35, ""subsample"": 0.95, ""colsample_bylevel"": 0.56, ""colsample_bytree"": 0.46, ""reg_alpha"": 0.0016, ""reg_lambda"": 5.3}}}","{""fillna"": ""ffill"", ""transformations"": {""0"": ""Scaler"", ""1"": ""Detrend"", ""2"": ""MinMaxScaler""}, ""transformation_params"": {""0"": {}, ""1"": {""model"": ""Linear"", ""phi"": 1, ""window"": 30, ""transform_dict"": null}, ""2"": {}}}",0,1,9.514011421408869,0.5772509788262348,0.7168227993423907,0.6890963385305238,0.5772509788262348,0.0,-21.982876225765416,0.48155815736500573,29.969711868595724,0.5170970429371882,0.3053039286714002,0.8666666666666667,0.5777777777777777,1.886038885282777,0.9666666666666667,1.317056378521748,0.43704605178615397,2.3462217984813245,2.4260542860844594,0.44398635256396085,7.986835642830311,11.497869814365762,4.982837231148339,0.0144715196990996,9.514011421408869,0.5772509788262348,0.7168227993423907,0.6890963385305238,0.5772509788262348,0.0,0.48155815736500573,0.5170970429371882,0.3053039286714002,1.886038885282777,0.9666666666666667,1.317056378521748,0.43704605178615397,2.3462217984813245,2.4260542860844594,0.44398635256396085,7.986835642830311,11.497869814365762,4.982837231148339,0.0144715196990996,0.8666666666666667,0.5777777777777777,0.0839,16.483505539632063,8.303416235572394,Wh,8.303416235572394,Wh
370,46596969c545cee77a5b6233e298ade7,Ensemble,"{""model_name"": ""BestN"", ""model_count"": 3, ""model_metric"": ""mixed_metric"", ""models"": {""9401cafd8f6b338a48dd5f0e109ef608"": {""Model"": ""ARIMA"", ""ModelParameters"": ""{\""p\"": 4, \""d\"": 1, \""q\"": 1, \""regression_type\"": null}"", ""TransformationParameters"": ""{\""fillna\"": \""ffill\"", \""transformations\"": {\""0\"": \""Scaler\"", \""1\"": \""Detrend\"", \""2\"": \""DatepartRegression\""}, \""transformation_params\"": {\""0\"": {}, \""1\"": {\""model\"": \""Linear\"", \""phi\"": 1, \""window\"": 30, \""transform_dict\"": null}, \""2\"": {\""regression_model\"": {\""model\"": \""ElasticNet\"", \""model_params\"": {\""l1_ratio\"": 0.5, \""fit_intercept\"": true, \""selection\"": \""cyclic\"", \""max_iter\"": 1000}}, \""datepart_method\"": \""common_fourier\"", \""polynomial_degree\"": null, \""transform_dict\"": null, \""holiday_countries_used\"": false, \""lags\"": null, \""forward_lags\"": null}}}""}}, ""model_weights"": {}, ""point_method"": ""mean""}","{""fillna"": ""ffill"", ""transformations"": {""0"": ""FFTFilter"", ""1"": ""HistoricValues""}, ""transformation_params"": {""0"": {""cutoff"": 0.01, ""reverse"": false, ""on_transform"": false, ""on_inverse"": true}, ""1"": {""window"": null}}}",1,2,8.651904891144898,0.5821767263353607,0.7624379644365614,0.5771147605940445,0.5821767263353607,0.0,-49.528435940212646,0.4869953845404184,55.26337480015228,0.5087507430587482,0.3435043911226323,0.9222222222222223,0.5166666666666666,3.419761059019301,0.9444444444444444,1.2788948013977548,0.40760658240457714,2.116727752371925,1.2881427006211332,0.012166876307148567,5.3423289060592785,5.9430498959106135,25.639824303602612,0.009309174113489386,8.651904891144898,0.5821767263353607,0.7624379644365614,0.5771147605940445,0.5821767263353607,0.0,0.4869953845404184,0.5087507430587482,0.3435043911226323,3.419761059019301,0.9444444444444444,1.2788948013977548,0.40760658240457714,2.116727752371925,1.2881427006211332,0.012166876307148567,5.3423289060592785,5.9430498959106135,25.639824303602612,0.009309174113489386,0.9222222222222223,0.5166666666666666,8.171800000000001,16.459540078874724,10.805007074455904,Wh,10.805007074455904,Wh
371,b0018e11ac126215ce302e83d7763c09,ARIMA,"{""p"": 4, ""d"": 0, ""q"": 5, ""regression_type"": null}","{""fillna"": ""ffill"", ""transformations"": {""0"": ""Scaler"", ""1"": ""Detrend"", ""2"": ""DatepartRegression""}, ""transformation_params"": {""0"": {}, ""1"": {""model"": ""Linear"", ""phi"": 1, ""window"": 30, ""transform_dict"": null}, ""2"": {""regression_model"": {""model"": ""ElasticNet"", ""model_params"": {""l1_ratio"": 0.5, ""fit_intercept"": true, ""selection"": ""cyclic"", ""max_iter"": 1000}}, ""datepart_method"": ""common_fourier"", ""polynomial_degree"": null, ""transform_dict"": null, ""holiday_countries_used"": false, ""lags"": null, ""forward_lags"": null}}}",0,1,8.246005085677467,0.49657028948249016,0.6133402442930532,0.5911731732488679,0.49657028948249016,0.0,-21.134886631766864,0.42725085520413514,23.556439421657245,0.4468531969493738,0.44858676454539886,0.9888888888888889,0.5333333333333333,2.1551288339500676,0.9666666666666667,1.275209371101963,0.38173548732643264,2.121234573978189,0.6379698943270574,0.27623770150392474,2.4215527898903826,6.998727660256955,11.933830652842868,0.004387663709189565,8.246005085677467,0.49657028948249016,0.6133402442930532,0.5911731732488679,0.49657028948249016,0.0,0.42725085520413514,0.4468531969493738,0.44858676454539886,2.1551288339500676,0.9666666666666667,1.275209371101963,0.38173548732643264,2.121234573978189,0.6379698943270574,0.27623770150392474,2.4215527898903826,6.998727660256955,11.933830652842868,0.004387663709189565,0.9888888888888889,0.5333333333333333,1.6951,16.440682443213387,7.142871913661969,Wh,7.142871913661969,Wh
372,054ad03d897090216d34db894845038c,Ensemble,"{""model_name"": ""BestN"", ""model_count"": 5, ""model_metric"": ""mixed_metric"", ""models"": {""9401cafd8f6b338a48dd5f0e109ef608"": {""Model"": ""ARIMA"", ""ModelParameters"": ""{\""p\"": 4, \""d\"": 1, \""q\"": 1, \""regression_type\"": null}"", ""TransformationParameters"": ""{\""fillna\"": \""ffill\"", \""transformations\"": {\""0\"": \""Scaler\"", \""1\"": \""Detrend\"", \""2\"": \""DatepartRegression\""}, \""transformation_params\"": {\""0\"": {}, \""1\"": {\""model\"": \""Linear\"", \""phi\"": 1, \""window\"": 30, \""transform_dict\"": null}, \""2\"": {\""regression_model\"": {\""model\"": \""ElasticNet\"", \""model_params\"": {\""l1_ratio\"": 0.5, \""fit_intercept\"": true, \""selection\"": \""cyclic\"", \""max_iter\"": 1000}}, \""datepart_method\"": \""common_fourier\"", \""polynomial_degree\"": null, \""transform_dict\"": null, \""holiday_countries_used\"": false, \""lags\"": null, \""forward_lags\"": null}}}""}, ""a8ad161bc7623e4bb730ce0012481031"": {""Model"": ""RollingRegression"", ""ModelParameters"": ""{\""regression_model\"": {\""model\"": \""RANSAC\"", \""model_params\"": {}}, \""holiday\"": true, \""mean_rolling_periods\"": 12, \""macd_periods\"": 24, \""std_rolling_periods\"": 10, \""max_rolling_periods\"": null, \""min_rolling_periods\"": 4, \""ewm_var_alpha\"": null, \""quantile90_rolling_periods\"": null, \""quantile10_rolling_periods\"": null, \""ewm_alpha\"": 0.8, \""additional_lag_periods\"": 2, \""abs_energy\"": false, \""rolling_autocorr_periods\"": null, \""nonzero_last_n\"": null, \""add_date_part\"": null, \""polynomial_degree\"": null, \""x_transform\"": null, \""regression_type\"": null}"", ""TransformationParameters"": ""{\""fillna\"": \""ffill\"", \""transformations\"": {\""0\"": \""Detrend\"", \""1\"": \""DatepartRegression\"", \""2\"": \""Scaler\"", \""3\"": \""Scaler\"", \""4\"": \""MinMaxScaler\""}, \""transformation_params\"": {\""0\"": {\""model\"": \""Linear\"", \""phi\"": 1, \""window\"": null, \""transform_dict\"": null}, \""1\"": {\""regression_model\"": {\""model\"": \""ElasticNet\"", \""model_params\"": {\""l1_ratio\"": 0.9, \""fit_intercept\"": true, \""selection\"": \""cyclic\"", \""max_iter\"": 200}}, \""datepart_method\"": \""common_fourier\"", \""polynomial_degree\"": null, \""transform_dict\"": null, \""holiday_countries_used\"": false, \""lags\"": null, \""forward_lags\"": 2}, \""2\"": {}, \""3\"": {}, \""4\"": {}}}""}}, ""point_method"": ""median"", ""model_weights"": {}}","{""fillna"": ""fake_date"", ""transformations"": {""0"": ""FIRFilter"", ""1"": ""AlignLastValue"", ""2"": ""AlignLastValue""}, ""transformation_params"": {""0"": {""numtaps"": 32, ""cutoff_hz"": 0.1, ""window"": ""triang"", ""sampling_frequency"": 12, ""on_transform"": false, ""on_inverse"": true, ""bounds_only"": true}, ""1"": {""rows"": 1, ""lag"": 1, ""method"": ""multiplicative"", ""strength"": 1.0, ""first_value_only"": false, ""threshold"": null, ""threshold_method"": ""mean""}, ""2"": {""rows"": 1, ""lag"": 1, ""method"": ""multiplicative"", ""strength"": 1.0, ""first_value_only"": true, ""threshold"": 10, ""threshold_method"": ""max""}}}",1,2,8.544774411106687,0.5744369147711194,0.7607647725361963,0.5776554028196109,0.5744369147711194,0.0,-36.670176674497824,0.45759459654761947,66.72846798430368,0.523279150027772,0.34814570270772294,0.9555555555555556,0.5,3.5758451335575323,0.9388888888888889,1.283994393207267,0.4030536327826033,2.2209746753206128,0.5769296814608302,0.12807303722875865,15.029145654902928,8.132240474136237,22.84448029126051,0.024701188209033914,8.544774411106687,0.5744369147711194,0.7607647725361963,0.5776554028196109,0.5744369147711194,0.0,0.45759459654761947,0.523279150027772,0.34814570270772294,3.5758451335575323,0.9388888888888889,1.283994393207267,0.4030536327826033,2.2209746753206128,0.5769296814608302,0.12807303722875865,15.029145654902928,8.132240474136237,22.84448029126051,0.024701188209033914,0.9555555555555556,0.5,15.081700000000001,16.402590394588543,10.62169232065917,Wh,10.62169232065917,Wh
373,00f4304f4501661624588ce2d8c22e5f,Ensemble,"{""model_name"": ""BestN"", ""model_count"": 5, ""model_metric"": ""mixed_metric"", ""models"": {""9401cafd8f6b338a48dd5f0e109ef608"": {""Model"": ""ARIMA"", ""ModelParameters"": ""{\""p\"": 4, \""d\"": 1, \""q\"": 1, \""regression_type\"": null}"", ""TransformationParameters"": ""{\""fillna\"": \""ffill\"", \""transformations\"": {\""0\"": \""Scaler\"", \""1\"": \""Detrend\"", \""2\"": \""DatepartRegression\""}, \""transformation_params\"": {\""0\"": {}, \""1\"": {\""model\"": \""Linear\"", \""phi\"": 1, \""window\"": 30, \""transform_dict\"": null}, \""2\"": {\""regression_model\"": {\""model\"": \""ElasticNet\"", \""model_params\"": {\""l1_ratio\"": 0.5, \""fit_intercept\"": true, \""selection\"": \""cyclic\"", \""max_iter\"": 1000}}, \""datepart_method\"": \""common_fourier\"", \""polynomial_degree\"": null, \""transform_dict\"": null, \""holiday_countries_used\"": false, \""lags\"": null, \""forward_lags\"": null}}}""}, ""a8ad161bc7623e4bb730ce0012481031"": {""Model"": ""RollingRegression"", ""ModelParameters"": ""{\""regression_model\"": {\""model\"": \""RANSAC\"", \""model_params\"": {}}, \""holiday\"": true, \""mean_rolling_periods\"": 12, \""macd_periods\"": 24, \""std_rolling_periods\"": 10, \""max_rolling_periods\"": null, \""min_rolling_periods\"": 4, \""ewm_var_alpha\"": null, \""quantile90_rolling_periods\"": null, \""quantile10_rolling_periods\"": null, \""ewm_alpha\"": 0.8, \""additional_lag_periods\"": 2, \""abs_energy\"": false, \""rolling_autocorr_periods\"": null, \""nonzero_last_n\"": null, \""add_date_part\"": null, \""polynomial_degree\"": null, \""x_transform\"": null, \""regression_type\"": null}"", ""TransformationParameters"": ""{\""fillna\"": \""ffill\"", \""transformations\"": {\""0\"": \""Detrend\"", \""1\"": \""DatepartRegression\"", \""2\"": \""Scaler\"", \""3\"": \""Scaler\"", \""4\"": \""MinMaxScaler\""}, \""transformation_params\"": {\""0\"": {\""model\"": \""Linear\"", \""phi\"": 1, \""window\"": null, \""transform_dict\"": null}, \""1\"": {\""regression_model\"": {\""model\"": \""ElasticNet\"", \""model_params\"": {\""l1_ratio\"": 0.9, \""fit_intercept\"": true, \""selection\"": \""cyclic\"", \""max_iter\"": 200}}, \""datepart_method\"": \""common_fourier\"", \""polynomial_degree\"": null, \""transform_dict\"": null, \""holiday_countries_used\"": false, \""lags\"": null, \""forward_lags\"": 2}, \""2\"": {}, \""3\"": {}, \""4\"": {}}}""}}, ""point_method"": ""median"", ""model_weights"": {}}","{""fillna"": ""fake_date"", ""transformations"": {""0"": ""AlignLastValue"", ""1"": ""AlignLastValue""}, ""transformation_params"": {""0"": {""rows"": 1, ""lag"": 1, ""method"": ""multiplicative"", ""strength"": 1.0, ""first_value_only"": false, ""threshold"": null, ""threshold_method"": ""mean""}, ""1"": {""rows"": 1, ""lag"": 1, ""method"": ""multiplicative"", ""strength"": 1.0, ""first_value_only"": true, ""threshold"": 10, ""threshold_method"": ""max""}}}",1,2,8.544774411106687,0.5744369147711194,0.7607647725361963,0.5776554028196109,0.5744369147711194,0.0,-36.670176674497824,0.45759459654761947,66.72846798430368,0.523279150027772,0.3479028433026828,0.9555555555555556,0.5,3.5758451335575323,0.9388888888888889,1.283994393207267,0.4030536327826033,2.2209746753206128,0.5769296814608302,0.12807303722875865,15.029145654902928,8.132240474136237,22.84448029126051,0.024701188209033914,8.544774411106687,0.5744369147711194,0.7607647725361963,0.5776554028196109,0.5744369147711194,0.0,0.45759459654761947,0.523279150027772,0.3479028433026828,3.5758451335575323,0.9388888888888889,1.283994393207267,0.4030536327826033,2.2209746753206128,0.5769296814608302,0.12807303722875865,15.029145654902928,8.132240474136237,22.84448029126051,0.024701188209033914,0.9555555555555556,0.5,14.9047,16.399641546188548,10.62169232065917,Wh,10.62169232065917,Wh
374,55bf793f69d559a524db9413b7d97a69,Ensemble,"{""model_name"": ""BestN"", ""model_count"": 5, ""model_metric"": ""mixed_metric"", ""models"": {""9401cafd8f6b338a48dd5f0e109ef608"": {""Model"": ""ARIMA"", ""ModelParameters"": ""{\""p\"": 4, \""d\"": 1, \""q\"": 1, \""regression_type\"": null}"", ""TransformationParameters"": ""{\""fillna\"": \""ffill\"", \""transformations\"": {\""0\"": \""Scaler\"", \""1\"": \""Detrend\"", \""2\"": \""DatepartRegression\""}, \""transformation_params\"": {\""0\"": {}, \""1\"": {\""model\"": \""Linear\"", \""phi\"": 1, \""window\"": 30, \""transform_dict\"": null}, \""2\"": {\""regression_model\"": {\""model\"": \""ElasticNet\"", \""model_params\"": {\""l1_ratio\"": 0.5, \""fit_intercept\"": true, \""selection\"": \""cyclic\"", \""max_iter\"": 1000}}, \""datepart_method\"": \""common_fourier\"", \""polynomial_degree\"": null, \""transform_dict\"": null, \""holiday_countries_used\"": false, \""lags\"": null, \""forward_lags\"": null}}}""}, ""a8ad161bc7623e4bb730ce0012481031"": {""Model"": ""RollingRegression"", ""ModelParameters"": ""{\""regression_model\"": {\""model\"": \""RANSAC\"", \""model_params\"": {}}, \""holiday\"": true, \""mean_rolling_periods\"": 12, \""macd_periods\"": 24, \""std_rolling_periods\"": 10, \""max_rolling_periods\"": null, \""min_rolling_periods\"": 4, \""ewm_var_alpha\"": null, \""quantile90_rolling_periods\"": null, \""quantile10_rolling_periods\"": null, \""ewm_alpha\"": 0.8, \""additional_lag_periods\"": 2, \""abs_energy\"": false, \""rolling_autocorr_periods\"": null, \""nonzero_last_n\"": null, \""add_date_part\"": null, \""polynomial_degree\"": null, \""x_transform\"": null, \""regression_type\"": null}"", ""TransformationParameters"": ""{\""fillna\"": \""ffill\"", \""transformations\"": {\""0\"": \""Detrend\"", \""1\"": \""DatepartRegression\"", \""2\"": \""Scaler\"", \""3\"": \""Scaler\"", \""4\"": \""MinMaxScaler\""}, \""transformation_params\"": {\""0\"": {\""model\"": \""Linear\"", \""phi\"": 1, \""window\"": null, \""transform_dict\"": null}, \""1\"": {\""regression_model\"": {\""model\"": \""ElasticNet\"", \""model_params\"": {\""l1_ratio\"": 0.9, \""fit_intercept\"": true, \""selection\"": \""cyclic\"", \""max_iter\"": 200}}, \""datepart_method\"": \""common_fourier\"", \""polynomial_degree\"": null, \""transform_dict\"": null, \""holiday_countries_used\"": false, \""lags\"": null, \""forward_lags\"": 2}, \""2\"": {}, \""3\"": {}, \""4\"": {}}}""}}, ""point_method"": ""median"", ""model_weights"": {}}","{""fillna"": ""ffill"", ""transformations"": {""0"": ""FFTFilter"", ""1"": ""HistoricValues""}, ""transformation_params"": {""0"": {""cutoff"": 0.01, ""reverse"": false, ""on_transform"": false, ""on_inverse"": true}, ""1"": {""window"": null}}}",1,2,8.59005771663779,0.5782177566304619,0.7798964242026154,0.5778905115537093,0.5782177566304619,0.0,-35.744139422310695,0.4545415628072983,68.33505677117245,0.5287190250286196,0.3329320879923552,0.9333333333333333,0.5166666666666666,3.676482555601332,0.9444444444444444,1.285770935188663,0.39862535062589144,2.22741514626596,1.4520778892494013,0.013356002571528303,16.295458674430876,5.909218491292808,25.56989976865922,0.026435933843342044,8.59005771663779,0.5782177566304619,0.7798964242026154,0.5778905115537093,0.5782177566304619,0.0,0.4545415628072983,0.5287190250286196,0.3329320879923552,3.676482555601332,0.9444444444444444,1.285770935188663,0.39862535062589144,2.22741514626596,1.4520778892494013,0.013356002571528303,16.295458674430876,5.909218491292808,25.56989976865922,0.026435933843342044,0.9333333333333333,0.5166666666666666,14.9786,16.33281892583811,10.726351988591373,Wh,10.726351988591373,Wh
375,d5633f14c95a452e852cd4ed9a091ad3,RollingRegression,"{""regression_model"": {""model"": ""ExtraTrees"", ""model_params"": {""n_estimators"": 100, ""min_samples_leaf"": 1, ""min_samples_split"": 2, ""max_depth"": null, ""criterion"": ""squared_error"", ""max_features"": 1}}, ""holiday"": false, ""mean_rolling_periods"": 12, ""macd_periods"": 24, ""std_rolling_periods"": 7, ""max_rolling_periods"": null, ""min_rolling_periods"": 28, ""ewm_var_alpha"": null, ""quantile90_rolling_periods"": null, ""quantile10_rolling_periods"": null, ""ewm_alpha"": 0.2, ""additional_lag_periods"": 6, ""abs_energy"": false, ""rolling_autocorr_periods"": null, ""nonzero_last_n"": null, ""add_date_part"": null, ""polynomial_degree"": null, ""x_transform"": null, ""regression_type"": null}","{""fillna"": ""ffill"", ""transformations"": {""0"": ""Scaler"", ""1"": ""Detrend"", ""2"": ""DatepartRegression""}, ""transformation_params"": {""0"": {}, ""1"": {""model"": ""Linear"", ""phi"": 1, ""window"": 30, ""transform_dict"": null}, ""2"": {""regression_model"": {""model"": ""ElasticNet"", ""model_params"": {""l1_ratio"": 0.5, ""fit_intercept"": true, ""selection"": ""cyclic"", ""max_iter"": 1000}}, ""datepart_method"": ""common_fourier"", ""polynomial_degree"": null, ""transform_dict"": null, ""holiday_countries_used"": false, ""lags"": null, ""forward_lags"": null}}}",0,1,8.014688313538358,0.4824279317729774,0.6222105219381654,0.7406107973085806,0.4824279317729774,0.0,-18.122247920463863,0.4048869808896862,25.296265939104096,0.4391633229006432,0.45339583291555624,0.9888888888888889,0.5111111111111111,2.0636886288215273,0.9666666666666667,1.268418335618357,0.35660335547153826,2.0408669129836206,0.612959328364374,0.5529863723873245,7.174018018640228,9.334242424177923,5.757346908207265,0.01299875792131075,8.014688313538358,0.4824279317729774,0.6222105219381654,0.7406107973085806,0.4824279317729774,0.0,0.4048869808896862,0.4391633229006432,0.45339583291555624,2.0636886288215273,0.9666666666666667,1.268418335618357,0.35660335547153826,2.0408669129836206,0.612959328364374,0.5529863723873245,7.174018018640228,9.334242424177923,5.757346908207265,0.01299875792131075,0.9888888888888889,0.5111111111111111,3.2258,16.313936754124914,6.939442405663179,Wh,6.939442405663179,Wh
376,567f2cfde5d3d267b2bd14551b09a4a8,RollingRegression,"{""regression_model"": {""model"": ""ExtraTrees"", ""model_params"": {""n_estimators"": 100, ""min_samples_leaf"": 1, ""min_samples_split"": 2, ""max_depth"": null, ""criterion"": ""squared_error"", ""max_features"": 1}}, ""holiday"": true, ""mean_rolling_periods"": 12, ""macd_periods"": 24, ""std_rolling_periods"": 7, ""max_rolling_periods"": null, ""min_rolling_periods"": null, ""ewm_var_alpha"": null, ""quantile90_rolling_periods"": null, ""quantile10_rolling_periods"": null, ""ewm_alpha"": 0.8, ""additional_lag_periods"": 6, ""abs_energy"": false, ""rolling_autocorr_periods"": 7, ""nonzero_last_n"": null, ""add_date_part"": null, ""polynomial_degree"": null, ""x_transform"": null, ""regression_type"": null}","{""fillna"": ""ffill"", ""transformations"": {""0"": ""Scaler"", ""1"": ""Detrend"", ""2"": ""DatepartRegression""}, ""transformation_params"": {""0"": {}, ""1"": {""model"": ""Linear"", ""phi"": 1, ""window"": 30, ""transform_dict"": null}, ""2"": {""regression_model"": {""model"": ""ElasticNet"", ""model_params"": {""l1_ratio"": 0.5, ""fit_intercept"": true, ""selection"": ""cyclic"", ""max_iter"": 1000}}, ""datepart_method"": ""common_fourier"", ""polynomial_degree"": null, ""transform_dict"": null, ""holiday_countries_used"": false, ""lags"": null, ""forward_lags"": null}}}",0,1,7.867413164587381,0.4721903193548729,0.610601988255049,0.6677054197879964,0.4721903193548729,0.0,-17.952551794364545,0.4005924541908095,24.54457694757402,0.42713320235780583,0.4525741471573619,0.9888888888888889,0.4888888888888889,1.9893498582839868,0.9666666666666667,1.2635557654704277,0.3431413025198326,2.036111880689008,1.0242323270053242,0.3365735977711409,6.592025153209474,9.163498559714968,13.855698340432383,0.011944232500548248,7.867413164587381,0.4721903193548729,0.610601988255049,0.6677054197879964,0.4721903193548729,0.0,0.4005924541908095,0.42713320235780583,0.4525741471573619,1.9893498582839868,0.9666666666666667,1.2635557654704277,0.3431413025198326,2.036111880689008,1.0242323270053242,0.3365735977711409,6.592025153209474,9.163498559714968,13.855698340432383,0.011944232500548248,0.9888888888888889,0.4888888888888889,13.0835,16.09446825083243,6.792180364914738,Wh,6.792180364914738,Wh
377,62ac5ecc8e01167959fdc6d91934c01c,WindowRegression,"{""window_size"": 10, ""input_dim"": ""univariate"", ""output_dim"": ""1step"", ""normalize_window"": false, ""max_windows"": 5000000, ""fourier_encoding_components"": null, ""scale"": true, ""datepart_method"": null, ""regression_type"": null, ""regression_model"": {""model"": ""Ridge"", ""model_params"": {""alpha"": 1e-05}}}","{""fillna"": ""ffill"", ""transformations"": {""0"": ""Scaler"", ""1"": ""Detrend"", ""2"": ""DatepartRegression"", ""3"": ""Detrend""}, ""transformation_params"": {""0"": {}, ""1"": {""model"": ""Linear"", ""phi"": 1, ""window"": 30, ""transform_dict"": null}, ""2"": {""regression_model"": {""model"": ""ElasticNet"", ""model_params"": {""l1_ratio"": 0.5, ""fit_intercept"": true, ""selection"": ""cyclic"", ""max_iter"": 1000}}, ""datepart_method"": ""common_fourier"", ""polynomial_degree"": null, ""transform_dict"": null, ""holiday_countries_used"": false, ""lags"": null, ""forward_lags"": null}, ""3"": {""model"": ""Linear"", ""phi"": 1, ""window"": null, ""transform_dict"": {""fillna"": ""ffill_mean_biased"", ""transformations"": {""0"": null}, ""transformation_params"": {""0"": {}}}}}}",0,1,9.04732049232271,0.5555844911749318,0.7243738304967707,0.5614292513326349,0.5555844911749318,0.0,-4.275370053251127,0.4092098750004782,45.72723415249274,0.549343573840177,0.302420979311977,0.9333333333333333,0.5,2.2703342096454646,0.9666666666666667,1.3027110411937406,0.38969336693080464,2.024786323844444,0.6611848420036182,0.04585993363510468,41.45186409924162,27.600198508366184,20.51294128150135,0.0751075262723194,9.04732049232271,0.5555844911749318,0.7243738304967707,0.5614292513326349,0.5555844911749318,0.0,0.4092098750004782,0.549343573840177,0.302420979311977,2.2703342096454646,0.9666666666666667,1.3027110411937406,0.38969336693080464,2.024786323844444,0.6611848420036182,0.04585993363510468,41.45186409924162,27.600198508366184,20.51294128150135,0.0751075262723194,0.9333333333333333,0.5,0.3619,16.087681144982493,7.991756538264521,Wh,7.991756538264521,Wh
378,1ea79ca2b1d370d2c7220ea2de4e1a24,WindowRegression,"{""window_size"": 10, ""input_dim"": ""univariate"", ""output_dim"": ""1step"", ""normalize_window"": false, ""max_windows"": 5000000, ""fourier_encoding_components"": null, ""scale"": true, ""datepart_method"": null, ""regression_type"": null, ""regression_model"": {""model"": ""SVM"", ""model_params"": {""C"": 0.1, ""tol"": 0.001, ""epsilon"": 0.0, ""loss"": ""squared_epsilon_insensitive"", ""max_iter"": 50}}}","{""fillna"": ""pchip"", ""transformations"": {""0"": ""Scaler"", ""1"": ""Detrend""}, ""transformation_params"": {""0"": {}, ""1"": {""model"": ""Linear"", ""phi"": 1, ""window"": null, ""transform_dict"": null}}}",0,1,9.034171202434527,0.5546885863700026,0.7231666355223817,0.5611614607856534,0.5546885863700026,0.0,-4.308804002417124,0.4087676554951042,45.613168770883114,0.548466336196796,0.30233704216404395,0.9333333333333333,0.5111111111111111,2.272586680274358,0.9666666666666667,1.302218335400714,0.3889246884142391,2.022965004076835,0.6601478748332704,0.04311350161287552,41.30436476846599,27.513465354648556,20.652377904807235,0.07484026905477045,9.034171202434527,0.5546885863700026,0.7231666355223817,0.5611614607856534,0.5546885863700026,0.0,0.4087676554951042,0.548466336196796,0.30233704216404395,2.272586680274358,0.9666666666666667,1.302218335400714,0.3889246884142391,2.022965004076835,0.6601478748332704,0.04311350161287552,41.30436476846599,27.513465354648556,20.652377904807235,0.07484026905477045,0.9333333333333333,0.5111111111111111,0.267,16.067226574822293,7.97886947392744,Wh,7.97886947392744,Wh
379,b3aa5493566c55e6a8a87255550be0b2,ARIMA,"{""p"": 5, ""d"": 1, ""q"": 12, ""regression_type"": null}","{""fillna"": ""cubic"", ""transformations"": {""0"": ""Scaler"", ""1"": ""Detrend"", ""2"": ""DatepartRegression""}, ""transformation_params"": {""0"": {}, ""1"": {""model"": ""Linear"", ""phi"": 1, ""window"": 30, ""transform_dict"": null}, ""2"": {""regression_model"": {""model"": ""ElasticNet"", ""model_params"": {""l1_ratio"": 0.5, ""fit_intercept"": true, ""selection"": ""cyclic"", ""max_iter"": 1000}}, ""datepart_method"": ""common_fourier"", ""polynomial_degree"": null, ""transform_dict"": null, ""holiday_countries_used"": false, ""lags"": null, ""forward_lags"": null}}}",0,1,7.719727599716907,0.46465148838933995,0.5895587560884701,0.6185410481165852,0.46465148838933995,0.0,-19.2447850309402,0.40181992060237853,22.57384892410039,0.41732615113799354,0.46550920433016696,0.9888888888888889,0.5333333333333333,2.1726091533174685,0.9666666666666667,1.2608201694141892,0.34782597683625754,2.004903514088354,1.464156768419038,0.2506992920655233,3.329063893160189,7.550097842215441,9.531437157411474,0.00603200264333428,7.719727599716907,0.46465148838933995,0.5895587560884701,0.6185410481165852,0.46465148838933995,0.0,0.40181992060237853,0.41732615113799354,0.46550920433016696,2.1726091533174685,0.9666666666666667,1.2608201694141892,0.34782597683625754,2.004903514088354,1.464156768419038,0.2506992920655233,3.329063893160189,7.550097842215441,9.531437157411474,0.00603200264333428,0.9888888888888889,0.5333333333333333,8.172,16.009645789410296,6.6837387100149455,Wh,6.6837387100149455,Wh
380,8d6c743df0348147490dd826249ecfe0,ARIMA,"{""p"": 1, ""d"": 1, ""q"": 2, ""regression_type"": null}","{""fillna"": ""ffill"", ""transformations"": {""0"": ""Scaler"", ""1"": ""Detrend"", ""2"": ""DatepartRegression""}, ""transformation_params"": {""0"": {}, ""1"": {""model"": ""Linear"", ""phi"": 1, ""window"": 30, ""transform_dict"": null}, ""2"": {""regression_model"": {""model"": ""ElasticNet"", ""model_params"": {""l1_ratio"": 0.5, ""fit_intercept"": true, ""selection"": ""cyclic"", ""max_iter"": 1000}}, ""datepart_method"": ""common_fourier"", ""polynomial_degree"": null, ""transform_dict"": null, ""holiday_countries_used"": false, ""lags"": null, ""forward_lags"": null}}}",0,1,7.7071495966989385,0.46360050388131224,0.5856195044867819,0.5491221562058793,0.46360050388131224,0.0,-15.41187184461279,0.3881624143674276,26.312173504705314,0.43010404508995187,0.4662101955711231,0.9888888888888889,0.5222222222222223,2.0217335410463386,0.9666666666666667,1.2586031840936374,0.3445912489773539,1.972083919415055,0.5470576987480404,0.04648046685194095,10.900301660092524,12.112774635489938,21.38942452380565,0.01975049159071677,7.7071495966989385,0.46360050388131224,0.5856195044867819,0.5491221562058793,0.46360050388131224,0.0,0.3881624143674276,0.43010404508995187,0.4662101955711231,2.0217335410463386,0.9666666666666667,1.2586031840936374,0.3445912489773539,1.972083919415055,0.5470576987480404,0.04648046685194095,10.900301660092524,12.112774635489938,21.38942452380565,0.01975049159071677,0.9888888888888889,0.5222222222222223,0.143,16.003039025719783,6.6686209152473435,Wh,6.6686209152473435,Wh
381,936e531e16d110c8aaffb8eca7f00a9c,ARIMA,"{""p"": 5, ""d"": 1, ""q"": 12, ""regression_type"": null}","{""fillna"": ""ffill"", ""transformations"": {""0"": ""Scaler"", ""1"": ""Detrend""}, ""transformation_params"": {""0"": {}, ""1"": {""model"": ""Linear"", ""phi"": 1, ""window"": 30, ""transform_dict"": null}}}",0,1,7.71111900332054,0.46413001550069255,0.5892316372134621,0.6187542763626718,0.46413001550069255,0.0,-19.230726359459588,0.4014171890692575,22.54097503560273,0.4167795866644235,0.46513421716102044,0.9888888888888889,0.5333333333333333,2.1712078695404733,0.9666666666666667,1.2605574547338,0.3473361009555963,2.0028703676634,1.4639184821842937,0.25223853263814033,3.310248676143141,7.5462610078664145,9.447140953398673,0.005997910945961057,7.71111900332054,0.46413001550069255,0.5892316372134621,0.6187542763626718,0.46413001550069255,0.0,0.4014171890692575,0.4167795866644235,0.46513421716102044,2.1712078695404733,0.9666666666666667,1.2605574547338,0.3473361009555963,2.0028703676634,1.4639184821842937,0.25223853263814033,3.310248676143141,7.5462610078664145,9.447140953398673,0.005997910945961057,0.9888888888888889,0.5333333333333333,8.0681,15.994878800684512,6.676237628840842,Wh,6.676237628840842,Wh
382,910e2ff168dd8085552622ffd07d93be,ARIMA,"{""p"": 5, ""d"": 1, ""q"": 2, ""regression_type"": null}","{""fillna"": ""akima"", ""transformations"": {""0"": ""Scaler"", ""1"": ""Detrend"", ""2"": ""MinMaxScaler"", ""3"": ""MinMaxScaler""}, ""transformation_params"": {""0"": {}, ""1"": {""model"": ""Linear"", ""phi"": 1, ""window"": 30, ""transform_dict"": null}, ""2"": {}, ""3"": {}}}",0,1,7.588795638669444,0.4549440071836331,0.5758058259198885,0.5503562825921885,0.4549440071836331,0.0,-17.214633949258648,0.3876550705389137,23.73032669726834,0.41604991192468715,0.47450267303901833,1.0,0.5111111111111111,1.9835222434717465,0.9666666666666667,1.2545613798396367,0.34109878243448266,2.0007292114412065,0.4958422327664042,0.018306588294542223,6.515692748009692,9.609058236830908,22.25708626828142,0.011805924169824062,7.588795638669444,0.4549440071836331,0.5758058259198885,0.5503562825921885,0.4549440071836331,0.0,0.3876550705389137,0.41604991192468715,0.47450267303901833,1.9835222434717465,0.9666666666666667,1.2545613798396367,0.34109878243448266,2.0007292114412065,0.4958422327664042,0.018306588294542223,6.515692748009692,9.609058236830908,22.25708626828142,0.011805924169824062,1.0,0.5111111111111111,1.051,15.923025393613484,6.54410229534159,Wh,6.54410229534159,Wh
383,d7f7ab713aa0437abb6d9a17e7568b9b,WindowRegression,"{""window_size"": 10, ""input_dim"": ""univariate"", ""output_dim"": ""1step"", ""normalize_window"": false, ""max_windows"": 5000000, ""fourier_encoding_components"": null, ""scale"": true, ""datepart_method"": null, ""regression_type"": null, ""regression_model"": {""model"": ""Ridge"", ""model_params"": {""alpha"": 1e-05}}}","{""fillna"": ""piecewise_polynomial"", ""transformations"": {""0"": ""DatepartRegression"", ""1"": ""Detrend"", ""2"": ""Detrend"", ""3"": ""Scaler"", ""4"": ""Detrend""}, ""transformation_params"": {""0"": {""regression_model"": {""model"": ""ElasticNet"", ""model_params"": {""l1_ratio"": 0.5, ""fit_intercept"": true, ""selection"": ""cyclic"", ""max_iter"": 1000}}, ""datepart_method"": ""common_fourier"", ""polynomial_degree"": null, ""transform_dict"": null, ""holiday_countries_used"": false, ""lags"": 2, ""forward_lags"": null}, ""1"": {""model"": ""Linear"", ""phi"": 1, ""window"": null, ""transform_dict"": {""fillna"": null, ""transformations"": {""0"": ""Discretize""}, ""transformation_params"": {""0"": {""discretization"": ""center"", ""n_bins"": 20}}}}, ""2"": {""model"": ""Linear"", ""phi"": 1, ""window"": null, ""transform_dict"": {""fillna"": null, ""transformations"": {""0"": ""ScipyFilter""}, ""transformation_params"": {""0"": {""method"": ""savgol_filter"", ""method_args"": {""window_length"": 31, ""polyorder"": 3, ""deriv"": 0, ""mode"": ""interp""}}}}}, ""3"": {}, ""4"": {""model"": ""Linear"", ""phi"": 0.99, ""window"": null, ""transform_dict"": null}}}",0,1,8.953604209064746,0.5492340416609278,0.7122139921585017,0.5614083388492028,0.5492340416609278,0.0,-5.019051207954304,0.4081684687836237,44.412012541529194,0.5417573370541787,0.30025689933391464,0.9444444444444444,0.5,2.2616964664231904,0.9666666666666667,1.2997987450555164,0.38680895144174615,2.011959695280005,0.6316446579973194,0.045863347824727105,39.39296133357489,26.82980533653004,20.497616058054078,0.07137695596083142,8.953604209064746,0.5492340416609278,0.7122139921585017,0.5614083388492028,0.5492340416609278,0.0,0.4081684687836237,0.5417573370541787,0.30025689933391464,2.2616964664231904,0.9666666666666667,1.2997987450555164,0.38680895144174615,2.011959695280005,0.6316446579973194,0.045863347824727105,39.39296133357489,26.82980533653004,20.497616058054078,0.07137695596083142,0.9444444444444444,0.5,0.3296,15.911041922388534,7.900409052453437,Wh,7.900409052453437,Wh
384,856a0e5b99b48f8003d66b17f49c4e0a,Ensemble,"{""model_name"": ""BestN"", ""model_count"": 3, ""model_metric"": ""best_score_unique"", ""models"": {""860cd5b05944ecb82d3157f8432afabb"": {""Model"": ""WindowRegression"", ""ModelParameters"": ""{\""window_size\"": 10, \""input_dim\"": \""univariate\"", \""output_dim\"": \""1step\"", \""normalize_window\"": false, \""max_windows\"": 5000000, \""fourier_encoding_components\"": null, \""scale\"": true, \""datepart_method\"": null, \""regression_type\"": null, \""regression_model\"": {\""model\"": \""SVM\"", \""model_params\"": {\""C\"": 0.1, \""tol\"": 0.001, \""epsilon\"": 0.0, \""loss\"": \""squared_epsilon_insensitive\"", \""max_iter\"": 50}}}"", ""TransformationParameters"": ""{\""fillna\"": \""pchip\"", \""transformations\"": {\""0\"": \""Scaler\""}, \""transformation_params\"": {\""0\"": {}}}""}, ""e9ab0dee8ad32b476a4ab9bc6aed1fef"": {""Model"": ""RollingRegression"", ""ModelParameters"": ""{\""regression_model\"": {\""model\"": \""RANSAC\"", \""model_params\"": {}}, \""holiday\"": true, \""mean_rolling_periods\"": 12, \""macd_periods\"": 24, \""std_rolling_periods\"": 30, \""max_rolling_periods\"": 12, \""min_rolling_periods\"": null, \""ewm_var_alpha\"": null, \""quantile90_rolling_periods\"": null, \""quantile10_rolling_periods\"": null, \""ewm_alpha\"": 0.8, \""additional_lag_periods\"": 6, \""abs_energy\"": false, \""rolling_autocorr_periods\"": null, \""nonzero_last_n\"": null, \""add_date_part\"": null, \""polynomial_degree\"": null, \""x_transform\"": null, \""regression_type\"": null}"", ""TransformationParameters"": ""{\""fillna\"": \""ffill\"", \""transformations\"": {\""0\"": \""Scaler\"", \""1\"": \""Detrend\"", \""2\"": \""DatepartRegression\""}, \""transformation_params\"": {\""0\"": {}, \""1\"": {\""model\"": \""Linear\"", \""phi\"": 1, \""window\"": 30, \""transform_dict\"": null}, \""2\"": {\""regression_model\"": {\""model\"": \""ElasticNet\"", \""model_params\"": {\""l1_ratio\"": 0.5, \""fit_intercept\"": true, \""selection\"": \""cyclic\"", \""max_iter\"": 1000}}, \""datepart_method\"": \""common_fourier\"", \""polynomial_degree\"": null, \""transform_dict\"": null, \""holiday_countries_used\"": false, \""lags\"": null, \""forward_lags\"": null}}}""}, ""67630d1909fa60ae1f9595fc12ff2a69"": {""Model"": ""ARIMA"", ""ModelParameters"": ""{\""p\"": 4, \""d\"": 0, \""q\"": 1, \""regression_type\"": null}"", ""TransformationParameters"": ""{\""fillna\"": \""ffill\"", \""transformations\"": {\""0\"": \""Scaler\"", \""1\"": \""Detrend\"", \""2\"": \""DatepartRegression\""}, \""transformation_params\"": {\""0\"": {}, \""1\"": {\""model\"": \""Linear\"", \""phi\"": 1, \""window\"": 30, \""transform_dict\"": null}, \""2\"": {\""regression_model\"": {\""model\"": \""ElasticNet\"", \""model_params\"": {\""l1_ratio\"": 0.5, \""fit_intercept\"": true, \""selection\"": \""cyclic\"", \""max_iter\"": 1000}}, \""datepart_method\"": \""common_fourier\"", \""polynomial_degree\"": null, \""transform_dict\"": null, \""holiday_countries_used\"": false, \""lags\"": null, \""forward_lags\"": null}}}""}}, ""model_weights"": {}, ""point_method"": ""mean""}","{""fillna"": ""quadratic"", ""transformations"": {""0"": ""AlignLastValue"", ""1"": ""ChangepointDetrend""}, ""transformation_params"": {""0"": {""rows"": 1, ""lag"": 1, ""method"": ""multiplicative"", ""strength"": 1.0, ""first_value_only"": false, ""threshold"": null, ""threshold_method"": ""mean""}, ""1"": {""model"": ""Linear"", ""changepoint_spacing"": 180, ""changepoint_distance_end"": 360, ""datepart_method"": null}}}",1,1,8.795428740250456,0.5384963448963892,0.7049455536101792,0.5467154371787265,0.5384963448963892,0.0,-4.27815749649403,0.3982044527438642,44.186513544181004,0.5336077468384612,0.3109687724474013,0.8444444444444444,0.5222222222222223,2.257658277990762,0.9666666666666667,1.2954399360925009,0.37379654350583646,1.9873119833538966,0.6183471434553199,0.016193872648304544,39.90835604768697,27.67564378576054,22.789049245622756,0.07231081075534948,8.795428740250456,0.5384963448963892,0.7049455536101792,0.5467154371787265,0.5384963448963892,0.0,0.3982044527438642,0.5336077468384612,0.3109687724474013,2.257658277990762,0.9666666666666667,1.2954399360925009,0.37379654350583646,1.9873119833538966,0.6183471434553199,0.016193872648304544,39.90835604768697,27.67564378576054,22.789049245622756,0.07231081075534948,0.8444444444444444,0.5222222222222223,5.653,15.844250069301193,7.745953592146348,Wh,7.745953592146348,Wh
385,259d54f7771cbab19498f4044dae4a53,Ensemble,"{""model_name"": ""BestN"", ""model_count"": 3, ""model_metric"": ""horizontal"", ""models"": {""67630d1909fa60ae1f9595fc12ff2a69"": {""Model"": ""ARIMA"", ""ModelParameters"": ""{\""p\"": 4, \""d\"": 0, \""q\"": 1, \""regression_type\"": null}"", ""TransformationParameters"": ""{\""fillna\"": \""ffill\"", \""transformations\"": {\""0\"": \""Scaler\"", \""1\"": \""Detrend\"", \""2\"": \""DatepartRegression\""}, \""transformation_params\"": {\""0\"": {}, \""1\"": {\""model\"": \""Linear\"", \""phi\"": 1, \""window\"": 30, \""transform_dict\"": null}, \""2\"": {\""regression_model\"": {\""model\"": \""ElasticNet\"", \""model_params\"": {\""l1_ratio\"": 0.5, \""fit_intercept\"": true, \""selection\"": \""cyclic\"", \""max_iter\"": 1000}}, \""datepart_method\"": \""common_fourier\"", \""polynomial_degree\"": null, \""transform_dict\"": null, \""holiday_countries_used\"": false, \""lags\"": null, \""forward_lags\"": null}}}""}, ""e9ab0dee8ad32b476a4ab9bc6aed1fef"": {""Model"": ""RollingRegression"", ""ModelParameters"": ""{\""regression_model\"": {\""model\"": \""RANSAC\"", \""model_params\"": {}}, \""holiday\"": true, \""mean_rolling_periods\"": 12, \""macd_periods\"": 24, \""std_rolling_periods\"": 30, \""max_rolling_periods\"": 12, \""min_rolling_periods\"": null, \""ewm_var_alpha\"": null, \""quantile90_rolling_periods\"": null, \""quantile10_rolling_periods\"": null, \""ewm_alpha\"": 0.8, \""additional_lag_periods\"": 6, \""abs_energy\"": false, \""rolling_autocorr_periods\"": null, \""nonzero_last_n\"": null, \""add_date_part\"": null, \""polynomial_degree\"": null, \""x_transform\"": null, \""regression_type\"": null}"", ""TransformationParameters"": ""{\""fillna\"": \""ffill\"", \""transformations\"": {\""0\"": \""Scaler\"", \""1\"": \""Detrend\"", \""2\"": \""DatepartRegression\""}, \""transformation_params\"": {\""0\"": {}, \""1\"": {\""model\"": \""Linear\"", \""phi\"": 1, \""window\"": 30, \""transform_dict\"": null}, \""2\"": {\""regression_model\"": {\""model\"": \""ElasticNet\"", \""model_params\"": {\""l1_ratio\"": 0.5, \""fit_intercept\"": true, \""selection\"": \""cyclic\"", \""max_iter\"": 1000}}, \""datepart_method\"": \""common_fourier\"", \""polynomial_degree\"": null, \""transform_dict\"": null, \""holiday_countries_used\"": false, \""lags\"": null, \""forward_lags\"": null}}}""}, ""860cd5b05944ecb82d3157f8432afabb"": {""Model"": ""WindowRegression"", ""ModelParameters"": ""{\""window_size\"": 10, \""input_dim\"": \""univariate\"", \""output_dim\"": \""1step\"", \""normalize_window\"": false, \""max_windows\"": 5000000, \""fourier_encoding_components\"": null, \""scale\"": true, \""datepart_method\"": null, \""regression_type\"": null, \""regression_model\"": {\""model\"": \""SVM\"", \""model_params\"": {\""C\"": 0.1, \""tol\"": 0.001, \""epsilon\"": 0.0, \""loss\"": \""squared_epsilon_insensitive\"", \""max_iter\"": 50}}}"", ""TransformationParameters"": ""{\""fillna\"": \""pchip\"", \""transformations\"": {\""0\"": \""Scaler\""}, \""transformation_params\"": {\""0\"": {}}}""}}, ""model_weights"": {}, ""point_method"": ""mean""}","{""fillna"": ""quadratic"", ""transformations"": {""0"": ""AlignLastValue"", ""1"": ""ChangepointDetrend""}, ""transformation_params"": {""0"": {""rows"": 1, ""lag"": 1, ""method"": ""multiplicative"", ""strength"": 1.0, ""first_value_only"": false, ""threshold"": null, ""threshold_method"": ""mean""}, ""1"": {""model"": ""Linear"", ""changepoint_spacing"": 180, ""changepoint_distance_end"": 360, ""datepart_method"": null}}}",1,1,8.795428740250458,0.5384963448963892,0.7049455536101792,0.5467154371787266,0.5384963448963892,0.0,-4.278157496494028,0.3982044527438641,44.186513544181004,0.5336077468384612,0.31096877244740123,0.8444444444444444,0.5222222222222223,2.257658277990762,0.9666666666666667,1.2954399360925009,0.37379654350583635,1.9873119833538968,0.6183471434553199,0.016193872648304544,39.90835604768697,27.675643785760524,22.789049245622756,0.07231081075534948,8.795428740250458,0.5384963448963892,0.7049455536101792,0.5467154371787266,0.5384963448963892,0.0,0.3982044527438641,0.5336077468384612,0.31096877244740123,2.257658277990762,0.9666666666666667,1.2954399360925009,0.37379654350583635,1.9873119833538968,0.6183471434553199,0.016193872648304544,39.90835604768697,27.675643785760524,22.789049245622756,0.07231081075534948,0.8444444444444444,0.5222222222222223,5.1402,15.844158517590431,7.745953592146348,Wh,7.745953592146348,Wh
386,75a7e93ae82080d595af22f2bb044842,Ensemble,"{""model_name"": ""BestN"", ""model_count"": 3, ""model_metric"": ""bestn_horizontal"", ""models"": {""860cd5b05944ecb82d3157f8432afabb"": {""Model"": ""WindowRegression"", ""ModelParameters"": ""{\""window_size\"": 10, \""input_dim\"": \""univariate\"", \""output_dim\"": \""1step\"", \""normalize_window\"": false, \""max_windows\"": 5000000, \""fourier_encoding_components\"": null, \""scale\"": true, \""datepart_method\"": null, \""regression_type\"": null, \""regression_model\"": {\""model\"": \""SVM\"", \""model_params\"": {\""C\"": 0.1, \""tol\"": 0.001, \""epsilon\"": 0.0, \""loss\"": \""squared_epsilon_insensitive\"", \""max_iter\"": 50}}}"", ""TransformationParameters"": ""{\""fillna\"": \""pchip\"", \""transformations\"": {\""0\"": \""Scaler\""}, \""transformation_params\"": {\""0\"": {}}}""}, ""e9ab0dee8ad32b476a4ab9bc6aed1fef"": {""Model"": ""RollingRegression"", ""ModelParameters"": ""{\""regression_model\"": {\""model\"": \""RANSAC\"", \""model_params\"": {}}, \""holiday\"": true, \""mean_rolling_periods\"": 12, \""macd_periods\"": 24, \""std_rolling_periods\"": 30, \""max_rolling_periods\"": 12, \""min_rolling_periods\"": null, \""ewm_var_alpha\"": null, \""quantile90_rolling_periods\"": null, \""quantile10_rolling_periods\"": null, \""ewm_alpha\"": 0.8, \""additional_lag_periods\"": 6, \""abs_energy\"": false, \""rolling_autocorr_periods\"": null, \""nonzero_last_n\"": null, \""add_date_part\"": null, \""polynomial_degree\"": null, \""x_transform\"": null, \""regression_type\"": null}"", ""TransformationParameters"": ""{\""fillna\"": \""ffill\"", \""transformations\"": {\""0\"": \""Scaler\"", \""1\"": \""Detrend\"", \""2\"": \""DatepartRegression\""}, \""transformation_params\"": {\""0\"": {}, \""1\"": {\""model\"": \""Linear\"", \""phi\"": 1, \""window\"": 30, \""transform_dict\"": null}, \""2\"": {\""regression_model\"": {\""model\"": \""ElasticNet\"", \""model_params\"": {\""l1_ratio\"": 0.5, \""fit_intercept\"": true, \""selection\"": \""cyclic\"", \""max_iter\"": 1000}}, \""datepart_method\"": \""common_fourier\"", \""polynomial_degree\"": null, \""transform_dict\"": null, \""holiday_countries_used\"": false, \""lags\"": null, \""forward_lags\"": null}}}""}, ""67630d1909fa60ae1f9595fc12ff2a69"": {""Model"": ""ARIMA"", ""ModelParameters"": ""{\""p\"": 4, \""d\"": 0, \""q\"": 1, \""regression_type\"": null}"", ""TransformationParameters"": ""{\""fillna\"": \""ffill\"", \""transformations\"": {\""0\"": \""Scaler\"", \""1\"": \""Detrend\"", \""2\"": \""DatepartRegression\""}, \""transformation_params\"": {\""0\"": {}, \""1\"": {\""model\"": \""Linear\"", \""phi\"": 1, \""window\"": 30, \""transform_dict\"": null}, \""2\"": {\""regression_model\"": {\""model\"": \""ElasticNet\"", \""model_params\"": {\""l1_ratio\"": 0.5, \""fit_intercept\"": true, \""selection\"": \""cyclic\"", \""max_iter\"": 1000}}, \""datepart_method\"": \""common_fourier\"", \""polynomial_degree\"": null, \""transform_dict\"": null, \""holiday_countries_used\"": false, \""lags\"": null, \""forward_lags\"": null}}}""}}, ""model_weights"": {""860cd5b05944ecb82d3157f8432afabb"": 4.0, ""e9ab0dee8ad32b476a4ab9bc6aed1fef"": 3.0, ""67630d1909fa60ae1f9595fc12ff2a69"": 2.0}, ""point_method"": ""mean""}","{""fillna"": ""quadratic"", ""transformations"": {""0"": ""AlignLastValue"", ""1"": ""ChangepointDetrend""}, ""transformation_params"": {""0"": {""rows"": 1, ""lag"": 1, ""method"": ""multiplicative"", ""strength"": 1.0, ""first_value_only"": false, ""threshold"": null, ""threshold_method"": ""mean""}, ""1"": {""model"": ""Linear"", ""changepoint_spacing"": 180, ""changepoint_distance_end"": 360, ""datepart_method"": null}}}",1,1,8.708230269737122,0.5326636741077848,0.6993309118396211,0.547379604184626,0.5326636741077848,0.0,-4.256959532998444,0.394478876602309,43.682771136702186,0.5278914136717628,0.3082587995446435,0.8222222222222222,0.5333333333333333,2.240029563737804,0.9666666666666667,1.2926324309330477,0.3677965404205775,1.9722838259213318,0.6116637662559602,0.017981358659528594,39.42581160370374,27.126711231856206,22.66656926924337,0.07143647807353662,8.708230269737122,0.5326636741077848,0.6993309118396211,0.547379604184626,0.5326636741077848,0.0,0.394478876602309,0.5278914136717628,0.3082587995446435,2.240029563737804,0.9666666666666667,1.2926324309330477,0.3677965404205775,1.9722838259213318,0.6116637662559602,0.017981358659528594,39.42581160370374,27.126711231856206,22.66656926924337,0.07143647807353662,0.8222222222222222,0.5333333333333333,5.4485,15.69378058356468,7.662054049141112,Wh,7.662054049141112,Wh
387,5a7245f7253d8c30abee902038a545d5,Ensemble,"{""model_name"": ""BestN"", ""model_count"": 3, ""model_metric"": ""best_score"", ""models"": {}, ""model_weights"": {}, ""point_method"": ""mean""}","{""fillna"": ""ffill"", ""transformations"": {""0"": ""FFTFilter"", ""1"": ""HistoricValues""}, ""transformation_params"": {""0"": {""cutoff"": 0.01, ""reverse"": false, ""on_transform"": false, ""on_inverse"": true}, ""1"": {""window"": null}}}",1,2,8.588783508677746,0.5777453581786449,0.7638431728125648,0.5772796941784287,0.5777453581786449,0.0,-45.594896199968076,0.47576143384339653,58.39926827218802,0.5112878890033092,0.2824653106813959,0.8833333333333333,0.5166666666666666,3.4836793316735166,0.9444444444444444,1.2793799162915234,0.40179430399721816,2.1257397376959313,1.315624578978125,0.01243968573875984,6.402186036109973,5.258579849096434,25.62472795587437,0.011109282649216217,8.588783508677746,0.5777453581786449,0.7638431728125648,0.5772796941784287,0.5777453581786449,0.0,0.47576143384339653,0.5112878890033092,0.2824653106813959,3.4836793316735166,0.9444444444444444,1.2793799162915234,0.40179430399721816,2.1257397376959313,1.315624578978125,0.01243968573875984,6.402186036109973,5.258579849096434,25.62472795587437,0.011109282649216217,0.8833333333333333,0.5166666666666666,19.2969,15.661068504451322,10.700639908298882,Wh,10.700639908298882,Wh
388,059045eddf4847785897c6541094fa90,Ensemble,"{""model_name"": ""BestN"", ""model_count"": 5, ""model_metric"": ""bestn_horizontal"", ""models"": {""5dff957b601bedf73b6f35d824a711b5"": {""Model"": ""Ensemble"", ""ModelParameters"": ""{\""model_name\"": \""BestN\"", \""model_count\"": 5, \""model_metric\"": \""mixed_metric\"", \""models\"": {\""860cd5b05944ecb82d3157f8432afabb\"": {\""Model\"": \""WindowRegression\"", \""ModelParameters\"": \""{\\\""window_size\\\"": 10, \\\""input_dim\\\"": \\\""univariate\\\"", \\\""output_dim\\\"": \\\""1step\\\"", \\\""normalize_window\\\"": false, \\\""max_windows\\\"": 5000000, \\\""fourier_encoding_components\\\"": null, \\\""scale\\\"": true, \\\""datepart_method\\\"": null, \\\""regression_type\\\"": null, \\\""regression_model\\\"": {\\\""model\\\"": \\\""SVM\\\"", \\\""model_params\\\"": {\\\""C\\\"": 0.1, \\\""tol\\\"": 0.001, \\\""epsilon\\\"": 0.0, \\\""loss\\\"": \\\""squared_epsilon_insensitive\\\"", \\\""max_iter\\\"": 50}}}\"", \""TransformationParameters\"": \""{\\\""fillna\\\"": \\\""pchip\\\"", \\\""transformations\\\"": {\\\""0\\\"": \\\""Scaler\\\""}, \\\""transformation_params\\\"": {\\\""0\\\"": {}}}\""}, \""c0b1c7a0ef49e381d5aea93045d68ec6\"": {\""Model\"": \""WindowRegression\"", \""ModelParameters\"": \""{\\\""window_size\\\"": 10, \\\""input_dim\\\"": \\\""univariate\\\"", \\\""output_dim\\\"": \\\""1step\\\"", \\\""normalize_window\\\"": false, \\\""max_windows\\\"": 5000000, \\\""fourier_encoding_components\\\"": null, \\\""scale\\\"": true, \\\""datepart_method\\\"": null, \\\""regression_type\\\"": null, \\\""regression_model\\\"": {\\\""model\\\"": \\\""SVM\\\"", \\\""model_params\\\"": {\\\""C\\\"": 0.1, \\\""tol\\\"": 0.001, \\\""epsilon\\\"": 0.0, \\\""loss\\\"": \\\""squared_epsilon_insensitive\\\"", \\\""max_iter\\\"": 50}}}\"", \""TransformationParameters\"": \""{\\\""fillna\\\"": \\\""ffill\\\"", \\\""transformations\\\"": {\\\""0\\\"": \\\""DatepartRegression\\\"", \\\""1\\\"": \\\""DatepartRegression\\\"", \\\""2\\\"": \\\""MinMaxScaler\\\"", \\\""3\\\"": \\\""Scaler\\\""}, \\\""transformation_params\\\"": {\\\""0\\\"": {\\\""regression_model\\\"": {\\\""model\\\"": \\\""ElasticNet\\\"", \\\""model_params\\\"": {\\\""l1_ratio\\\"": 0.5, \\\""fit_intercept\\\"": true, \\\""selection\\\"": \\\""cyclic\\\"", \\\""max_iter\\\"": 1000}}, \\\""datepart_method\\\"": \\\""anchored_segment_fourier:us_school\\\"", \\\""polynomial_degree\\\"": null, \\\""transform_dict\\\"": null, \\\""holiday_countries_used\\\"": false, \\\""lags\\\"": null, \\\""forward_lags\\\"": null}, \\\""1\\\"": {\\\""regression_model\\\"": {\\\""model\\\"": \\\""ElasticNet\\\"", \\\""model_params\\\"": {\\\""l1_ratio\\\"": 0.9, \\\""fit_intercept\\\"": true, \\\""selection\\\"": \\\""cyclic\\\"", \\\""max_iter\\\"": 200}}, \\\""datepart_method\\\"": \\\""common_fourier\\\"", \\\""polynomial_degree\\\"": null, \\\""transform_dict\\\"": null, \\\""holiday_countries_used\\\"": false, \\\""lags\\\"": null, \\\""forward_lags\\\"": 2}, \\\""2\\\"": {}, \\\""3\\\"": {}}}\""}, \""b56ba147e1633d9995afee23f1bd58c7\"": {\""Model\"": \""WindowRegression\"", \""ModelParameters\"": \""{\\\""window_size\\\"": 20, \\\""input_dim\\\"": \\\""univariate\\\"", \\\""output_dim\\\"": \\\""1step\\\"", \\\""normalize_window\\\"": false, \\\""max_windows\\\"": 5000000, \\\""fourier_encoding_components\\\"": null, \\\""scale\\\"": false, \\\""datepart_method\\\"": null, \\\""regression_type\\\"": null, \\\""regression_model\\\"": {\\\""model\\\"": \\\""xgboost\\\"", \\\""model_params\\\"": {\\\""booster\\\"": \\\""gbtree\\\"", \\\""objective\\\"": \\\""reg:squarederror\\\"", \\\""max_depth\\\"": 6, \\\""eta\\\"": 0.003, \\\""min_child_weight\\\"": 0.5, \\\""subsample\\\"": 1, \\\""colsample_bylevel\\\"": 0.9, \\\""reg_alpha\\\"": 0, \\\""reg_lambda\\\"": 1, \\\""n_estimators\\\"": 7, \\\""multi_strategy\\\"": \\\""multi_output_tree\\\"", \\\""tree_method\\\"": \\\""hist\\\""}}}\"", \""TransformationParameters\"": \""{\\\""fillna\\\"": \\\""ffill\\\"", \\\""transformations\\\"": {\\\""0\\\"": \\\""Scaler\\\"", \\\""1\\\"": \\\""Detrend\\\"", \\\""2\\\"": \\\""MinMaxScaler\\\""}, \\\""transformation_params\\\"": {\\\""0\\\"": {}, \\\""1\\\"": {\\\""model\\\"": \\\""Linear\\\"", \\\""phi\\\"": 1, \\\""window\\\"": 30, \\\""transform_dict\\\"": null}, \\\""2\\\"": {}}}\""}, \""7d046fbef1e1594270dc26a3315f53d9\"": {\""Model\"": \""WindowRegression\"", \""ModelParameters\"": \""{\\\""window_size\\\"": 10, \\\""input_dim\\\"": \\\""univariate\\\"", \\\""output_dim\\\"": \\\""1step\\\"", \\\""normalize_window\\\"": false, \\\""max_windows\\\"": 5000000, \\\""fourier_encoding_components\\\"": null, \\\""scale\\\"": true, \\\""datepart_method\\\"": null, \\\""regression_type\\\"": null, \\\""regression_model\\\"": {\\\""model\\\"": \\\""SVM\\\"", \\\""model_params\\\"": {\\\""C\\\"": 0.1, \\\""tol\\\"": 0.001, \\\""epsilon\\\"": 0.0, \\\""loss\\\"": \\\""squared_epsilon_insensitive\\\"", \\\""max_iter\\\"": 50}}}\"", \""TransformationParameters\"": \""{\\\""fillna\\\"": \\\""ffill\\\"", \\\""transformations\\\"": {\\\""0\\\"": \\\""Scaler\\\"", \\\""1\\\"": \\\""Detrend\\\""}, \\\""transformation_params\\\"": {\\\""0\\\"": {}, \\\""1\\\"": {\\\""model\\\"": \\\""Linear\\\"", \\\""phi\\\"": 1, \\\""window\\\"": 30, \\\""transform_dict\\\"": null}}}\""}, \""e9ab0dee8ad32b476a4ab9bc6aed1fef\"": {\""Model\"": \""RollingRegression\"", \""ModelParameters\"": \""{\\\""regression_model\\\"": {\\\""model\\\"": \\\""RANSAC\\\"", \\\""model_params\\\"": {}}, \\\""holiday\\\"": true, \\\""mean_rolling_periods\\\"": 12, \\\""macd_periods\\\"": 24, \\\""std_rolling_periods\\\"": 30, \\\""max_rolling_periods\\\"": 12, \\\""min_rolling_periods\\\"": null, \\\""ewm_var_alpha\\\"": null, \\\""quantile90_rolling_periods\\\"": null, \\\""quantile10_rolling_periods\\\"": null, \\\""ewm_alpha\\\"": 0.8, \\\""additional_lag_periods\\\"": 6, \\\""abs_energy\\\"": false, \\\""rolling_autocorr_periods\\\"": null, \\\""nonzero_last_n\\\"": null, \\\""add_date_part\\\"": null, \\\""polynomial_degree\\\"": null, \\\""x_transform\\\"": null, \\\""regression_type\\\"": null}\"", \""TransformationParameters\"": \""{\\\""fillna\\\"": \\\""ffill\\\"", \\\""transformations\\\"": {\\\""0\\\"": \\\""Scaler\\\"", \\\""1\\\"": \\\""Detrend\\\"", \\\""2\\\"": \\\""DatepartRegression\\\""}, \\\""transformation_params\\\"": {\\\""0\\\"": {}, \\\""1\\\"": {\\\""model\\\"": \\\""Linear\\\"", \\\""phi\\\"": 1, \\\""window\\\"": 30, \\\""transform_dict\\\"": null}, \\\""2\\\"": {\\\""regression_model\\\"": {\\\""model\\\"": \\\""ElasticNet\\\"", \\\""model_params\\\"": {\\\""l1_ratio\\\"": 0.5, \\\""fit_intercept\\\"": true, \\\""selection\\\"": \\\""cyclic\\\"", \\\""max_iter\\\"": 1000}}, \\\""datepart_method\\\"": \\\""common_fourier\\\"", \\\""polynomial_degree\\\"": null, \\\""transform_dict\\\"": null, \\\""holiday_countries_used\\\"": false, \\\""lags\\\"": null, \\\""forward_lags\\\"": null}}}\""}}, \""point_method\"": \""median\"", \""model_weights\"": {}}"", ""TransformationParameters"": ""{}""}}, ""point_method"": ""median"", ""model_weights"": {}}","{""fillna"": ""ffill"", ""transformations"": {""0"": ""FFTFilter"", ""1"": ""HistoricValues""}, ""transformation_params"": {""0"": {""cutoff"": 0.01, ""reverse"": false, ""on_transform"": false, ""on_inverse"": true}, ""1"": {""window"": null}}}",1,2,8.58005092588406,0.5771034013783489,0.764138018921253,0.577375141340207,0.5771034013783489,0.0,-44.734689935048394,0.4733922272144967,59.143922313054425,0.5123528448761312,0.28253379840466986,0.8833333333333333,0.5166666666666666,3.5035953362782797,0.9444444444444444,1.2798773024807517,0.40111378821713184,2.132520083716589,1.3307961702900115,0.012561562030337238,7.2046161890030165,5.062613577859153,25.616411540506288,0.012294735223508005,8.58005092588406,0.5771034013783489,0.764138018921253,0.577375141340207,0.5771034013783489,0.0,0.4733922272144967,0.5123528448761312,0.28253379840466986,3.5035953362782797,0.9444444444444444,1.2798773024807517,0.40111378821713184,2.132520083716589,1.3307961702900115,0.012561562030337238,7.2046161890030165,5.062613577859153,25.616411540506288,0.012294735223508005,0.8833333333333333,0.5166666666666666,31.963500000000003,15.654599473091334,10.680172876718075,Wh,10.680172876718075,Wh
389,92d666001d3288989025051fecaf3542,Ensemble,"{""model_name"": ""BestN"", ""model_count"": 5, ""model_metric"": ""mixed_metric"", ""models"": {""860cd5b05944ecb82d3157f8432afabb"": {""Model"": ""WindowRegression"", ""ModelParameters"": ""{\""window_size\"": 10, \""input_dim\"": \""univariate\"", \""output_dim\"": \""1step\"", \""normalize_window\"": false, \""max_windows\"": 5000000, \""fourier_encoding_components\"": null, \""scale\"": true, \""datepart_method\"": null, \""regression_type\"": null, \""regression_model\"": {\""model\"": \""SVM\"", \""model_params\"": {\""C\"": 0.1, \""tol\"": 0.001, \""epsilon\"": 0.0, \""loss\"": \""squared_epsilon_insensitive\"", \""max_iter\"": 50}}}"", ""TransformationParameters"": ""{\""fillna\"": \""pchip\"", \""transformations\"": {\""0\"": \""Scaler\""}, \""transformation_params\"": {\""0\"": {}}}""}, ""c0b1c7a0ef49e381d5aea93045d68ec6"": {""Model"": ""WindowRegression"", ""ModelParameters"": ""{\""window_size\"": 10, \""input_dim\"": \""univariate\"", \""output_dim\"": \""1step\"", \""normalize_window\"": false, \""max_windows\"": 5000000, \""fourier_encoding_components\"": null, \""scale\"": true, \""datepart_method\"": null, \""regression_type\"": null, \""regression_model\"": {\""model\"": \""SVM\"", \""model_params\"": {\""C\"": 0.1, \""tol\"": 0.001, \""epsilon\"": 0.0, \""loss\"": \""squared_epsilon_insensitive\"", \""max_iter\"": 50}}}"", ""TransformationParameters"": ""{\""fillna\"": \""ffill\"", \""transformations\"": {\""0\"": \""DatepartRegression\"", \""1\"": \""DatepartRegression\"", \""2\"": \""MinMaxScaler\"", \""3\"": \""Scaler\""}, \""transformation_params\"": {\""0\"": {\""regression_model\"": {\""model\"": \""ElasticNet\"", \""model_params\"": {\""l1_ratio\"": 0.5, \""fit_intercept\"": true, \""selection\"": \""cyclic\"", \""max_iter\"": 1000}}, \""datepart_method\"": \""anchored_segment_fourier:us_school\"", \""polynomial_degree\"": null, \""transform_dict\"": null, \""holiday_countries_used\"": false, \""lags\"": null, \""forward_lags\"": null}, \""1\"": {\""regression_model\"": {\""model\"": \""ElasticNet\"", \""model_params\"": {\""l1_ratio\"": 0.9, \""fit_intercept\"": true, \""selection\"": \""cyclic\"", \""max_iter\"": 200}}, \""datepart_method\"": \""common_fourier\"", \""polynomial_degree\"": null, \""transform_dict\"": null, \""holiday_countries_used\"": false, \""lags\"": null, \""forward_lags\"": 2}, \""2\"": {}, \""3\"": {}}}""}, ""b56ba147e1633d9995afee23f1bd58c7"": {""Model"": ""WindowRegression"", ""ModelParameters"": ""{\""window_size\"": 20, \""input_dim\"": \""univariate\"", \""output_dim\"": \""1step\"", \""normalize_window\"": false, \""max_windows\"": 5000000, \""fourier_encoding_components\"": null, \""scale\"": false, \""datepart_method\"": null, \""regression_type\"": null, \""regression_model\"": {\""model\"": \""xgboost\"", \""model_params\"": {\""booster\"": \""gbtree\"", \""objective\"": \""reg:squarederror\"", \""max_depth\"": 6, \""eta\"": 0.003, \""min_child_weight\"": 0.5, \""subsample\"": 1, \""colsample_bylevel\"": 0.9, \""reg_alpha\"": 0, \""reg_lambda\"": 1, \""n_estimators\"": 7, \""multi_strategy\"": \""multi_output_tree\"", \""tree_method\"": \""hist\""}}}"", ""TransformationParameters"": ""{\""fillna\"": \""ffill\"", \""transformations\"": {\""0\"": \""Scaler\"", \""1\"": \""Detrend\"", \""2\"": \""MinMaxScaler\""}, \""transformation_params\"": {\""0\"": {}, \""1\"": {\""model\"": \""Linear\"", \""phi\"": 1, \""window\"": 30, \""transform_dict\"": null}, \""2\"": {}}}""}, ""7d046fbef1e1594270dc26a3315f53d9"": {""Model"": ""WindowRegression"", ""ModelParameters"": ""{\""window_size\"": 10, \""input_dim\"": \""univariate\"", \""output_dim\"": \""1step\"", \""normalize_window\"": false, \""max_windows\"": 5000000, \""fourier_encoding_components\"": null, \""scale\"": true, \""datepart_method\"": null, \""regression_type\"": null, \""regression_model\"": {\""model\"": \""SVM\"", \""model_params\"": {\""C\"": 0.1, \""tol\"": 0.001, \""epsilon\"": 0.0, \""loss\"": \""squared_epsilon_insensitive\"", \""max_iter\"": 50}}}"", ""TransformationParameters"": ""{\""fillna\"": \""ffill\"", \""transformations\"": {\""0\"": \""Scaler\"", \""1\"": \""Detrend\""}, \""transformation_params\"": {\""0\"": {}, \""1\"": {\""model\"": \""Linear\"", \""phi\"": 1, \""window\"": 30, \""transform_dict\"": null}}}""}, ""e9ab0dee8ad32b476a4ab9bc6aed1fef"": {""Model"": ""RollingRegression"", ""ModelParameters"": ""{\""regression_model\"": {\""model\"": \""RANSAC\"", \""model_params\"": {}}, \""holiday\"": true, \""mean_rolling_periods\"": 12, \""macd_periods\"": 24, \""std_rolling_periods\"": 30, \""max_rolling_periods\"": 12, \""min_rolling_periods\"": null, \""ewm_var_alpha\"": null, \""quantile90_rolling_periods\"": null, \""quantile10_rolling_periods\"": null, \""ewm_alpha\"": 0.8, \""additional_lag_periods\"": 6, \""abs_energy\"": false, \""rolling_autocorr_periods\"": null, \""nonzero_last_n\"": null, \""add_date_part\"": null, \""polynomial_degree\"": null, \""x_transform\"": null, \""regression_type\"": null}"", ""TransformationParameters"": ""{\""fillna\"": \""ffill\"", \""transformations\"": {\""0\"": \""Scaler\"", \""1\"": \""Detrend\"", \""2\"": \""DatepartRegression\""}, \""transformation_params\"": {\""0\"": {}, \""1\"": {\""model\"": \""Linear\"", \""phi\"": 1, \""window\"": 30, \""transform_dict\"": null}, \""2\"": {\""regression_model\"": {\""model\"": \""ElasticNet\"", \""model_params\"": {\""l1_ratio\"": 0.5, \""fit_intercept\"": true, \""selection\"": \""cyclic\"", \""max_iter\"": 1000}}, \""datepart_method\"": \""common_fourier\"", \""polynomial_degree\"": null, \""transform_dict\"": null, \""holiday_countries_used\"": false, \""lags\"": null, \""forward_lags\"": null}}}""}}, ""point_method"": ""median"", ""model_weights"": {}}","{""fillna"": ""ffill"", ""transformations"": {""0"": ""FFTFilter"", ""1"": ""HistoricValues""}, ""transformation_params"": {""0"": {""cutoff"": 0.01, ""reverse"": false, ""on_transform"": false, ""on_inverse"": true}, ""1"": {""window"": null}}}",1,2,8.58005092588406,0.5771034013783489,0.764138018921253,0.577375141340207,0.5771034013783489,0.0,-44.734689935048394,0.4733922272144967,59.143922313054425,0.5123528448761312,0.28253379840466986,0.8833333333333333,0.5166666666666666,3.5035953362782797,0.9444444444444444,1.2798773024807517,0.40111378821713184,2.132520083716589,1.3307961702900115,0.012561562030337238,7.2046161890030165,5.062613577859153,25.616411540506288,0.012294735223508005,8.58005092588406,0.5771034013783489,0.764138018921253,0.577375141340207,0.5771034013783489,0.0,0.4733922272144967,0.5123528448761312,0.28253379840466986,3.5035953362782797,0.9444444444444444,1.2798773024807517,0.40111378821713184,2.132520083716589,1.3307961702900115,0.012561562030337238,7.2046161890030165,5.062613577859153,25.616411540506288,0.012294735223508005,0.8833333333333333,0.5166666666666666,6.8553999999999995,15.650116849243858,10.680172876718075,Wh,10.680172876718075,Wh
390,9cee75343c4070060fd3730f51eef92a,Ensemble,"{""model_name"": ""BestN"", ""model_count"": 5, ""model_metric"": ""mixed_metric"", ""models"": {""860cd5b05944ecb82d3157f8432afabb"": {""Model"": ""WindowRegression"", ""ModelParameters"": ""{\""window_size\"": 10, \""input_dim\"": \""univariate\"", \""output_dim\"": \""1step\"", \""normalize_window\"": false, \""max_windows\"": 5000000, \""fourier_encoding_components\"": null, \""scale\"": true, \""datepart_method\"": null, \""regression_type\"": null, \""regression_model\"": {\""model\"": \""SVM\"", \""model_params\"": {\""C\"": 0.1, \""tol\"": 0.001, \""epsilon\"": 0.0, \""loss\"": \""squared_epsilon_insensitive\"", \""max_iter\"": 50}}}"", ""TransformationParameters"": ""{\""fillna\"": \""pchip\"", \""transformations\"": {\""0\"": \""Scaler\""}, \""transformation_params\"": {\""0\"": {}}}""}, ""c0b1c7a0ef49e381d5aea93045d68ec6"": {""Model"": ""WindowRegression"", ""ModelParameters"": ""{\""window_size\"": 10, \""input_dim\"": \""univariate\"", \""output_dim\"": \""1step\"", \""normalize_window\"": false, \""max_windows\"": 5000000, \""fourier_encoding_components\"": null, \""scale\"": true, \""datepart_method\"": null, \""regression_type\"": null, \""regression_model\"": {\""model\"": \""SVM\"", \""model_params\"": {\""C\"": 0.1, \""tol\"": 0.001, \""epsilon\"": 0.0, \""loss\"": \""squared_epsilon_insensitive\"", \""max_iter\"": 50}}}"", ""TransformationParameters"": ""{\""fillna\"": \""ffill\"", \""transformations\"": {\""0\"": \""DatepartRegression\"", \""1\"": \""DatepartRegression\"", \""2\"": \""MinMaxScaler\"", \""3\"": \""Scaler\""}, \""transformation_params\"": {\""0\"": {\""regression_model\"": {\""model\"": \""ElasticNet\"", \""model_params\"": {\""l1_ratio\"": 0.5, \""fit_intercept\"": true, \""selection\"": \""cyclic\"", \""max_iter\"": 1000}}, \""datepart_method\"": \""anchored_segment_fourier:us_school\"", \""polynomial_degree\"": null, \""transform_dict\"": null, \""holiday_countries_used\"": false, \""lags\"": null, \""forward_lags\"": null}, \""1\"": {\""regression_model\"": {\""model\"": \""ElasticNet\"", \""model_params\"": {\""l1_ratio\"": 0.9, \""fit_intercept\"": true, \""selection\"": \""cyclic\"", \""max_iter\"": 200}}, \""datepart_method\"": \""common_fourier\"", \""polynomial_degree\"": null, \""transform_dict\"": null, \""holiday_countries_used\"": false, \""lags\"": null, \""forward_lags\"": 2}, \""2\"": {}, \""3\"": {}}}""}, ""b56ba147e1633d9995afee23f1bd58c7"": {""Model"": ""WindowRegression"", ""ModelParameters"": ""{\""window_size\"": 20, \""input_dim\"": \""univariate\"", \""output_dim\"": \""1step\"", \""normalize_window\"": false, \""max_windows\"": 5000000, \""fourier_encoding_components\"": null, \""scale\"": false, \""datepart_method\"": null, \""regression_type\"": null, \""regression_model\"": {\""model\"": \""xgboost\"", \""model_params\"": {\""booster\"": \""gbtree\"", \""objective\"": \""reg:squarederror\"", \""max_depth\"": 6, \""eta\"": 0.003, \""min_child_weight\"": 0.5, \""subsample\"": 1, \""colsample_bylevel\"": 0.9, \""reg_alpha\"": 0, \""reg_lambda\"": 1, \""n_estimators\"": 7, \""multi_strategy\"": \""multi_output_tree\"", \""tree_method\"": \""hist\""}}}"", ""TransformationParameters"": ""{\""fillna\"": \""ffill\"", \""transformations\"": {\""0\"": \""Scaler\"", \""1\"": \""Detrend\"", \""2\"": \""MinMaxScaler\""}, \""transformation_params\"": {\""0\"": {}, \""1\"": {\""model\"": \""Linear\"", \""phi\"": 1, \""window\"": 30, \""transform_dict\"": null}, \""2\"": {}}}""}, ""7d046fbef1e1594270dc26a3315f53d9"": {""Model"": ""WindowRegression"", ""ModelParameters"": ""{\""window_size\"": 10, \""input_dim\"": \""univariate\"", \""output_dim\"": \""1step\"", \""normalize_window\"": false, \""max_windows\"": 5000000, \""fourier_encoding_components\"": null, \""scale\"": true, \""datepart_method\"": null, \""regression_type\"": null, \""regression_model\"": {\""model\"": \""SVM\"", \""model_params\"": {\""C\"": 0.1, \""tol\"": 0.001, \""epsilon\"": 0.0, \""loss\"": \""squared_epsilon_insensitive\"", \""max_iter\"": 50}}}"", ""TransformationParameters"": ""{\""fillna\"": \""ffill\"", \""transformations\"": {\""0\"": \""Scaler\"", \""1\"": \""Detrend\""}, \""transformation_params\"": {\""0\"": {}, \""1\"": {\""model\"": \""Linear\"", \""phi\"": 1, \""window\"": 30, \""transform_dict\"": null}}}""}, ""e9ab0dee8ad32b476a4ab9bc6aed1fef"": {""Model"": ""RollingRegression"", ""ModelParameters"": ""{\""regression_model\"": {\""model\"": \""RANSAC\"", \""model_params\"": {}}, \""holiday\"": true, \""mean_rolling_periods\"": 12, \""macd_periods\"": 24, \""std_rolling_periods\"": 30, \""max_rolling_periods\"": 12, \""min_rolling_periods\"": null, \""ewm_var_alpha\"": null, \""quantile90_rolling_periods\"": null, \""quantile10_rolling_periods\"": null, \""ewm_alpha\"": 0.8, \""additional_lag_periods\"": 6, \""abs_energy\"": false, \""rolling_autocorr_periods\"": null, \""nonzero_last_n\"": null, \""add_date_part\"": null, \""polynomial_degree\"": null, \""x_transform\"": null, \""regression_type\"": null}"", ""TransformationParameters"": ""{\""fillna\"": \""ffill\"", \""transformations\"": {\""0\"": \""Scaler\"", \""1\"": \""Detrend\"", \""2\"": \""DatepartRegression\""}, \""transformation_params\"": {\""0\"": {}, \""1\"": {\""model\"": \""Linear\"", \""phi\"": 1, \""window\"": 30, \""transform_dict\"": null}, \""2\"": {\""regression_model\"": {\""model\"": \""ElasticNet\"", \""model_params\"": {\""l1_ratio\"": 0.5, \""fit_intercept\"": true, \""selection\"": \""cyclic\"", \""max_iter\"": 1000}}, \""datepart_method\"": \""common_fourier\"", \""polynomial_degree\"": null, \""transform_dict\"": null, \""holiday_countries_used\"": false, \""lags\"": null, \""forward_lags\"": null}}}""}}, ""point_method"": ""kalman"", ""model_weights"": {}}","{""fillna"": ""ffill"", ""transformations"": {""0"": ""RegressionFilter"", ""1"": ""HistoricValues""}, ""transformation_params"": {""0"": {""sigma"": 1, ""rolling_window"": 90, ""run_order"": ""season_first"", ""regression_params"": {""regression_model"": {""model"": ""ElasticNet"", ""model_params"": {""l1_ratio"": 0.5, ""fit_intercept"": false, ""selection"": ""cyclic"", ""max_iter"": 2000}}, ""datepart_method"": ""simple"", ""polynomial_degree"": null, ""transform_dict"": {""fillna"": null, ""transformations"": {""0"": ""ScipyFilter""}, ""transformation_params"": {""0"": {""method"": ""savgol_filter"", ""method_args"": {""window_length"": 31, ""polyorder"": 3, ""deriv"": 0, ""mode"": ""interp""}}}}, ""holiday_countries_used"": false, ""lags"": null, ""forward_lags"": null}, ""holiday_params"": null, ""trend_method"": ""rolling_mean""}, ""1"": {""window"": 28}}}",1,1,7.246753490500596,0.4347077157762316,0.5645210876620884,0.5638396359947637,0.4347077157762316,0.0,-13.411838054656982,0.35988377473227234,25.711856365203857,0.40844676337677976,0.46919234000922544,0.05555555555555555,0.4888888888888889,1.8726696968078613,0.9666666666666667,1.245162289578687,0.30663768241280004,1.836672894112291,0.4328641065415282,0.02913968946877333,12.300018310546875,10.51055688379595,21.93547933129821,0.022286668367860224,7.246753490500596,0.4347077157762316,0.5645210876620884,0.5638396359947637,0.4347077157762316,0.0,0.35988377473227234,0.40844676337677976,0.46919234000922544,1.8726696968078613,0.9666666666666667,1.245162289578687,0.30663768241280004,1.836672894112291,0.4328641065415282,0.02913968946877333,12.300018310546875,10.51055688379595,21.93547933129821,0.022286668367860224,0.05555555555555555,0.4888888888888889,7.7277,15.468130687800485,6.253015130861315,Wh,6.253015130861315,Wh
391,70c1596f48b3dd4d83c35c76ce3616f1,WindowRegression,"{""window_size"": 10, ""input_dim"": ""univariate"", ""output_dim"": ""1step"", ""normalize_window"": false, ""max_windows"": 5000000, ""fourier_encoding_components"": null, ""scale"": true, ""datepart_method"": null, ""regression_type"": null, ""regression_model"": {""model"": ""SVM"", ""model_params"": {""C"": 0.1, ""tol"": 0.001, ""epsilon"": 0.0, ""loss"": ""squared_epsilon_insensitive"", ""max_iter"": 50}}}","{""fillna"": ""ffill"", ""transformations"": {""0"": ""Scaler"", ""1"": ""Detrend""}, ""transformation_params"": {""0"": {}, ""1"": {""model"": ""Linear"", ""phi"": 1, ""window"": null, ""transform_dict"": {""fillna"": null, ""transformations"": {""0"": ""ClipOutliers""}, ""transformation_params"": {""0"": {""method"": ""clip"", ""std_threshold"": 4}}}}}}",0,1,8.519597115905764,0.5198518627357603,0.6717022259073019,0.5620989661614427,0.5198518627357603,0.0,-6.898677962608741,0.39656948795963193,39.88798968360968,0.508712102222095,0.2957903543724845,0.9444444444444444,0.5111111111111111,2.1991916076279097,0.9666666666666667,1.2861146888856467,0.36540439823081905,1.9563124405458252,0.5656275230810935,0.04346360587103818,32.989311721000945,23.181715447202233,20.500884192844563,0.05977404516377695,8.519597115905764,0.5198518627357603,0.6717022259073019,0.5620989661614427,0.5198518627357603,0.0,0.39656948795963193,0.508712102222095,0.2957903543724845,2.1991916076279097,0.9666666666666667,1.2861146888856467,0.36540439823081905,1.9563124405458252,0.5656275230810935,0.04346360587103818,32.989311721000945,23.181715447202233,20.500884192844563,0.05977404516377695,0.9444444444444444,0.5111111111111111,0.413,15.218287217328136,7.477763668603564,Wh,7.477763668603564,Wh
392,298b3b735676874ea5f8a19a7b8fb64a,Ensemble,"{""model_name"": ""BestN"", ""model_count"": 5, ""model_metric"": ""mixed_metric"", ""models"": {""860cd5b05944ecb82d3157f8432afabb"": {""Model"": ""WindowRegression"", ""ModelParameters"": ""{\""window_size\"": 10, \""input_dim\"": \""univariate\"", \""output_dim\"": \""1step\"", \""normalize_window\"": false, \""max_windows\"": 5000000, \""fourier_encoding_components\"": null, \""scale\"": true, \""datepart_method\"": null, \""regression_type\"": null, \""regression_model\"": {\""model\"": \""SVM\"", \""model_params\"": {\""C\"": 0.1, \""tol\"": 0.001, \""epsilon\"": 0.0, \""loss\"": \""squared_epsilon_insensitive\"", \""max_iter\"": 50}}}"", ""TransformationParameters"": ""{\""fillna\"": \""pchip\"", \""transformations\"": {\""0\"": \""Scaler\""}, \""transformation_params\"": {\""0\"": {}}}""}, ""c0b1c7a0ef49e381d5aea93045d68ec6"": {""Model"": ""WindowRegression"", ""ModelParameters"": ""{\""window_size\"": 10, \""input_dim\"": \""univariate\"", \""output_dim\"": \""1step\"", \""normalize_window\"": false, \""max_windows\"": 5000000, \""fourier_encoding_components\"": null, \""scale\"": true, \""datepart_method\"": null, \""regression_type\"": null, \""regression_model\"": {\""model\"": \""SVM\"", \""model_params\"": {\""C\"": 0.1, \""tol\"": 0.001, \""epsilon\"": 0.0, \""loss\"": \""squared_epsilon_insensitive\"", \""max_iter\"": 50}}}"", ""TransformationParameters"": ""{\""fillna\"": \""ffill\"", \""transformations\"": {\""0\"": \""DatepartRegression\"", \""1\"": \""DatepartRegression\"", \""2\"": \""MinMaxScaler\"", \""3\"": \""Scaler\""}, \""transformation_params\"": {\""0\"": {\""regression_model\"": {\""model\"": \""ElasticNet\"", \""model_params\"": {\""l1_ratio\"": 0.5, \""fit_intercept\"": true, \""selection\"": \""cyclic\"", \""max_iter\"": 1000}}, \""datepart_method\"": \""anchored_segment_fourier:us_school\"", \""polynomial_degree\"": null, \""transform_dict\"": null, \""holiday_countries_used\"": false, \""lags\"": null, \""forward_lags\"": null}, \""1\"": {\""regression_model\"": {\""model\"": \""ElasticNet\"", \""model_params\"": {\""l1_ratio\"": 0.9, \""fit_intercept\"": true, \""selection\"": \""cyclic\"", \""max_iter\"": 200}}, \""datepart_method\"": \""common_fourier\"", \""polynomial_degree\"": null, \""transform_dict\"": null, \""holiday_countries_used\"": false, \""lags\"": null, \""forward_lags\"": 2}, \""2\"": {}, \""3\"": {}}}""}, ""b56ba147e1633d9995afee23f1bd58c7"": {""Model"": ""WindowRegression"", ""ModelParameters"": ""{\""window_size\"": 20, \""input_dim\"": \""univariate\"", \""output_dim\"": \""1step\"", \""normalize_window\"": false, \""max_windows\"": 5000000, \""fourier_encoding_components\"": null, \""scale\"": false, \""datepart_method\"": null, \""regression_type\"": null, \""regression_model\"": {\""model\"": \""xgboost\"", \""model_params\"": {\""booster\"": \""gbtree\"", \""objective\"": \""reg:squarederror\"", \""max_depth\"": 6, \""eta\"": 0.003, \""min_child_weight\"": 0.5, \""subsample\"": 1, \""colsample_bylevel\"": 0.9, \""reg_alpha\"": 0, \""reg_lambda\"": 1, \""n_estimators\"": 7, \""multi_strategy\"": \""multi_output_tree\"", \""tree_method\"": \""hist\""}}}"", ""TransformationParameters"": ""{\""fillna\"": \""ffill\"", \""transformations\"": {\""0\"": \""Scaler\"", \""1\"": \""Detrend\"", \""2\"": \""MinMaxScaler\""}, \""transformation_params\"": {\""0\"": {}, \""1\"": {\""model\"": \""Linear\"", \""phi\"": 1, \""window\"": 30, \""transform_dict\"": null}, \""2\"": {}}}""}, ""7d046fbef1e1594270dc26a3315f53d9"": {""Model"": ""WindowRegression"", ""ModelParameters"": ""{\""window_size\"": 10, \""input_dim\"": \""univariate\"", \""output_dim\"": \""1step\"", \""normalize_window\"": false, \""max_windows\"": 5000000, \""fourier_encoding_components\"": null, \""scale\"": true, \""datepart_method\"": null, \""regression_type\"": null, \""regression_model\"": {\""model\"": \""SVM\"", \""model_params\"": {\""C\"": 0.1, \""tol\"": 0.001, \""epsilon\"": 0.0, \""loss\"": \""squared_epsilon_insensitive\"", \""max_iter\"": 50}}}"", ""TransformationParameters"": ""{\""fillna\"": \""ffill\"", \""transformations\"": {\""0\"": \""Scaler\"", \""1\"": \""Detrend\""}, \""transformation_params\"": {\""0\"": {}, \""1\"": {\""model\"": \""Linear\"", \""phi\"": 1, \""window\"": 30, \""transform_dict\"": null}}}""}, ""e9ab0dee8ad32b476a4ab9bc6aed1fef"": {""Model"": ""RollingRegression"", ""ModelParameters"": ""{\""regression_model\"": {\""model\"": \""RANSAC\"", \""model_params\"": {}}, \""holiday\"": true, \""mean_rolling_periods\"": 12, \""macd_periods\"": 24, \""std_rolling_periods\"": 30, \""max_rolling_periods\"": 12, \""min_rolling_periods\"": null, \""ewm_var_alpha\"": null, \""quantile90_rolling_periods\"": null, \""quantile10_rolling_periods\"": null, \""ewm_alpha\"": 0.8, \""additional_lag_periods\"": 6, \""abs_energy\"": false, \""rolling_autocorr_periods\"": null, \""nonzero_last_n\"": null, \""add_date_part\"": null, \""polynomial_degree\"": null, \""x_transform\"": null, \""regression_type\"": null}"", ""TransformationParameters"": ""{\""fillna\"": \""ffill\"", \""transformations\"": {\""0\"": \""Scaler\"", \""1\"": \""Detrend\"", \""2\"": \""DatepartRegression\""}, \""transformation_params\"": {\""0\"": {}, \""1\"": {\""model\"": \""Linear\"", \""phi\"": 1, \""window\"": 30, \""transform_dict\"": null}, \""2\"": {\""regression_model\"": {\""model\"": \""ElasticNet\"", \""model_params\"": {\""l1_ratio\"": 0.5, \""fit_intercept\"": true, \""selection\"": \""cyclic\"", \""max_iter\"": 1000}}, \""datepart_method\"": \""common_fourier\"", \""polynomial_degree\"": null, \""transform_dict\"": null, \""holiday_countries_used\"": false, \""lags\"": null, \""forward_lags\"": null}}}""}}, ""point_method"": ""kalman"", ""model_weights"": {}}","{""fillna"": ""fake_date"", ""transformations"": {""0"": ""AlignLastValue"", ""1"": ""AlignLastValue""}, ""transformation_params"": {""0"": {""rows"": 4, ""lag"": 28, ""method"": ""additive"", ""strength"": 0.2, ""first_value_only"": false, ""threshold"": 1, ""threshold_method"": ""max""}, ""1"": {""rows"": 1, ""lag"": 1, ""method"": ""additive"", ""strength"": 1.0, ""first_value_only"": false, ""threshold"": 1, ""threshold_method"": ""mean""}}}",1,1,7.308874682663408,0.43915786067741575,0.571803765252451,0.5506319167006429,0.43915786067741575,0.0,-11.805087728412438,0.3588206186285187,27.71911973255498,0.41711207185924243,0.43818779928381707,0.08888888888888889,0.5222222222222223,1.9662501741362393,0.9666666666666667,1.2473942887252945,0.3063000750460357,1.8336922958076904,0.4115972003979318,0.0244633593099438,15.914032004142546,13.447003336147294,21.818625894935437,0.028834977698181153,7.308874682663408,0.43915786067741575,0.571803765252451,0.5506319167006429,0.43915786067741575,0.0,0.3588206186285187,0.41711207185924243,0.43818779928381707,1.9662501741362393,0.9666666666666667,1.2473942887252945,0.3063000750460357,1.8336922958076904,0.4115972003979318,0.0244633593099438,15.914032004142546,13.447003336147294,21.818625894935437,0.028834977698181153,0.08888888888888889,0.5222222222222223,7.619,15.203642422555523,6.317027851113914,Wh,6.317027851113914,Wh
393,7eed0eb58e7528b8bcdfceba3d45af1f,WindowRegression,"{""window_size"": 10, ""input_dim"": ""univariate"", ""output_dim"": ""1step"", ""normalize_window"": false, ""max_windows"": 5000000, ""fourier_encoding_components"": null, ""scale"": true, ""datepart_method"": null, ""regression_type"": null, ""regression_model"": {""model"": ""SVM"", ""model_params"": {""C"": 0.1, ""tol"": 0.001, ""epsilon"": 0.0, ""loss"": ""squared_epsilon_insensitive"", ""max_iter"": 50}}}","{""fillna"": ""cubic"", ""transformations"": {""0"": ""Detrend"", ""1"": ""Detrend"", ""2"": ""DatepartRegression"", ""3"": ""MinMaxScaler""}, ""transformation_params"": {""0"": {""model"": ""GLS"", ""phi"": 1, ""window"": null, ""transform_dict"": null}, ""1"": {""model"": ""Linear"", ""phi"": 1, ""window"": 30, ""transform_dict"": null}, ""2"": {""regression_model"": {""model"": ""ElasticNet"", ""model_params"": {""l1_ratio"": 0.5, ""fit_intercept"": true, ""selection"": ""cyclic"", ""max_iter"": 1000}}, ""datepart_method"": ""common_fourier"", ""polynomial_degree"": null, ""transform_dict"": null, ""holiday_countries_used"": false, ""lags"": null, ""forward_lags"": null}, ""3"": {}}}",0,1,8.510650549116601,0.506034700039179,0.6257658113897043,0.570309994769835,0.506034700039179,0.0,-33.05338985542863,0.4724668391575741,12.489733148097494,0.41437109583840964,0.3092646907440374,0.8111111111111111,0.4888888888888889,1.656630209344451,0.9666666666666667,1.284868868371974,0.3932068073476657,2.4081679245951055,0.9148998198685351,0.04805695886010112,20.56365670733113,7.412463256063555,19.17843429156237,0.03725973294477454,8.510650549116601,0.506034700039179,0.6257658113897043,0.570309994769835,0.506034700039179,0.0,0.4724668391575741,0.41437109583840964,0.3092646907440374,1.656630209344451,0.9666666666666667,1.284868868371974,0.3932068073476657,2.4081679245951055,0.9148998198685351,0.04805695886010112,20.56365670733113,7.412463256063555,19.17843429156237,0.03725973294477454,0.8111111111111111,0.4888888888888889,0.5049,15.058806079561146,7.279011899836318,Wh,7.279011899836318,Wh
394,3ddc17604ed38c25676a6083df594d8a,WindowRegression,"{""window_size"": 10, ""input_dim"": ""univariate"", ""output_dim"": ""forecast_length"", ""normalize_window"": false, ""max_windows"": 5000000, ""fourier_encoding_components"": null, ""scale"": false, ""datepart_method"": null, ""regression_type"": null, ""regression_model"": {""model"": ""xgboost"", ""model_params"": {""booster"": ""gbtree"", ""objective"": ""reg:squarederror"", ""max_depth"": 6, ""eta"": 0.03, ""min_child_weight"": 10, ""subsample"": 1, ""colsample_bylevel"": 0.5, ""reg_alpha"": 0, ""reg_lambda"": 1, ""n_estimators"": 7, ""multi_strategy"": ""multi_output_tree"", ""tree_method"": ""hist""}}}","{""fillna"": ""ffill"", ""transformations"": {""0"": ""Scaler"", ""1"": ""Detrend"", ""2"": ""DatepartRegression""}, ""transformation_params"": {""0"": {}, ""1"": {""model"": ""Linear"", ""phi"": 1, ""window"": 30, ""transform_dict"": null}, ""2"": {""regression_model"": {""model"": ""ElasticNet"", ""model_params"": {""l1_ratio"": 0.5, ""fit_intercept"": true, ""selection"": ""cyclic"", ""max_iter"": 1000}}, ""datepart_method"": ""common_fourier"", ""polynomial_degree"": null, ""transform_dict"": null, ""holiday_countries_used"": false, ""lags"": null, ""forward_lags"": null}}}",0,1,8.608834451590974,0.5194478383074155,0.6291256124636456,0.5712045253054157,0.5194478383074155,0.0,-20.4375029362267,0.4429335816513607,26.312802511440694,0.4691697628934536,0.2795251919396182,0.9444444444444444,0.6222222222222222,1.9844277294044934,0.9666666666666667,1.2852197782724275,0.41013907099351465,2.1968103857878956,0.9169007018500069,0.22508613179838766,5.875299575213992,10.68621202648656,15.40672535348806,0.01064558197302411,8.608834451590974,0.5194478383074155,0.6291256124636456,0.5712045253054157,0.5194478383074155,0.0,0.4429335816513607,0.4691697628934536,0.2795251919396182,1.9844277294044934,0.9666666666666667,1.2852197782724275,0.41013907099351465,2.1968103857878956,0.9169007018500069,0.22508613179838766,5.875299575213992,10.68621202648656,15.40672535348806,0.01064558197302411,0.9444444444444444,0.6222222222222222,0.1085,14.867566566504117,7.471952014538104,Wh,7.471952014538104,Wh
395,a8783a37d22991a3a52046b26c314dd7,Ensemble,"{""model_name"": ""BestN"", ""model_count"": 5, ""model_metric"": ""mixed_metric"", ""models"": {""860cd5b05944ecb82d3157f8432afabb"": {""Model"": ""WindowRegression"", ""ModelParameters"": ""{\""window_size\"": 10, \""input_dim\"": \""univariate\"", \""output_dim\"": \""1step\"", \""normalize_window\"": false, \""max_windows\"": 5000000, \""fourier_encoding_components\"": null, \""scale\"": true, \""datepart_method\"": null, \""regression_type\"": null, \""regression_model\"": {\""model\"": \""SVM\"", \""model_params\"": {\""C\"": 0.1, \""tol\"": 0.001, \""epsilon\"": 0.0, \""loss\"": \""squared_epsilon_insensitive\"", \""max_iter\"": 50}}}"", ""TransformationParameters"": ""{\""fillna\"": \""pchip\"", \""transformations\"": {\""0\"": \""Scaler\""}, \""transformation_params\"": {\""0\"": {}}}""}, ""c0b1c7a0ef49e381d5aea93045d68ec6"": {""Model"": ""WindowRegression"", ""ModelParameters"": ""{\""window_size\"": 10, \""input_dim\"": \""univariate\"", \""output_dim\"": \""1step\"", \""normalize_window\"": false, \""max_windows\"": 5000000, \""fourier_encoding_components\"": null, \""scale\"": true, \""datepart_method\"": null, \""regression_type\"": null, \""regression_model\"": {\""model\"": \""SVM\"", \""model_params\"": {\""C\"": 0.1, \""tol\"": 0.001, \""epsilon\"": 0.0, \""loss\"": \""squared_epsilon_insensitive\"", \""max_iter\"": 50}}}"", ""TransformationParameters"": ""{\""fillna\"": \""ffill\"", \""transformations\"": {\""0\"": \""DatepartRegression\"", \""1\"": \""DatepartRegression\"", \""2\"": \""MinMaxScaler\"", \""3\"": \""Scaler\""}, \""transformation_params\"": {\""0\"": {\""regression_model\"": {\""model\"": \""ElasticNet\"", \""model_params\"": {\""l1_ratio\"": 0.5, \""fit_intercept\"": true, \""selection\"": \""cyclic\"", \""max_iter\"": 1000}}, \""datepart_method\"": \""anchored_segment_fourier:us_school\"", \""polynomial_degree\"": null, \""transform_dict\"": null, \""holiday_countries_used\"": false, \""lags\"": null, \""forward_lags\"": null}, \""1\"": {\""regression_model\"": {\""model\"": \""ElasticNet\"", \""model_params\"": {\""l1_ratio\"": 0.9, \""fit_intercept\"": true, \""selection\"": \""cyclic\"", \""max_iter\"": 200}}, \""datepart_method\"": \""common_fourier\"", \""polynomial_degree\"": null, \""transform_dict\"": null, \""holiday_countries_used\"": false, \""lags\"": null, \""forward_lags\"": 2}, \""2\"": {}, \""3\"": {}}}""}, ""b56ba147e1633d9995afee23f1bd58c7"": {""Model"": ""WindowRegression"", ""ModelParameters"": ""{\""window_size\"": 20, \""input_dim\"": \""univariate\"", \""output_dim\"": \""1step\"", \""normalize_window\"": false, \""max_windows\"": 5000000, \""fourier_encoding_components\"": null, \""scale\"": false, \""datepart_method\"": null, \""regression_type\"": null, \""regression_model\"": {\""model\"": \""xgboost\"", \""model_params\"": {\""booster\"": \""gbtree\"", \""objective\"": \""reg:squarederror\"", \""max_depth\"": 6, \""eta\"": 0.003, \""min_child_weight\"": 0.5, \""subsample\"": 1, \""colsample_bylevel\"": 0.9, \""reg_alpha\"": 0, \""reg_lambda\"": 1, \""n_estimators\"": 7, \""multi_strategy\"": \""multi_output_tree\"", \""tree_method\"": \""hist\""}}}"", ""TransformationParameters"": ""{\""fillna\"": \""ffill\"", \""transformations\"": {\""0\"": \""Scaler\"", \""1\"": \""Detrend\"", \""2\"": \""MinMaxScaler\""}, \""transformation_params\"": {\""0\"": {}, \""1\"": {\""model\"": \""Linear\"", \""phi\"": 1, \""window\"": 30, \""transform_dict\"": null}, \""2\"": {}}}""}, ""7d046fbef1e1594270dc26a3315f53d9"": {""Model"": ""WindowRegression"", ""ModelParameters"": ""{\""window_size\"": 10, \""input_dim\"": \""univariate\"", \""output_dim\"": \""1step\"", \""normalize_window\"": false, \""max_windows\"": 5000000, \""fourier_encoding_components\"": null, \""scale\"": true, \""datepart_method\"": null, \""regression_type\"": null, \""regression_model\"": {\""model\"": \""SVM\"", \""model_params\"": {\""C\"": 0.1, \""tol\"": 0.001, \""epsilon\"": 0.0, \""loss\"": \""squared_epsilon_insensitive\"", \""max_iter\"": 50}}}"", ""TransformationParameters"": ""{\""fillna\"": \""ffill\"", \""transformations\"": {\""0\"": \""Scaler\"", \""1\"": \""Detrend\""}, \""transformation_params\"": {\""0\"": {}, \""1\"": {\""model\"": \""Linear\"", \""phi\"": 1, \""window\"": 30, \""transform_dict\"": null}}}""}, ""e9ab0dee8ad32b476a4ab9bc6aed1fef"": {""Model"": ""RollingRegression"", ""ModelParameters"": ""{\""regression_model\"": {\""model\"": \""RANSAC\"", \""model_params\"": {}}, \""holiday\"": true, \""mean_rolling_periods\"": 12, \""macd_periods\"": 24, \""std_rolling_periods\"": 30, \""max_rolling_periods\"": 12, \""min_rolling_periods\"": null, \""ewm_var_alpha\"": null, \""quantile90_rolling_periods\"": null, \""quantile10_rolling_periods\"": null, \""ewm_alpha\"": 0.8, \""additional_lag_periods\"": 6, \""abs_energy\"": false, \""rolling_autocorr_periods\"": null, \""nonzero_last_n\"": null, \""add_date_part\"": null, \""polynomial_degree\"": null, \""x_transform\"": null, \""regression_type\"": null}"", ""TransformationParameters"": ""{\""fillna\"": \""ffill\"", \""transformations\"": {\""0\"": \""Scaler\"", \""1\"": \""Detrend\"", \""2\"": \""DatepartRegression\""}, \""transformation_params\"": {\""0\"": {}, \""1\"": {\""model\"": \""Linear\"", \""phi\"": 1, \""window\"": 30, \""transform_dict\"": null}, \""2\"": {\""regression_model\"": {\""model\"": \""ElasticNet\"", \""model_params\"": {\""l1_ratio\"": 0.5, \""fit_intercept\"": true, \""selection\"": \""cyclic\"", \""max_iter\"": 1000}}, \""datepart_method\"": \""common_fourier\"", \""polynomial_degree\"": null, \""transform_dict\"": null, \""holiday_countries_used\"": false, \""lags\"": null, \""forward_lags\"": null}}}""}}, ""point_method"": ""kalman"", ""model_weights"": {}}","{""fillna"": ""fake_date"", ""transformations"": {""0"": ""FIRFilter"", ""1"": ""AlignLastValue"", ""2"": ""AlignLastValue""}, ""transformation_params"": {""0"": {""numtaps"": 32, ""cutoff_hz"": 0.1, ""window"": ""triang"", ""sampling_frequency"": 12, ""on_transform"": false, ""on_inverse"": true, ""bounds_only"": true}, ""1"": {""rows"": 1, ""lag"": 1, ""method"": ""multiplicative"", ""strength"": 1.0, ""first_value_only"": false, ""threshold"": null, ""threshold_method"": ""mean""}, ""2"": {""rows"": 1, ""lag"": 1, ""method"": ""multiplicative"", ""strength"": 1.0, ""first_value_only"": true, ""threshold"": 10, ""threshold_method"": ""max""}}}",1,1,7.063933145973383,0.422852563109004,0.5562380836628456,0.5514004619336341,0.422852563109004,0.0,-13.582395222127822,0.3521859028115433,24.474335457682532,0.39530431384255477,0.4368192431127844,0.12222222222222222,0.5222222222222223,1.9083075977992312,0.9666666666666667,1.2402346705154574,0.29766480251394406,1.8228614048080634,0.369382770641988,0.03015169392225928,10.891940235554713,10.531495551053654,21.7514751879148,0.019735341345322642,7.063933145973383,0.422852563109004,0.5562380836628456,0.5514004619336341,0.422852563109004,0.0,0.3521859028115433,0.39530431384255477,0.4368192431127844,1.9083075977992312,0.9666666666666667,1.2402346705154574,0.29766480251394406,1.8228614048080634,0.369382770641988,0.03015169392225928,10.891940235554713,10.531495551053654,21.7514751879148,0.019735341345322642,0.12222222222222222,0.5222222222222223,7.8065,14.851159042315592,6.082485723821749,Wh,6.082485723821749,Wh
396,92a51121dc886363f00d39e63946e954,WindowRegression,"{""window_size"": 10, ""input_dim"": ""univariate"", ""output_dim"": ""forecast_length"", ""normalize_window"": false, ""max_windows"": 5000000, ""fourier_encoding_components"": null, ""scale"": false, ""datepart_method"": null, ""regression_type"": null, ""regression_model"": {""model"": ""xgboost"", ""model_params"": {""booster"": ""gbtree"", ""objective"": ""reg:squarederror"", ""max_depth"": 3, ""eta"": 0.05, ""min_child_weight"": 10, ""subsample"": 1, ""colsample_bylevel"": 1, ""reg_alpha"": 100, ""reg_lambda"": 1, ""n_estimators"": 100}}}","{""fillna"": ""ffill"", ""transformations"": {""0"": ""Scaler"", ""1"": ""Detrend"", ""2"": ""DatepartRegression""}, ""transformation_params"": {""0"": {}, ""1"": {""model"": ""Linear"", ""phi"": 1, ""window"": 30, ""transform_dict"": null}, ""2"": {""regression_model"": {""model"": ""ElasticNet"", ""model_params"": {""l1_ratio"": 0.5, ""fit_intercept"": true, ""selection"": ""cyclic"", ""max_iter"": 1000}}, ""datepart_method"": ""common_fourier"", ""polynomial_degree"": null, ""transform_dict"": null, ""holiday_countries_used"": false, ""lags"": null, ""forward_lags"": null}}}",0,1,8.553124739517731,0.5161013161011957,0.6296666301224502,0.576352664983755,0.5161013161011957,0.0,-20.33128534253927,0.43946049961104017,26.117833106568344,0.4663367996747591,0.28053997650654905,0.9555555555555556,0.6111111111111112,2.0278261581128083,0.9666666666666667,1.2838149512341903,0.404048790901345,2.1819500367590576,0.9143718802026229,0.22310083481867327,5.786547764029072,10.650450357289701,15.630179886534318,0.010484770652830449,8.553124739517731,0.5161013161011957,0.6296666301224502,0.576352664983755,0.5161013161011957,0.0,0.43946049961104017,0.4663367996747591,0.28053997650654905,2.0278261581128083,0.9666666666666667,1.2838149512341903,0.404048790901345,2.1819500367590576,0.9143718802026229,0.22310083481867327,5.786547764029072,10.650450357289701,15.630179886534318,0.010484770652830449,0.9555555555555556,0.6111111111111112,0.3879,14.824058299419274,7.423814258450914,Wh,7.423814258450914,Wh
397,20fb6ad7dc60c4e6221a66a6463f8521,Ensemble,"{""model_name"": ""BestN"", ""model_count"": 5, ""model_metric"": ""mixed_metric"", ""models"": {""860cd5b05944ecb82d3157f8432afabb"": {""Model"": ""WindowRegression"", ""ModelParameters"": ""{\""window_size\"": 10, \""input_dim\"": \""univariate\"", \""output_dim\"": \""1step\"", \""normalize_window\"": false, \""max_windows\"": 5000000, \""fourier_encoding_components\"": null, \""scale\"": true, \""datepart_method\"": null, \""regression_type\"": null, \""regression_model\"": {\""model\"": \""SVM\"", \""model_params\"": {\""C\"": 0.1, \""tol\"": 0.001, \""epsilon\"": 0.0, \""loss\"": \""squared_epsilon_insensitive\"", \""max_iter\"": 50}}}"", ""TransformationParameters"": ""{\""fillna\"": \""pchip\"", \""transformations\"": {\""0\"": \""Scaler\""}, \""transformation_params\"": {\""0\"": {}}}""}, ""c0b1c7a0ef49e381d5aea93045d68ec6"": {""Model"": ""WindowRegression"", ""ModelParameters"": ""{\""window_size\"": 10, \""input_dim\"": \""univariate\"", \""output_dim\"": \""1step\"", \""normalize_window\"": false, \""max_windows\"": 5000000, \""fourier_encoding_components\"": null, \""scale\"": true, \""datepart_method\"": null, \""regression_type\"": null, \""regression_model\"": {\""model\"": \""SVM\"", \""model_params\"": {\""C\"": 0.1, \""tol\"": 0.001, \""epsilon\"": 0.0, \""loss\"": \""squared_epsilon_insensitive\"", \""max_iter\"": 50}}}"", ""TransformationParameters"": ""{\""fillna\"": \""ffill\"", \""transformations\"": {\""0\"": \""DatepartRegression\"", \""1\"": \""DatepartRegression\"", \""2\"": \""MinMaxScaler\"", \""3\"": \""Scaler\""}, \""transformation_params\"": {\""0\"": {\""regression_model\"": {\""model\"": \""ElasticNet\"", \""model_params\"": {\""l1_ratio\"": 0.5, \""fit_intercept\"": true, \""selection\"": \""cyclic\"", \""max_iter\"": 1000}}, \""datepart_method\"": \""anchored_segment_fourier:us_school\"", \""polynomial_degree\"": null, \""transform_dict\"": null, \""holiday_countries_used\"": false, \""lags\"": null, \""forward_lags\"": null}, \""1\"": {\""regression_model\"": {\""model\"": \""ElasticNet\"", \""model_params\"": {\""l1_ratio\"": 0.9, \""fit_intercept\"": true, \""selection\"": \""cyclic\"", \""max_iter\"": 200}}, \""datepart_method\"": \""common_fourier\"", \""polynomial_degree\"": null, \""transform_dict\"": null, \""holiday_countries_used\"": false, \""lags\"": null, \""forward_lags\"": 2}, \""2\"": {}, \""3\"": {}}}""}, ""b56ba147e1633d9995afee23f1bd58c7"": {""Model"": ""WindowRegression"", ""ModelParameters"": ""{\""window_size\"": 20, \""input_dim\"": \""univariate\"", \""output_dim\"": \""1step\"", \""normalize_window\"": false, \""max_windows\"": 5000000, \""fourier_encoding_components\"": null, \""scale\"": false, \""datepart_method\"": null, \""regression_type\"": null, \""regression_model\"": {\""model\"": \""xgboost\"", \""model_params\"": {\""booster\"": \""gbtree\"", \""objective\"": \""reg:squarederror\"", \""max_depth\"": 6, \""eta\"": 0.003, \""min_child_weight\"": 0.5, \""subsample\"": 1, \""colsample_bylevel\"": 0.9, \""reg_alpha\"": 0, \""reg_lambda\"": 1, \""n_estimators\"": 7, \""multi_strategy\"": \""multi_output_tree\"", \""tree_method\"": \""hist\""}}}"", ""TransformationParameters"": ""{\""fillna\"": \""ffill\"", \""transformations\"": {\""0\"": \""Scaler\"", \""1\"": \""Detrend\"", \""2\"": \""MinMaxScaler\""}, \""transformation_params\"": {\""0\"": {}, \""1\"": {\""model\"": \""Linear\"", \""phi\"": 1, \""window\"": 30, \""transform_dict\"": null}, \""2\"": {}}}""}, ""7d046fbef1e1594270dc26a3315f53d9"": {""Model"": ""WindowRegression"", ""ModelParameters"": ""{\""window_size\"": 10, \""input_dim\"": \""univariate\"", \""output_dim\"": \""1step\"", \""normalize_window\"": false, \""max_windows\"": 5000000, \""fourier_encoding_components\"": null, \""scale\"": true, \""datepart_method\"": null, \""regression_type\"": null, \""regression_model\"": {\""model\"": \""SVM\"", \""model_params\"": {\""C\"": 0.1, \""tol\"": 0.001, \""epsilon\"": 0.0, \""loss\"": \""squared_epsilon_insensitive\"", \""max_iter\"": 50}}}"", ""TransformationParameters"": ""{\""fillna\"": \""ffill\"", \""transformations\"": {\""0\"": \""Scaler\"", \""1\"": \""Detrend\""}, \""transformation_params\"": {\""0\"": {}, \""1\"": {\""model\"": \""Linear\"", \""phi\"": 1, \""window\"": 30, \""transform_dict\"": null}}}""}, ""e9ab0dee8ad32b476a4ab9bc6aed1fef"": {""Model"": ""RollingRegression"", ""ModelParameters"": ""{\""regression_model\"": {\""model\"": \""RANSAC\"", \""model_params\"": {}}, \""holiday\"": true, \""mean_rolling_periods\"": 12, \""macd_periods\"": 24, \""std_rolling_periods\"": 30, \""max_rolling_periods\"": 12, \""min_rolling_periods\"": null, \""ewm_var_alpha\"": null, \""quantile90_rolling_periods\"": null, \""quantile10_rolling_periods\"": null, \""ewm_alpha\"": 0.8, \""additional_lag_periods\"": 6, \""abs_energy\"": false, \""rolling_autocorr_periods\"": null, \""nonzero_last_n\"": null, \""add_date_part\"": null, \""polynomial_degree\"": null, \""x_transform\"": null, \""regression_type\"": null}"", ""TransformationParameters"": ""{\""fillna\"": \""ffill\"", \""transformations\"": {\""0\"": \""Scaler\"", \""1\"": \""Detrend\"", \""2\"": \""DatepartRegression\""}, \""transformation_params\"": {\""0\"": {}, \""1\"": {\""model\"": \""Linear\"", \""phi\"": 1, \""window\"": 30, \""transform_dict\"": null}, \""2\"": {\""regression_model\"": {\""model\"": \""ElasticNet\"", \""model_params\"": {\""l1_ratio\"": 0.5, \""fit_intercept\"": true, \""selection\"": \""cyclic\"", \""max_iter\"": 1000}}, \""datepart_method\"": \""common_fourier\"", \""polynomial_degree\"": null, \""transform_dict\"": null, \""holiday_countries_used\"": false, \""lags\"": null, \""forward_lags\"": null}}}""}}, ""point_method"": ""kalman"", ""model_weights"": {}}",{},1,1,7.094131646282895,0.42499411979503604,0.5566199571360385,0.5514004619336341,0.42499411979503604,0.0,-13.775135323870714,0.35432745949757544,24.474335457682532,0.3972575795879651,0.42567128155843126,0.12222222222222222,0.5222222222222223,1.9083075977992312,0.9666666666666667,1.2404391754220967,0.30020085648424527,1.8250029614940952,0.41047487847655306,0.023827850633458436,10.699200133811821,10.33208950683396,21.753956069885408,0.019386111399457586,7.094131646282895,0.42499411979503604,0.5566199571360385,0.5514004619336341,0.42499411979503604,0.0,0.35432745949757544,0.3972575795879651,0.42567128155843126,1.9083075977992312,0.9666666666666667,1.2404391754220967,0.30020085648424527,1.8250029614940952,0.41047487847655306,0.023827850633458436,10.699200133811821,10.33208950683396,21.753956069885408,0.019386111399457586,0.12222222222222222,0.5222222222222223,7.5764,14.750897212514888,6.113290758734561,Wh,6.113290758734561,Wh
398,cfc4839df0542822badb176000f11db5,Ensemble,"{""model_name"": ""BestN"", ""model_count"": 3, ""model_metric"": ""best_score_unique"", ""models"": {""860cd5b05944ecb82d3157f8432afabb"": {""Model"": ""WindowRegression"", ""ModelParameters"": ""{\""window_size\"": 10, \""input_dim\"": \""univariate\"", \""output_dim\"": \""1step\"", \""normalize_window\"": false, \""max_windows\"": 5000000, \""fourier_encoding_components\"": null, \""scale\"": true, \""datepart_method\"": null, \""regression_type\"": null, \""regression_model\"": {\""model\"": \""SVM\"", \""model_params\"": {\""C\"": 0.1, \""tol\"": 0.001, \""epsilon\"": 0.0, \""loss\"": \""squared_epsilon_insensitive\"", \""max_iter\"": 50}}}"", ""TransformationParameters"": ""{\""fillna\"": \""pchip\"", \""transformations\"": {\""0\"": \""Scaler\""}, \""transformation_params\"": {\""0\"": {}}}""}, ""e9ab0dee8ad32b476a4ab9bc6aed1fef"": {""Model"": ""RollingRegression"", ""ModelParameters"": ""{\""regression_model\"": {\""model\"": \""RANSAC\"", \""model_params\"": {}}, \""holiday\"": true, \""mean_rolling_periods\"": 12, \""macd_periods\"": 24, \""std_rolling_periods\"": 30, \""max_rolling_periods\"": 12, \""min_rolling_periods\"": null, \""ewm_var_alpha\"": null, \""quantile90_rolling_periods\"": null, \""quantile10_rolling_periods\"": null, \""ewm_alpha\"": 0.8, \""additional_lag_periods\"": 6, \""abs_energy\"": false, \""rolling_autocorr_periods\"": null, \""nonzero_last_n\"": null, \""add_date_part\"": null, \""polynomial_degree\"": null, \""x_transform\"": null, \""regression_type\"": null}"", ""TransformationParameters"": ""{\""fillna\"": \""ffill\"", \""transformations\"": {\""0\"": \""Scaler\"", \""1\"": \""Detrend\"", \""2\"": \""DatepartRegression\""}, \""transformation_params\"": {\""0\"": {}, \""1\"": {\""model\"": \""Linear\"", \""phi\"": 1, \""window\"": 30, \""transform_dict\"": null}, \""2\"": {\""regression_model\"": {\""model\"": \""ElasticNet\"", \""model_params\"": {\""l1_ratio\"": 0.5, \""fit_intercept\"": true, \""selection\"": \""cyclic\"", \""max_iter\"": 1000}}, \""datepart_method\"": \""common_fourier\"", \""polynomial_degree\"": null, \""transform_dict\"": null, \""holiday_countries_used\"": false, \""lags\"": null, \""forward_lags\"": null}}}""}, ""67630d1909fa60ae1f9595fc12ff2a69"": {""Model"": ""ARIMA"", ""ModelParameters"": ""{\""p\"": 4, \""d\"": 0, \""q\"": 1, \""regression_type\"": null}"", ""TransformationParameters"": ""{\""fillna\"": \""ffill\"", \""transformations\"": {\""0\"": \""Scaler\"", \""1\"": \""Detrend\"", \""2\"": \""DatepartRegression\""}, \""transformation_params\"": {\""0\"": {}, \""1\"": {\""model\"": \""Linear\"", \""phi\"": 1, \""window\"": 30, \""transform_dict\"": null}, \""2\"": {\""regression_model\"": {\""model\"": \""ElasticNet\"", \""model_params\"": {\""l1_ratio\"": 0.5, \""fit_intercept\"": true, \""selection\"": \""cyclic\"", \""max_iter\"": 1000}}, \""datepart_method\"": \""common_fourier\"", \""polynomial_degree\"": null, \""transform_dict\"": null, \""holiday_countries_used\"": false, \""lags\"": null, \""forward_lags\"": null}}}""}}, ""model_weights"": {}, ""point_method"": ""mean""}","{""fillna"": ""ffill"", ""transformations"": {""0"": ""RegressionFilter"", ""1"": ""HistoricValues""}, ""transformation_params"": {""0"": {""sigma"": 1, ""rolling_window"": 90, ""run_order"": ""season_first"", ""regression_params"": {""regression_model"": {""model"": ""ElasticNet"", ""model_params"": {""l1_ratio"": 0.5, ""fit_intercept"": false, ""selection"": ""cyclic"", ""max_iter"": 2000}}, ""datepart_method"": ""simple"", ""polynomial_degree"": null, ""transform_dict"": {""fillna"": null, ""transformations"": {""0"": ""ScipyFilter""}, ""transformation_params"": {""0"": {""method"": ""savgol_filter"", ""method_args"": {""window_length"": 31, ""polyorder"": 3, ""deriv"": 0, ""mode"": ""interp""}}}}, ""holiday_countries_used"": false, ""lags"": null, ""forward_lags"": null}, ""holiday_params"": null, ""trend_method"": ""rolling_mean""}, ""1"": {""window"": 28}}}",1,1,7.062791610092761,0.42271339098612465,0.5567104853073688,0.5530770266830132,0.42271339098612465,0.0,-13.194307804107666,0.34979564584572,24.849897384643555,0.3975415000480314,0.4284182648414021,0.6555555555555556,0.5111111111111111,1.8726696968078613,0.9666666666666667,1.2393265450916369,0.2933218981090345,1.8144016737152355,0.4224098299144996,0.0236350028920037,11.655589580535889,9.99952019765344,22.457201692784192,0.021119014057934437,7.062791610092761,0.42271339098612465,0.5567104853073688,0.5530770266830132,0.42271339098612465,0.0,0.34979564584572,0.3975415000480314,0.4284182648414021,1.8726696968078613,0.9666666666666667,1.2393265450916369,0.2933218981090345,1.8144016737152355,0.4224098299144996,0.0236350028920037,11.655589580535889,9.99952019765344,22.457201692784192,0.021119014057934437,0.6555555555555556,0.5111111111111111,5.594,14.747872892814534,6.080483814588082,Wh,6.080483814588082,Wh
399,11e725fadab60ab14d439a9c974e25bd,Ensemble,"{""model_name"": ""BestN"", ""model_count"": 3, ""model_metric"": ""horizontal"", ""models"": {""67630d1909fa60ae1f9595fc12ff2a69"": {""Model"": ""ARIMA"", ""ModelParameters"": ""{\""p\"": 4, \""d\"": 0, \""q\"": 1, \""regression_type\"": null}"", ""TransformationParameters"": ""{\""fillna\"": \""ffill\"", \""transformations\"": {\""0\"": \""Scaler\"", \""1\"": \""Detrend\"", \""2\"": \""DatepartRegression\""}, \""transformation_params\"": {\""0\"": {}, \""1\"": {\""model\"": \""Linear\"", \""phi\"": 1, \""window\"": 30, \""transform_dict\"": null}, \""2\"": {\""regression_model\"": {\""model\"": \""ElasticNet\"", \""model_params\"": {\""l1_ratio\"": 0.5, \""fit_intercept\"": true, \""selection\"": \""cyclic\"", \""max_iter\"": 1000}}, \""datepart_method\"": \""common_fourier\"", \""polynomial_degree\"": null, \""transform_dict\"": null, \""holiday_countries_used\"": false, \""lags\"": null, \""forward_lags\"": null}}}""}, ""e9ab0dee8ad32b476a4ab9bc6aed1fef"": {""Model"": ""RollingRegression"", ""ModelParameters"": ""{\""regression_model\"": {\""model\"": \""RANSAC\"", \""model_params\"": {}}, \""holiday\"": true, \""mean_rolling_periods\"": 12, \""macd_periods\"": 24, \""std_rolling_periods\"": 30, \""max_rolling_periods\"": 12, \""min_rolling_periods\"": null, \""ewm_var_alpha\"": null, \""quantile90_rolling_periods\"": null, \""quantile10_rolling_periods\"": null, \""ewm_alpha\"": 0.8, \""additional_lag_periods\"": 6, \""abs_energy\"": false, \""rolling_autocorr_periods\"": null, \""nonzero_last_n\"": null, \""add_date_part\"": null, \""polynomial_degree\"": null, \""x_transform\"": null, \""regression_type\"": null}"", ""TransformationParameters"": ""{\""fillna\"": \""ffill\"", \""transformations\"": {\""0\"": \""Scaler\"", \""1\"": \""Detrend\"", \""2\"": \""DatepartRegression\""}, \""transformation_params\"": {\""0\"": {}, \""1\"": {\""model\"": \""Linear\"", \""phi\"": 1, \""window\"": 30, \""transform_dict\"": null}, \""2\"": {\""regression_model\"": {\""model\"": \""ElasticNet\"", \""model_params\"": {\""l1_ratio\"": 0.5, \""fit_intercept\"": true, \""selection\"": \""cyclic\"", \""max_iter\"": 1000}}, \""datepart_method\"": \""common_fourier\"", \""polynomial_degree\"": null, \""transform_dict\"": null, \""holiday_countries_used\"": false, \""lags\"": null, \""forward_lags\"": null}}}""}, ""860cd5b05944ecb82d3157f8432afabb"": {""Model"": ""WindowRegression"", ""ModelParameters"": ""{\""window_size\"": 10, \""input_dim\"": \""univariate\"", \""output_dim\"": \""1step\"", \""normalize_window\"": false, \""max_windows\"": 5000000, \""fourier_encoding_components\"": null, \""scale\"": true, \""datepart_method\"": null, \""regression_type\"": null, \""regression_model\"": {\""model\"": \""SVM\"", \""model_params\"": {\""C\"": 0.1, \""tol\"": 0.001, \""epsilon\"": 0.0, \""loss\"": \""squared_epsilon_insensitive\"", \""max_iter\"": 50}}}"", ""TransformationParameters"": ""{\""fillna\"": \""pchip\"", \""transformations\"": {\""0\"": \""Scaler\""}, \""transformation_params\"": {\""0\"": {}}}""}}, ""model_weights"": {}, ""point_method"": ""mean""}","{""fillna"": ""ffill"", ""transformations"": {""0"": ""RegressionFilter"", ""1"": ""HistoricValues""}, ""transformation_params"": {""0"": {""sigma"": 1, ""rolling_window"": 90, ""run_order"": ""season_first"", ""regression_params"": {""regression_model"": {""model"": ""ElasticNet"", ""model_params"": {""l1_ratio"": 0.5, ""fit_intercept"": false, ""selection"": ""cyclic"", ""max_iter"": 2000}}, ""datepart_method"": ""simple"", ""polynomial_degree"": null, ""transform_dict"": {""fillna"": null, ""transformations"": {""0"": ""ScipyFilter""}, ""transformation_params"": {""0"": {""method"": ""savgol_filter"", ""method_args"": {""window_length"": 31, ""polyorder"": 3, ""deriv"": 0, ""mode"": ""interp""}}}}, ""holiday_countries_used"": false, ""lags"": null, ""forward_lags"": null}, ""holiday_params"": null, ""trend_method"": ""rolling_mean""}, ""1"": {""window"": 28}}}",1,1,7.062791610092761,0.42271339098612465,0.5567104853073688,0.5530770266830132,0.42271339098612465,0.0,-13.194307804107666,0.34979564584572,24.849897384643555,0.3975415000480314,0.4284182648414021,0.6555555555555556,0.5111111111111111,1.8726696968078613,0.9666666666666667,1.2393265450916369,0.2933218981090345,1.8144016737152355,0.4224098299144996,0.0236350028920037,11.655589580535889,9.99952019765344,22.457201692784192,0.021119014057934437,7.062791610092761,0.42271339098612465,0.5567104853073688,0.5530770266830132,0.42271339098612465,0.0,0.34979564584572,0.3975415000480314,0.4284182648414021,1.8726696968078613,0.9666666666666667,1.2393265450916369,0.2933218981090345,1.8144016737152355,0.4224098299144996,0.0236350028920037,11.655589580535889,9.99952019765344,22.457201692784192,0.021119014057934437,0.6555555555555556,0.5111111111111111,5.0866,14.74778230518185,6.080483814588082,Wh,6.080483814588082,Wh
400,512d2c5708e56e00bf4f2be63c5aeb15,Ensemble,"{""model_name"": ""BestN"", ""model_count"": 5, ""model_metric"": ""mixed_metric"", ""models"": {""860cd5b05944ecb82d3157f8432afabb"": {""Model"": ""WindowRegression"", ""ModelParameters"": ""{\""window_size\"": 10, \""input_dim\"": \""univariate\"", \""output_dim\"": \""1step\"", \""normalize_window\"": false, \""max_windows\"": 5000000, \""fourier_encoding_components\"": null, \""scale\"": true, \""datepart_method\"": null, \""regression_type\"": null, \""regression_model\"": {\""model\"": \""SVM\"", \""model_params\"": {\""C\"": 0.1, \""tol\"": 0.001, \""epsilon\"": 0.0, \""loss\"": \""squared_epsilon_insensitive\"", \""max_iter\"": 50}}}"", ""TransformationParameters"": ""{\""fillna\"": \""pchip\"", \""transformations\"": {\""0\"": \""Scaler\""}, \""transformation_params\"": {\""0\"": {}}}""}, ""c0b1c7a0ef49e381d5aea93045d68ec6"": {""Model"": ""WindowRegression"", ""ModelParameters"": ""{\""window_size\"": 10, \""input_dim\"": \""univariate\"", \""output_dim\"": \""1step\"", \""normalize_window\"": false, \""max_windows\"": 5000000, \""fourier_encoding_components\"": null, \""scale\"": true, \""datepart_method\"": null, \""regression_type\"": null, \""regression_model\"": {\""model\"": \""SVM\"", \""model_params\"": {\""C\"": 0.1, \""tol\"": 0.001, \""epsilon\"": 0.0, \""loss\"": \""squared_epsilon_insensitive\"", \""max_iter\"": 50}}}"", ""TransformationParameters"": ""{\""fillna\"": \""ffill\"", \""transformations\"": {\""0\"": \""DatepartRegression\"", \""1\"": \""DatepartRegression\"", \""2\"": \""MinMaxScaler\"", \""3\"": \""Scaler\""}, \""transformation_params\"": {\""0\"": {\""regression_model\"": {\""model\"": \""ElasticNet\"", \""model_params\"": {\""l1_ratio\"": 0.5, \""fit_intercept\"": true, \""selection\"": \""cyclic\"", \""max_iter\"": 1000}}, \""datepart_method\"": \""anchored_segment_fourier:us_school\"", \""polynomial_degree\"": null, \""transform_dict\"": null, \""holiday_countries_used\"": false, \""lags\"": null, \""forward_lags\"": null}, \""1\"": {\""regression_model\"": {\""model\"": \""ElasticNet\"", \""model_params\"": {\""l1_ratio\"": 0.9, \""fit_intercept\"": true, \""selection\"": \""cyclic\"", \""max_iter\"": 200}}, \""datepart_method\"": \""common_fourier\"", \""polynomial_degree\"": null, \""transform_dict\"": null, \""holiday_countries_used\"": false, \""lags\"": null, \""forward_lags\"": 2}, \""2\"": {}, \""3\"": {}}}""}, ""b56ba147e1633d9995afee23f1bd58c7"": {""Model"": ""WindowRegression"", ""ModelParameters"": ""{\""window_size\"": 20, \""input_dim\"": \""univariate\"", \""output_dim\"": \""1step\"", \""normalize_window\"": false, \""max_windows\"": 5000000, \""fourier_encoding_components\"": null, \""scale\"": false, \""datepart_method\"": null, \""regression_type\"": null, \""regression_model\"": {\""model\"": \""xgboost\"", \""model_params\"": {\""booster\"": \""gbtree\"", \""objective\"": \""reg:squarederror\"", \""max_depth\"": 6, \""eta\"": 0.003, \""min_child_weight\"": 0.5, \""subsample\"": 1, \""colsample_bylevel\"": 0.9, \""reg_alpha\"": 0, \""reg_lambda\"": 1, \""n_estimators\"": 7, \""multi_strategy\"": \""multi_output_tree\"", \""tree_method\"": \""hist\""}}}"", ""TransformationParameters"": ""{\""fillna\"": \""ffill\"", \""transformations\"": {\""0\"": \""Scaler\"", \""1\"": \""Detrend\"", \""2\"": \""MinMaxScaler\""}, \""transformation_params\"": {\""0\"": {}, \""1\"": {\""model\"": \""Linear\"", \""phi\"": 1, \""window\"": 30, \""transform_dict\"": null}, \""2\"": {}}}""}, ""7d046fbef1e1594270dc26a3315f53d9"": {""Model"": ""WindowRegression"", ""ModelParameters"": ""{\""window_size\"": 10, \""input_dim\"": \""univariate\"", \""output_dim\"": \""1step\"", \""normalize_window\"": false, \""max_windows\"": 5000000, \""fourier_encoding_components\"": null, \""scale\"": true, \""datepart_method\"": null, \""regression_type\"": null, \""regression_model\"": {\""model\"": \""SVM\"", \""model_params\"": {\""C\"": 0.1, \""tol\"": 0.001, \""epsilon\"": 0.0, \""loss\"": \""squared_epsilon_insensitive\"", \""max_iter\"": 50}}}"", ""TransformationParameters"": ""{\""fillna\"": \""ffill\"", \""transformations\"": {\""0\"": \""Scaler\"", \""1\"": \""Detrend\""}, \""transformation_params\"": {\""0\"": {}, \""1\"": {\""model\"": \""Linear\"", \""phi\"": 1, \""window\"": 30, \""transform_dict\"": null}}}""}, ""e9ab0dee8ad32b476a4ab9bc6aed1fef"": {""Model"": ""RollingRegression"", ""ModelParameters"": ""{\""regression_model\"": {\""model\"": \""RANSAC\"", \""model_params\"": {}}, \""holiday\"": true, \""mean_rolling_periods\"": 12, \""macd_periods\"": 24, \""std_rolling_periods\"": 30, \""max_rolling_periods\"": 12, \""min_rolling_periods\"": null, \""ewm_var_alpha\"": null, \""quantile90_rolling_periods\"": null, \""quantile10_rolling_periods\"": null, \""ewm_alpha\"": 0.8, \""additional_lag_periods\"": 6, \""abs_energy\"": false, \""rolling_autocorr_periods\"": null, \""nonzero_last_n\"": null, \""add_date_part\"": null, \""polynomial_degree\"": null, \""x_transform\"": null, \""regression_type\"": null}"", ""TransformationParameters"": ""{\""fillna\"": \""ffill\"", \""transformations\"": {\""0\"": \""Scaler\"", \""1\"": \""Detrend\"", \""2\"": \""DatepartRegression\""}, \""transformation_params\"": {\""0\"": {}, \""1\"": {\""model\"": \""Linear\"", \""phi\"": 1, \""window\"": 30, \""transform_dict\"": null}, \""2\"": {\""regression_model\"": {\""model\"": \""ElasticNet\"", \""model_params\"": {\""l1_ratio\"": 0.5, \""fit_intercept\"": true, \""selection\"": \""cyclic\"", \""max_iter\"": 1000}}, \""datepart_method\"": \""common_fourier\"", \""polynomial_degree\"": null, \""transform_dict\"": null, \""holiday_countries_used\"": false, \""lags\"": null, \""forward_lags\"": null}}}""}}, ""point_method"": ""kalman"", ""model_weights"": {}}","{""fillna"": ""fake_date"", ""transformations"": {""0"": ""AlignLastValue"", ""1"": ""AlignLastValue""}, ""transformation_params"": {""0"": {""rows"": 1, ""lag"": 1, ""method"": ""multiplicative"", ""strength"": 1.0, ""first_value_only"": false, ""threshold"": null, ""threshold_method"": ""mean""}, ""1"": {""rows"": 1, ""lag"": 1, ""method"": ""multiplicative"", ""strength"": 1.0, ""first_value_only"": true, ""threshold"": 10, ""threshold_method"": ""max""}}}",1,1,7.063933145973383,0.422852563109004,0.5562380836628456,0.5514004619336341,0.422852563109004,0.0,-13.582395222127822,0.3521859028115433,24.474335457682532,0.39530431384255477,0.4249629561963809,0.13333333333333333,0.5222222222222223,1.9083075977992312,0.9666666666666667,1.2402346705154574,0.29766480251394406,1.8228614048080634,0.369382770641988,0.03015169392225928,10.891940235554713,10.531495551053654,21.7514751879148,0.019735341345322642,7.063933145973383,0.422852563109004,0.5562380836628456,0.5514004619336341,0.422852563109004,0.0,0.3521859028115433,0.39530431384255477,0.4249629561963809,1.9083075977992312,0.9666666666666667,1.2402346705154574,0.29766480251394406,1.8228614048080634,0.369382770641988,0.03015169392225928,10.891940235554713,10.531495551053654,21.7514751879148,0.019735341345322642,0.13333333333333333,0.5222222222222223,7.5951,14.708702562179917,6.082485723821749,Wh,6.082485723821749,Wh
401,11ad8b029022eeb058d53340c82ad0af,Ensemble,"{""model_name"": ""BestN"", ""model_count"": 5, ""model_metric"": ""mixed_metric"", ""models"": {""860cd5b05944ecb82d3157f8432afabb"": {""Model"": ""WindowRegression"", ""ModelParameters"": ""{\""window_size\"": 10, \""input_dim\"": \""univariate\"", \""output_dim\"": \""1step\"", \""normalize_window\"": false, \""max_windows\"": 5000000, \""fourier_encoding_components\"": null, \""scale\"": true, \""datepart_method\"": null, \""regression_type\"": null, \""regression_model\"": {\""model\"": \""SVM\"", \""model_params\"": {\""C\"": 0.1, \""tol\"": 0.001, \""epsilon\"": 0.0, \""loss\"": \""squared_epsilon_insensitive\"", \""max_iter\"": 50}}}"", ""TransformationParameters"": ""{\""fillna\"": \""pchip\"", \""transformations\"": {\""0\"": \""Scaler\""}, \""transformation_params\"": {\""0\"": {}}}""}, ""c0b1c7a0ef49e381d5aea93045d68ec6"": {""Model"": ""WindowRegression"", ""ModelParameters"": ""{\""window_size\"": 10, \""input_dim\"": \""univariate\"", \""output_dim\"": \""1step\"", \""normalize_window\"": false, \""max_windows\"": 5000000, \""fourier_encoding_components\"": null, \""scale\"": true, \""datepart_method\"": null, \""regression_type\"": null, \""regression_model\"": {\""model\"": \""SVM\"", \""model_params\"": {\""C\"": 0.1, \""tol\"": 0.001, \""epsilon\"": 0.0, \""loss\"": \""squared_epsilon_insensitive\"", \""max_iter\"": 50}}}"", ""TransformationParameters"": ""{\""fillna\"": \""ffill\"", \""transformations\"": {\""0\"": \""DatepartRegression\"", \""1\"": \""DatepartRegression\"", \""2\"": \""MinMaxScaler\"", \""3\"": \""Scaler\""}, \""transformation_params\"": {\""0\"": {\""regression_model\"": {\""model\"": \""ElasticNet\"", \""model_params\"": {\""l1_ratio\"": 0.5, \""fit_intercept\"": true, \""selection\"": \""cyclic\"", \""max_iter\"": 1000}}, \""datepart_method\"": \""anchored_segment_fourier:us_school\"", \""polynomial_degree\"": null, \""transform_dict\"": null, \""holiday_countries_used\"": false, \""lags\"": null, \""forward_lags\"": null}, \""1\"": {\""regression_model\"": {\""model\"": \""ElasticNet\"", \""model_params\"": {\""l1_ratio\"": 0.9, \""fit_intercept\"": true, \""selection\"": \""cyclic\"", \""max_iter\"": 200}}, \""datepart_method\"": \""common_fourier\"", \""polynomial_degree\"": null, \""transform_dict\"": null, \""holiday_countries_used\"": false, \""lags\"": null, \""forward_lags\"": 2}, \""2\"": {}, \""3\"": {}}}""}, ""b56ba147e1633d9995afee23f1bd58c7"": {""Model"": ""WindowRegression"", ""ModelParameters"": ""{\""window_size\"": 20, \""input_dim\"": \""univariate\"", \""output_dim\"": \""1step\"", \""normalize_window\"": false, \""max_windows\"": 5000000, \""fourier_encoding_components\"": null, \""scale\"": false, \""datepart_method\"": null, \""regression_type\"": null, \""regression_model\"": {\""model\"": \""xgboost\"", \""model_params\"": {\""booster\"": \""gbtree\"", \""objective\"": \""reg:squarederror\"", \""max_depth\"": 6, \""eta\"": 0.003, \""min_child_weight\"": 0.5, \""subsample\"": 1, \""colsample_bylevel\"": 0.9, \""reg_alpha\"": 0, \""reg_lambda\"": 1, \""n_estimators\"": 7, \""multi_strategy\"": \""multi_output_tree\"", \""tree_method\"": \""hist\""}}}"", ""TransformationParameters"": ""{\""fillna\"": \""ffill\"", \""transformations\"": {\""0\"": \""Scaler\"", \""1\"": \""Detrend\"", \""2\"": \""MinMaxScaler\""}, \""transformation_params\"": {\""0\"": {}, \""1\"": {\""model\"": \""Linear\"", \""phi\"": 1, \""window\"": 30, \""transform_dict\"": null}, \""2\"": {}}}""}, ""7d046fbef1e1594270dc26a3315f53d9"": {""Model"": ""WindowRegression"", ""ModelParameters"": ""{\""window_size\"": 10, \""input_dim\"": \""univariate\"", \""output_dim\"": \""1step\"", \""normalize_window\"": false, \""max_windows\"": 5000000, \""fourier_encoding_components\"": null, \""scale\"": true, \""datepart_method\"": null, \""regression_type\"": null, \""regression_model\"": {\""model\"": \""SVM\"", \""model_params\"": {\""C\"": 0.1, \""tol\"": 0.001, \""epsilon\"": 0.0, \""loss\"": \""squared_epsilon_insensitive\"", \""max_iter\"": 50}}}"", ""TransformationParameters"": ""{\""fillna\"": \""ffill\"", \""transformations\"": {\""0\"": \""Scaler\"", \""1\"": \""Detrend\""}, \""transformation_params\"": {\""0\"": {}, \""1\"": {\""model\"": \""Linear\"", \""phi\"": 1, \""window\"": 30, \""transform_dict\"": null}}}""}, ""e9ab0dee8ad32b476a4ab9bc6aed1fef"": {""Model"": ""RollingRegression"", ""ModelParameters"": ""{\""regression_model\"": {\""model\"": \""RANSAC\"", \""model_params\"": {}}, \""holiday\"": true, \""mean_rolling_periods\"": 12, \""macd_periods\"": 24, \""std_rolling_periods\"": 30, \""max_rolling_periods\"": 12, \""min_rolling_periods\"": null, \""ewm_var_alpha\"": null, \""quantile90_rolling_periods\"": null, \""quantile10_rolling_periods\"": null, \""ewm_alpha\"": 0.8, \""additional_lag_periods\"": 6, \""abs_energy\"": false, \""rolling_autocorr_periods\"": null, \""nonzero_last_n\"": null, \""add_date_part\"": null, \""polynomial_degree\"": null, \""x_transform\"": null, \""regression_type\"": null}"", ""TransformationParameters"": ""{\""fillna\"": \""ffill\"", \""transformations\"": {\""0\"": \""Scaler\"", \""1\"": \""Detrend\"", \""2\"": \""DatepartRegression\""}, \""transformation_params\"": {\""0\"": {}, \""1\"": {\""model\"": \""Linear\"", \""phi\"": 1, \""window\"": 30, \""transform_dict\"": null}, \""2\"": {\""regression_model\"": {\""model\"": \""ElasticNet\"", \""model_params\"": {\""l1_ratio\"": 0.5, \""fit_intercept\"": true, \""selection\"": \""cyclic\"", \""max_iter\"": 1000}}, \""datepart_method\"": \""common_fourier\"", \""polynomial_degree\"": null, \""transform_dict\"": null, \""holiday_countries_used\"": false, \""lags\"": null, \""forward_lags\"": null}}}""}}, ""point_method"": ""kalman"", ""model_weights"": {}}","{""fillna"": ""zero"", ""transformations"": {""0"": ""AnomalyRemoval"", ""1"": ""EWMAFilter"", ""2"": ""AlignLastValue""}, ""transformation_params"": {""0"": {""method"": ""med_diff"", ""method_params"": {""distribution"": ""norm"", ""alpha"": 0.05}, ""fillna"": ""rolling_mean_24"", ""transform_dict"": {""fillna"": null, ""transformations"": {""0"": ""EWMAFilter""}, ""transformation_params"": {""0"": {""span"": 7}}}, ""isolated_only"": false, ""on_inverse"": false}, ""1"": {""span"": 7}, ""2"": {""rows"": 1, ""lag"": 1, ""method"": ""multiplicative"", ""strength"": 1.0, ""first_value_only"": false, ""threshold"": 1, ""threshold_method"": ""max""}}}",1,1,7.054702810212283,0.4224135250282985,0.5544316033233981,0.5515490277042691,0.4224135250282985,0.0,-14.124480094541457,0.35335381945685607,23.892737158005403,0.39360979300700677,0.4241643897113509,0.12222222222222222,0.5222222222222223,1.8977104445236614,0.9666666666666667,1.239177235638503,0.29903437049199455,1.8231935790861766,0.41249301169561403,0.023658379953198725,9.768257063463944,9.763171960152217,21.743981687754022,0.017699315578965976,7.054702810212283,0.4224135250282985,0.5544316033233981,0.5515490277042691,0.4224135250282985,0.0,0.35335381945685607,0.39360979300700677,0.4241643897113509,1.8977104445236614,0.9666666666666667,1.239177235638503,0.29903437049199455,1.8231935790861766,0.41249301169561403,0.023658379953198725,9.768257063463944,9.763171960152217,21.743981687754022,0.017699315578965976,0.12222222222222222,0.5222222222222223,7.7511,14.679655389081681,6.076170418935169,Wh,6.076170418935169,Wh
402,33acefb6c5eadfcebbb95dddb4fc90d8,Ensemble,"{""model_name"": ""BestN"", ""model_count"": 3, ""model_metric"": ""bestn_horizontal"", ""models"": {""860cd5b05944ecb82d3157f8432afabb"": {""Model"": ""WindowRegression"", ""ModelParameters"": ""{\""window_size\"": 10, \""input_dim\"": \""univariate\"", \""output_dim\"": \""1step\"", \""normalize_window\"": false, \""max_windows\"": 5000000, \""fourier_encoding_components\"": null, \""scale\"": true, \""datepart_method\"": null, \""regression_type\"": null, \""regression_model\"": {\""model\"": \""SVM\"", \""model_params\"": {\""C\"": 0.1, \""tol\"": 0.001, \""epsilon\"": 0.0, \""loss\"": \""squared_epsilon_insensitive\"", \""max_iter\"": 50}}}"", ""TransformationParameters"": ""{\""fillna\"": \""pchip\"", \""transformations\"": {\""0\"": \""Scaler\""}, \""transformation_params\"": {\""0\"": {}}}""}, ""e9ab0dee8ad32b476a4ab9bc6aed1fef"": {""Model"": ""RollingRegression"", ""ModelParameters"": ""{\""regression_model\"": {\""model\"": \""RANSAC\"", \""model_params\"": {}}, \""holiday\"": true, \""mean_rolling_periods\"": 12, \""macd_periods\"": 24, \""std_rolling_periods\"": 30, \""max_rolling_periods\"": 12, \""min_rolling_periods\"": null, \""ewm_var_alpha\"": null, \""quantile90_rolling_periods\"": null, \""quantile10_rolling_periods\"": null, \""ewm_alpha\"": 0.8, \""additional_lag_periods\"": 6, \""abs_energy\"": false, \""rolling_autocorr_periods\"": null, \""nonzero_last_n\"": null, \""add_date_part\"": null, \""polynomial_degree\"": null, \""x_transform\"": null, \""regression_type\"": null}"", ""TransformationParameters"": ""{\""fillna\"": \""ffill\"", \""transformations\"": {\""0\"": \""Scaler\"", \""1\"": \""Detrend\"", \""2\"": \""DatepartRegression\""}, \""transformation_params\"": {\""0\"": {}, \""1\"": {\""model\"": \""Linear\"", \""phi\"": 1, \""window\"": 30, \""transform_dict\"": null}, \""2\"": {\""regression_model\"": {\""model\"": \""ElasticNet\"", \""model_params\"": {\""l1_ratio\"": 0.5, \""fit_intercept\"": true, \""selection\"": \""cyclic\"", \""max_iter\"": 1000}}, \""datepart_method\"": \""common_fourier\"", \""polynomial_degree\"": null, \""transform_dict\"": null, \""holiday_countries_used\"": false, \""lags\"": null, \""forward_lags\"": null}}}""}, ""67630d1909fa60ae1f9595fc12ff2a69"": {""Model"": ""ARIMA"", ""ModelParameters"": ""{\""p\"": 4, \""d\"": 0, \""q\"": 1, \""regression_type\"": null}"", ""TransformationParameters"": ""{\""fillna\"": \""ffill\"", \""transformations\"": {\""0\"": \""Scaler\"", \""1\"": \""Detrend\"", \""2\"": \""DatepartRegression\""}, \""transformation_params\"": {\""0\"": {}, \""1\"": {\""model\"": \""Linear\"", \""phi\"": 1, \""window\"": 30, \""transform_dict\"": null}, \""2\"": {\""regression_model\"": {\""model\"": \""ElasticNet\"", \""model_params\"": {\""l1_ratio\"": 0.5, \""fit_intercept\"": true, \""selection\"": \""cyclic\"", \""max_iter\"": 1000}}, \""datepart_method\"": \""common_fourier\"", \""polynomial_degree\"": null, \""transform_dict\"": null, \""holiday_countries_used\"": false, \""lags\"": null, \""forward_lags\"": null}}}""}}, ""model_weights"": {""860cd5b05944ecb82d3157f8432afabb"": 4.0, ""e9ab0dee8ad32b476a4ab9bc6aed1fef"": 3.0, ""67630d1909fa60ae1f9595fc12ff2a69"": 2.0}, ""point_method"": ""mean""}","{""fillna"": ""ffill"", ""transformations"": {""0"": ""RegressionFilter"", ""1"": ""HistoricValues""}, ""transformation_params"": {""0"": {""sigma"": 1, ""rolling_window"": 90, ""run_order"": ""season_first"", ""regression_params"": {""regression_model"": {""model"": ""ElasticNet"", ""model_params"": {""l1_ratio"": 0.5, ""fit_intercept"": false, ""selection"": ""cyclic"", ""max_iter"": 2000}}, ""datepart_method"": ""simple"", ""polynomial_degree"": null, ""transform_dict"": {""fillna"": null, ""transformations"": {""0"": ""ScipyFilter""}, ""transformation_params"": {""0"": {""method"": ""savgol_filter"", ""method_args"": {""window_length"": 31, ""polyorder"": 3, ""deriv"": 0, ""mode"": ""interp""}}}}, ""holiday_countries_used"": false, ""lags"": null, ""forward_lags"": null}, ""holiday_params"": null, ""trend_method"": ""rolling_mean""}, ""1"": {""window"": 28}}}",1,1,7.057937696930507,0.4224442852867974,0.5562271072361691,0.5563779012345147,0.4224442852867974,0.0,-13.225458145141602,0.3498406207120612,24.794527530670166,0.3971375371745027,0.421436963286439,0.6555555555555556,0.4888888888888889,1.8726696968078613,0.9666666666666667,1.2391969334535615,0.29300322030719955,1.8136250806445584,0.4217676275539696,0.030595582613547927,11.569069385528564,9.92377604317373,22.136386665579963,0.020962246251207073,7.057937696930507,0.4224442852867974,0.5562271072361691,0.5563779012345147,0.4224442852867974,0.0,0.3498406207120612,0.3971375371745027,0.421436963286439,1.8726696968078613,0.9666666666666667,1.2391969334535615,0.29300322030719955,1.8136250806445584,0.4217676275539696,0.030595582613547927,11.569069385528564,9.92377604317373,22.136386665579963,0.020962246251207073,0.6555555555555556,0.4888888888888889,5.389,14.657562943550465,6.076612887184161,Wh,6.076612887184161,Wh
403,b42b159378d4e5b07dd5ab5fb7802754,Ensemble,"{""model_name"": ""BestN"", ""model_count"": 3, ""model_metric"": ""best_score_unique"", ""models"": {""860cd5b05944ecb82d3157f8432afabb"": {""Model"": ""WindowRegression"", ""ModelParameters"": ""{\""window_size\"": 10, \""input_dim\"": \""univariate\"", \""output_dim\"": \""1step\"", \""normalize_window\"": false, \""max_windows\"": 5000000, \""fourier_encoding_components\"": null, \""scale\"": true, \""datepart_method\"": null, \""regression_type\"": null, \""regression_model\"": {\""model\"": \""SVM\"", \""model_params\"": {\""C\"": 0.1, \""tol\"": 0.001, \""epsilon\"": 0.0, \""loss\"": \""squared_epsilon_insensitive\"", \""max_iter\"": 50}}}"", ""TransformationParameters"": ""{\""fillna\"": \""pchip\"", \""transformations\"": {\""0\"": \""Scaler\""}, \""transformation_params\"": {\""0\"": {}}}""}, ""e9ab0dee8ad32b476a4ab9bc6aed1fef"": {""Model"": ""RollingRegression"", ""ModelParameters"": ""{\""regression_model\"": {\""model\"": \""RANSAC\"", \""model_params\"": {}}, \""holiday\"": true, \""mean_rolling_periods\"": 12, \""macd_periods\"": 24, \""std_rolling_periods\"": 30, \""max_rolling_periods\"": 12, \""min_rolling_periods\"": null, \""ewm_var_alpha\"": null, \""quantile90_rolling_periods\"": null, \""quantile10_rolling_periods\"": null, \""ewm_alpha\"": 0.8, \""additional_lag_periods\"": 6, \""abs_energy\"": false, \""rolling_autocorr_periods\"": null, \""nonzero_last_n\"": null, \""add_date_part\"": null, \""polynomial_degree\"": null, \""x_transform\"": null, \""regression_type\"": null}"", ""TransformationParameters"": ""{\""fillna\"": \""ffill\"", \""transformations\"": {\""0\"": \""Scaler\"", \""1\"": \""Detrend\"", \""2\"": \""DatepartRegression\""}, \""transformation_params\"": {\""0\"": {}, \""1\"": {\""model\"": \""Linear\"", \""phi\"": 1, \""window\"": 30, \""transform_dict\"": null}, \""2\"": {\""regression_model\"": {\""model\"": \""ElasticNet\"", \""model_params\"": {\""l1_ratio\"": 0.5, \""fit_intercept\"": true, \""selection\"": \""cyclic\"", \""max_iter\"": 1000}}, \""datepart_method\"": \""common_fourier\"", \""polynomial_degree\"": null, \""transform_dict\"": null, \""holiday_countries_used\"": false, \""lags\"": null, \""forward_lags\"": null}}}""}, ""67630d1909fa60ae1f9595fc12ff2a69"": {""Model"": ""ARIMA"", ""ModelParameters"": ""{\""p\"": 4, \""d\"": 0, \""q\"": 1, \""regression_type\"": null}"", ""TransformationParameters"": ""{\""fillna\"": \""ffill\"", \""transformations\"": {\""0\"": \""Scaler\"", \""1\"": \""Detrend\"", \""2\"": \""DatepartRegression\""}, \""transformation_params\"": {\""0\"": {}, \""1\"": {\""model\"": \""Linear\"", \""phi\"": 1, \""window\"": 30, \""transform_dict\"": null}, \""2\"": {\""regression_model\"": {\""model\"": \""ElasticNet\"", \""model_params\"": {\""l1_ratio\"": 0.5, \""fit_intercept\"": true, \""selection\"": \""cyclic\"", \""max_iter\"": 1000}}, \""datepart_method\"": \""common_fourier\"", \""polynomial_degree\"": null, \""transform_dict\"": null, \""holiday_countries_used\"": false, \""lags\"": null, \""forward_lags\"": null}}}""}}, ""model_weights"": {}, ""point_method"": ""mean""}","{""fillna"": ""fake_date"", ""transformations"": {""0"": ""AlignLastValue"", ""1"": ""AlignLastValue""}, ""transformation_params"": {""0"": {""rows"": 4, ""lag"": 28, ""method"": ""additive"", ""strength"": 0.2, ""first_value_only"": false, ""threshold"": 1, ""threshold_method"": ""max""}, ""1"": {""rows"": 1, ""lag"": 1, ""method"": ""additive"", ""strength"": 1.0, ""first_value_only"": false, ""threshold"": 1, ""threshold_method"": ""mean""}}}",1,1,7.049242447809427,0.42188239892348317,0.5551746643929399,0.5506778982739381,0.42188239892348317,0.0,-13.808950430019344,0.35188423062661994,24.16046547309415,0.3939327234438338,0.4028987858241108,0.9888888888888889,0.4777777777777778,1.8946313244088442,0.9666666666666667,1.2391671288965638,0.29751113795374234,1.8258265072576714,0.3881114544711302,0.029633722835897457,10.351515043074805,10.47493881522746,22.02014656273601,0.018756133287387542,7.049242447809427,0.42188239892348317,0.5551746643929399,0.5506778982739381,0.42188239892348317,0.0,0.35188423062661994,0.3939327234438338,0.4028987858241108,1.8946313244088442,0.9666666666666667,1.2391671288965638,0.29751113795374234,1.8258265072576714,0.3881114544711302,0.029633722835897457,10.351515043074805,10.47493881522746,22.02014656273601,0.018756133287387542,0.9888888888888889,0.4777777777777778,5.5117,14.424015002068815,6.068530481917085,Wh,6.068530481917085,Wh
404,deaa32351cfd12adf6b837bc78c4c026,Ensemble,"{""model_name"": ""BestN"", ""model_count"": 3, ""model_metric"": ""horizontal"", ""models"": {""67630d1909fa60ae1f9595fc12ff2a69"": {""Model"": ""ARIMA"", ""ModelParameters"": ""{\""p\"": 4, \""d\"": 0, \""q\"": 1, \""regression_type\"": null}"", ""TransformationParameters"": ""{\""fillna\"": \""ffill\"", \""transformations\"": {\""0\"": \""Scaler\"", \""1\"": \""Detrend\"", \""2\"": \""DatepartRegression\""}, \""transformation_params\"": {\""0\"": {}, \""1\"": {\""model\"": \""Linear\"", \""phi\"": 1, \""window\"": 30, \""transform_dict\"": null}, \""2\"": {\""regression_model\"": {\""model\"": \""ElasticNet\"", \""model_params\"": {\""l1_ratio\"": 0.5, \""fit_intercept\"": true, \""selection\"": \""cyclic\"", \""max_iter\"": 1000}}, \""datepart_method\"": \""common_fourier\"", \""polynomial_degree\"": null, \""transform_dict\"": null, \""holiday_countries_used\"": false, \""lags\"": null, \""forward_lags\"": null}}}""}, ""e9ab0dee8ad32b476a4ab9bc6aed1fef"": {""Model"": ""RollingRegression"", ""ModelParameters"": ""{\""regression_model\"": {\""model\"": \""RANSAC\"", \""model_params\"": {}}, \""holiday\"": true, \""mean_rolling_periods\"": 12, \""macd_periods\"": 24, \""std_rolling_periods\"": 30, \""max_rolling_periods\"": 12, \""min_rolling_periods\"": null, \""ewm_var_alpha\"": null, \""quantile90_rolling_periods\"": null, \""quantile10_rolling_periods\"": null, \""ewm_alpha\"": 0.8, \""additional_lag_periods\"": 6, \""abs_energy\"": false, \""rolling_autocorr_periods\"": null, \""nonzero_last_n\"": null, \""add_date_part\"": null, \""polynomial_degree\"": null, \""x_transform\"": null, \""regression_type\"": null}"", ""TransformationParameters"": ""{\""fillna\"": \""ffill\"", \""transformations\"": {\""0\"": \""Scaler\"", \""1\"": \""Detrend\"", \""2\"": \""DatepartRegression\""}, \""transformation_params\"": {\""0\"": {}, \""1\"": {\""model\"": \""Linear\"", \""phi\"": 1, \""window\"": 30, \""transform_dict\"": null}, \""2\"": {\""regression_model\"": {\""model\"": \""ElasticNet\"", \""model_params\"": {\""l1_ratio\"": 0.5, \""fit_intercept\"": true, \""selection\"": \""cyclic\"", \""max_iter\"": 1000}}, \""datepart_method\"": \""common_fourier\"", \""polynomial_degree\"": null, \""transform_dict\"": null, \""holiday_countries_used\"": false, \""lags\"": null, \""forward_lags\"": null}}}""}, ""860cd5b05944ecb82d3157f8432afabb"": {""Model"": ""WindowRegression"", ""ModelParameters"": ""{\""window_size\"": 10, \""input_dim\"": \""univariate\"", \""output_dim\"": \""1step\"", \""normalize_window\"": false, \""max_windows\"": 5000000, \""fourier_encoding_components\"": null, \""scale\"": true, \""datepart_method\"": null, \""regression_type\"": null, \""regression_model\"": {\""model\"": \""SVM\"", \""model_params\"": {\""C\"": 0.1, \""tol\"": 0.001, \""epsilon\"": 0.0, \""loss\"": \""squared_epsilon_insensitive\"", \""max_iter\"": 50}}}"", ""TransformationParameters"": ""{\""fillna\"": \""pchip\"", \""transformations\"": {\""0\"": \""Scaler\""}, \""transformation_params\"": {\""0\"": {}}}""}}, ""model_weights"": {}, ""point_method"": ""mean""}","{""fillna"": ""fake_date"", ""transformations"": {""0"": ""AlignLastValue"", ""1"": ""AlignLastValue""}, ""transformation_params"": {""0"": {""rows"": 4, ""lag"": 28, ""method"": ""additive"", ""strength"": 0.2, ""first_value_only"": false, ""threshold"": 1, ""threshold_method"": ""max""}, ""1"": {""rows"": 1, ""lag"": 1, ""method"": ""additive"", ""strength"": 1.0, ""first_value_only"": false, ""threshold"": 1, ""threshold_method"": ""mean""}}}",1,1,7.049242447809431,0.4218823989234834,0.55517466439294,0.5506778982739381,0.4218823989234834,0.0,-13.808950430019348,0.35188423062662,24.160465473094156,0.3939327234438338,0.4028987858241108,0.9888888888888889,0.4777777777777778,1.894631324408846,0.9666666666666667,1.239167128896564,0.2975111379537425,1.825826507257672,0.3881114544711303,0.029633722835897457,10.351515043074809,10.474938815227514,22.02014656273601,0.01875613328738755,7.049242447809431,0.4218823989234834,0.55517466439294,0.5506778982739381,0.4218823989234834,0.0,0.35188423062662,0.3939327234438338,0.4028987858241108,1.894631324408846,0.9666666666666667,1.239167128896564,0.2975111379537425,1.825826507257672,0.3881114544711303,0.029633722835897457,10.351515043074809,10.474938815227514,22.02014656273601,0.01875613328738755,0.9888888888888889,0.4777777777777778,4.984,14.423920790216695,6.0685304819170875,Wh,6.0685304819170875,Wh
405,2368d9034bfff6a9af4d9235fa06045a,Ensemble,"{""model_name"": ""BestN"", ""model_count"": 5, ""model_metric"": ""mixed_metric"", ""models"": {""860cd5b05944ecb82d3157f8432afabb"": {""Model"": ""WindowRegression"", ""ModelParameters"": ""{\""window_size\"": 10, \""input_dim\"": \""univariate\"", \""output_dim\"": \""1step\"", \""normalize_window\"": false, \""max_windows\"": 5000000, \""fourier_encoding_components\"": null, \""scale\"": true, \""datepart_method\"": null, \""regression_type\"": null, \""regression_model\"": {\""model\"": \""SVM\"", \""model_params\"": {\""C\"": 0.1, \""tol\"": 0.001, \""epsilon\"": 0.0, \""loss\"": \""squared_epsilon_insensitive\"", \""max_iter\"": 50}}}"", ""TransformationParameters"": ""{\""fillna\"": \""pchip\"", \""transformations\"": {\""0\"": \""Scaler\""}, \""transformation_params\"": {\""0\"": {}}}""}, ""c0b1c7a0ef49e381d5aea93045d68ec6"": {""Model"": ""WindowRegression"", ""ModelParameters"": ""{\""window_size\"": 10, \""input_dim\"": \""univariate\"", \""output_dim\"": \""1step\"", \""normalize_window\"": false, \""max_windows\"": 5000000, \""fourier_encoding_components\"": null, \""scale\"": true, \""datepart_method\"": null, \""regression_type\"": null, \""regression_model\"": {\""model\"": \""SVM\"", \""model_params\"": {\""C\"": 0.1, \""tol\"": 0.001, \""epsilon\"": 0.0, \""loss\"": \""squared_epsilon_insensitive\"", \""max_iter\"": 50}}}"", ""TransformationParameters"": ""{\""fillna\"": \""ffill\"", \""transformations\"": {\""0\"": \""DatepartRegression\"", \""1\"": \""DatepartRegression\"", \""2\"": \""MinMaxScaler\"", \""3\"": \""Scaler\""}, \""transformation_params\"": {\""0\"": {\""regression_model\"": {\""model\"": \""ElasticNet\"", \""model_params\"": {\""l1_ratio\"": 0.5, \""fit_intercept\"": true, \""selection\"": \""cyclic\"", \""max_iter\"": 1000}}, \""datepart_method\"": \""anchored_segment_fourier:us_school\"", \""polynomial_degree\"": null, \""transform_dict\"": null, \""holiday_countries_used\"": false, \""lags\"": null, \""forward_lags\"": null}, \""1\"": {\""regression_model\"": {\""model\"": \""ElasticNet\"", \""model_params\"": {\""l1_ratio\"": 0.9, \""fit_intercept\"": true, \""selection\"": \""cyclic\"", \""max_iter\"": 200}}, \""datepart_method\"": \""common_fourier\"", \""polynomial_degree\"": null, \""transform_dict\"": null, \""holiday_countries_used\"": false, \""lags\"": null, \""forward_lags\"": 2}, \""2\"": {}, \""3\"": {}}}""}, ""b56ba147e1633d9995afee23f1bd58c7"": {""Model"": ""WindowRegression"", ""ModelParameters"": ""{\""window_size\"": 20, \""input_dim\"": \""univariate\"", \""output_dim\"": \""1step\"", \""normalize_window\"": false, \""max_windows\"": 5000000, \""fourier_encoding_components\"": null, \""scale\"": false, \""datepart_method\"": null, \""regression_type\"": null, \""regression_model\"": {\""model\"": \""xgboost\"", \""model_params\"": {\""booster\"": \""gbtree\"", \""objective\"": \""reg:squarederror\"", \""max_depth\"": 6, \""eta\"": 0.003, \""min_child_weight\"": 0.5, \""subsample\"": 1, \""colsample_bylevel\"": 0.9, \""reg_alpha\"": 0, \""reg_lambda\"": 1, \""n_estimators\"": 7, \""multi_strategy\"": \""multi_output_tree\"", \""tree_method\"": \""hist\""}}}"", ""TransformationParameters"": ""{\""fillna\"": \""ffill\"", \""transformations\"": {\""0\"": \""Scaler\"", \""1\"": \""Detrend\"", \""2\"": \""MinMaxScaler\""}, \""transformation_params\"": {\""0\"": {}, \""1\"": {\""model\"": \""Linear\"", \""phi\"": 1, \""window\"": 30, \""transform_dict\"": null}, \""2\"": {}}}""}, ""7d046fbef1e1594270dc26a3315f53d9"": {""Model"": ""WindowRegression"", ""ModelParameters"": ""{\""window_size\"": 10, \""input_dim\"": \""univariate\"", \""output_dim\"": \""1step\"", \""normalize_window\"": false, \""max_windows\"": 5000000, \""fourier_encoding_components\"": null, \""scale\"": true, \""datepart_method\"": null, \""regression_type\"": null, \""regression_model\"": {\""model\"": \""SVM\"", \""model_params\"": {\""C\"": 0.1, \""tol\"": 0.001, \""epsilon\"": 0.0, \""loss\"": \""squared_epsilon_insensitive\"", \""max_iter\"": 50}}}"", ""TransformationParameters"": ""{\""fillna\"": \""ffill\"", \""transformations\"": {\""0\"": \""Scaler\"", \""1\"": \""Detrend\""}, \""transformation_params\"": {\""0\"": {}, \""1\"": {\""model\"": \""Linear\"", \""phi\"": 1, \""window\"": 30, \""transform_dict\"": null}}}""}, ""e9ab0dee8ad32b476a4ab9bc6aed1fef"": {""Model"": ""RollingRegression"", ""ModelParameters"": ""{\""regression_model\"": {\""model\"": \""RANSAC\"", \""model_params\"": {}}, \""holiday\"": true, \""mean_rolling_periods\"": 12, \""macd_periods\"": 24, \""std_rolling_periods\"": 30, \""max_rolling_periods\"": 12, \""min_rolling_periods\"": null, \""ewm_var_alpha\"": null, \""quantile90_rolling_periods\"": null, \""quantile10_rolling_periods\"": null, \""ewm_alpha\"": 0.8, \""additional_lag_periods\"": 6, \""abs_energy\"": false, \""rolling_autocorr_periods\"": null, \""nonzero_last_n\"": null, \""add_date_part\"": null, \""polynomial_degree\"": null, \""x_transform\"": null, \""regression_type\"": null}"", ""TransformationParameters"": ""{\""fillna\"": \""ffill\"", \""transformations\"": {\""0\"": \""Scaler\"", \""1\"": \""Detrend\"", \""2\"": \""DatepartRegression\""}, \""transformation_params\"": {\""0\"": {}, \""1\"": {\""model\"": \""Linear\"", \""phi\"": 1, \""window\"": 30, \""transform_dict\"": null}, \""2\"": {\""regression_model\"": {\""model\"": \""ElasticNet\"", \""model_params\"": {\""l1_ratio\"": 0.5, \""fit_intercept\"": true, \""selection\"": \""cyclic\"", \""max_iter\"": 1000}}, \""datepart_method\"": \""common_fourier\"", \""polynomial_degree\"": null, \""transform_dict\"": null, \""holiday_countries_used\"": false, \""lags\"": null, \""forward_lags\"": null}}}""}}, ""point_method"": ""kalman"", ""model_weights"": {}}","{""fillna"": ""ffill"", ""transformations"": {""0"": ""FFTFilter"", ""1"": ""HistoricValues""}, ""transformation_params"": {""0"": {""cutoff"": 0.01, ""reverse"": false, ""on_transform"": false, ""on_inverse"": true}, ""1"": {""window"": null}}}",1,1,6.854982809469391,0.4109537406026581,0.5782537718225321,0.5588097467542935,0.4109537406026581,0.0,-13.076198652055528,0.33573039654755815,23.9096380021837,0.38528657108161296,0.4090108455029606,0.17777777777777778,0.5222222222222223,1.7566966268751356,0.9666666666666667,1.2375131748620494,0.2585477801094278,1.693510598782096,1.3738021958806392,0.010454746425131686,10.833439350128174,5.368342388203801,22.694400990043235,0.019629342329726907,6.854982809469391,0.4109537406026581,0.5782537718225321,0.5588097467542935,0.4109537406026581,0.0,0.33573039654755815,0.38528657108161296,0.4090108455029606,1.7566966268751356,0.9666666666666667,1.2375131748620494,0.2585477801094278,1.693510598782096,1.3738021958806392,0.010454746425131686,10.833439350128174,5.368342388203801,22.694400990043235,0.019629342329726907,0.17777777777777778,0.5222222222222223,7.69,14.359754602071877,5.911328151799463,Wh,5.911328151799463,Wh
406,f0e11d80fb4d3e663ae65e6bd0ea9098,Ensemble,"{""model_name"": ""BestN"", ""model_count"": 3, ""model_metric"": ""best_score_unique"", ""models"": {""860cd5b05944ecb82d3157f8432afabb"": {""Model"": ""WindowRegression"", ""ModelParameters"": ""{\""window_size\"": 10, \""input_dim\"": \""univariate\"", \""output_dim\"": \""1step\"", \""normalize_window\"": false, \""max_windows\"": 5000000, \""fourier_encoding_components\"": null, \""scale\"": true, \""datepart_method\"": null, \""regression_type\"": null, \""regression_model\"": {\""model\"": \""SVM\"", \""model_params\"": {\""C\"": 0.1, \""tol\"": 0.001, \""epsilon\"": 0.0, \""loss\"": \""squared_epsilon_insensitive\"", \""max_iter\"": 50}}}"", ""TransformationParameters"": ""{\""fillna\"": \""pchip\"", \""transformations\"": {\""0\"": \""Scaler\""}, \""transformation_params\"": {\""0\"": {}}}""}, ""e9ab0dee8ad32b476a4ab9bc6aed1fef"": {""Model"": ""RollingRegression"", ""ModelParameters"": ""{\""regression_model\"": {\""model\"": \""RANSAC\"", \""model_params\"": {}}, \""holiday\"": true, \""mean_rolling_periods\"": 12, \""macd_periods\"": 24, \""std_rolling_periods\"": 30, \""max_rolling_periods\"": 12, \""min_rolling_periods\"": null, \""ewm_var_alpha\"": null, \""quantile90_rolling_periods\"": null, \""quantile10_rolling_periods\"": null, \""ewm_alpha\"": 0.8, \""additional_lag_periods\"": 6, \""abs_energy\"": false, \""rolling_autocorr_periods\"": null, \""nonzero_last_n\"": null, \""add_date_part\"": null, \""polynomial_degree\"": null, \""x_transform\"": null, \""regression_type\"": null}"", ""TransformationParameters"": ""{\""fillna\"": \""ffill\"", \""transformations\"": {\""0\"": \""Scaler\"", \""1\"": \""Detrend\"", \""2\"": \""DatepartRegression\""}, \""transformation_params\"": {\""0\"": {}, \""1\"": {\""model\"": \""Linear\"", \""phi\"": 1, \""window\"": 30, \""transform_dict\"": null}, \""2\"": {\""regression_model\"": {\""model\"": \""ElasticNet\"", \""model_params\"": {\""l1_ratio\"": 0.5, \""fit_intercept\"": true, \""selection\"": \""cyclic\"", \""max_iter\"": 1000}}, \""datepart_method\"": \""common_fourier\"", \""polynomial_degree\"": null, \""transform_dict\"": null, \""holiday_countries_used\"": false, \""lags\"": null, \""forward_lags\"": null}}}""}, ""67630d1909fa60ae1f9595fc12ff2a69"": {""Model"": ""ARIMA"", ""ModelParameters"": ""{\""p\"": 4, \""d\"": 0, \""q\"": 1, \""regression_type\"": null}"", ""TransformationParameters"": ""{\""fillna\"": \""ffill\"", \""transformations\"": {\""0\"": \""Scaler\"", \""1\"": \""Detrend\"", \""2\"": \""DatepartRegression\""}, \""transformation_params\"": {\""0\"": {}, \""1\"": {\""model\"": \""Linear\"", \""phi\"": 1, \""window\"": 30, \""transform_dict\"": null}, \""2\"": {\""regression_model\"": {\""model\"": \""ElasticNet\"", \""model_params\"": {\""l1_ratio\"": 0.5, \""fit_intercept\"": true, \""selection\"": \""cyclic\"", \""max_iter\"": 1000}}, \""datepart_method\"": \""common_fourier\"", \""polynomial_degree\"": null, \""transform_dict\"": null, \""holiday_countries_used\"": false, \""lags\"": null, \""forward_lags\"": null}}}""}}, ""model_weights"": {}, ""point_method"": ""mean""}",{},1,1,6.978268020261543,0.41702844385603843,0.5494441378063971,0.5511017819999682,0.41702844385603843,0.0,-15.028617614719842,0.3517848189181349,22.50394233232361,0.38562267203682726,0.40247490209808073,0.9888888888888889,0.4777777777777778,1.8626736541258326,0.9666666666666667,1.2366843066501365,0.2968089812080333,1.838572652524714,0.3915045769395082,0.02928507172833842,7.475324717603767,8.756938073627511,21.98369256229742,0.013544702025398554,6.978268020261543,0.41702844385603843,0.5494441378063971,0.5511017819999682,0.41702844385603843,0.0,0.3517848189181349,0.38562267203682726,0.40247490209808073,1.8626736541258326,0.9666666666666667,1.2366843066501365,0.2968089812080333,1.838572652524714,0.3915045769395082,0.02928507172833842,7.475324717603767,8.756938073627511,21.98369256229742,0.013544702025398554,0.9888888888888889,0.4777777777777778,5.4879,14.312173221672913,5.998709189633244,Wh,5.998709189633244,Wh
407,f8f45c4afe2aa1b0231faf74db603db1,Ensemble,"{""model_name"": ""BestN"", ""model_count"": 3, ""model_metric"": ""horizontal"", ""models"": {""67630d1909fa60ae1f9595fc12ff2a69"": {""Model"": ""ARIMA"", ""ModelParameters"": ""{\""p\"": 4, \""d\"": 0, \""q\"": 1, \""regression_type\"": null}"", ""TransformationParameters"": ""{\""fillna\"": \""ffill\"", \""transformations\"": {\""0\"": \""Scaler\"", \""1\"": \""Detrend\"", \""2\"": \""DatepartRegression\""}, \""transformation_params\"": {\""0\"": {}, \""1\"": {\""model\"": \""Linear\"", \""phi\"": 1, \""window\"": 30, \""transform_dict\"": null}, \""2\"": {\""regression_model\"": {\""model\"": \""ElasticNet\"", \""model_params\"": {\""l1_ratio\"": 0.5, \""fit_intercept\"": true, \""selection\"": \""cyclic\"", \""max_iter\"": 1000}}, \""datepart_method\"": \""common_fourier\"", \""polynomial_degree\"": null, \""transform_dict\"": null, \""holiday_countries_used\"": false, \""lags\"": null, \""forward_lags\"": null}}}""}, ""e9ab0dee8ad32b476a4ab9bc6aed1fef"": {""Model"": ""RollingRegression"", ""ModelParameters"": ""{\""regression_model\"": {\""model\"": \""RANSAC\"", \""model_params\"": {}}, \""holiday\"": true, \""mean_rolling_periods\"": 12, \""macd_periods\"": 24, \""std_rolling_periods\"": 30, \""max_rolling_periods\"": 12, \""min_rolling_periods\"": null, \""ewm_var_alpha\"": null, \""quantile90_rolling_periods\"": null, \""quantile10_rolling_periods\"": null, \""ewm_alpha\"": 0.8, \""additional_lag_periods\"": 6, \""abs_energy\"": false, \""rolling_autocorr_periods\"": null, \""nonzero_last_n\"": null, \""add_date_part\"": null, \""polynomial_degree\"": null, \""x_transform\"": null, \""regression_type\"": null}"", ""TransformationParameters"": ""{\""fillna\"": \""ffill\"", \""transformations\"": {\""0\"": \""Scaler\"", \""1\"": \""Detrend\"", \""2\"": \""DatepartRegression\""}, \""transformation_params\"": {\""0\"": {}, \""1\"": {\""model\"": \""Linear\"", \""phi\"": 1, \""window\"": 30, \""transform_dict\"": null}, \""2\"": {\""regression_model\"": {\""model\"": \""ElasticNet\"", \""model_params\"": {\""l1_ratio\"": 0.5, \""fit_intercept\"": true, \""selection\"": \""cyclic\"", \""max_iter\"": 1000}}, \""datepart_method\"": \""common_fourier\"", \""polynomial_degree\"": null, \""transform_dict\"": null, \""holiday_countries_used\"": false, \""lags\"": null, \""forward_lags\"": null}}}""}, ""860cd5b05944ecb82d3157f8432afabb"": {""Model"": ""WindowRegression"", ""ModelParameters"": ""{\""window_size\"": 10, \""input_dim\"": \""univariate\"", \""output_dim\"": \""1step\"", \""normalize_window\"": false, \""max_windows\"": 5000000, \""fourier_encoding_components\"": null, \""scale\"": true, \""datepart_method\"": null, \""regression_type\"": null, \""regression_model\"": {\""model\"": \""SVM\"", \""model_params\"": {\""C\"": 0.1, \""tol\"": 0.001, \""epsilon\"": 0.0, \""loss\"": \""squared_epsilon_insensitive\"", \""max_iter\"": 50}}}"", ""TransformationParameters"": ""{\""fillna\"": \""pchip\"", \""transformations\"": {\""0\"": \""Scaler\""}, \""transformation_params\"": {\""0\"": {}}}""}}, ""model_weights"": {}, ""point_method"": ""mean""}",{},1,1,6.978268020261545,0.4170284438560384,0.5494441378063972,0.5511017819999682,0.4170284438560384,0.0,-15.028617614719845,0.351784818918135,22.503942332323618,0.3856226720368273,0.40247490209808073,0.9888888888888889,0.4777777777777778,1.8626736541258344,0.9666666666666667,1.2366843066501365,0.2968089812080333,1.8385726525247141,0.3915045769395083,0.02928507172833842,7.47532471760377,8.756938073627511,21.98369256229742,0.013544702025398557,6.978268020261545,0.4170284438560384,0.5494441378063972,0.5511017819999682,0.4170284438560384,0.0,0.351784818918135,0.3856226720368273,0.40247490209808073,1.8626736541258344,0.9666666666666667,1.2366843066501365,0.2968089812080333,1.8385726525247141,0.3915045769395083,0.02928507172833842,7.47532471760377,8.756938073627511,21.98369256229742,0.013544702025398557,0.9888888888888889,0.4777777777777778,4.9192,14.312071689968722,5.998709189633244,Wh,5.998709189633244,Wh
408,362626c8cb4baf62f71c5c95f8a92116,Ensemble,"{""model_name"": ""BestN"", ""model_count"": 3, ""model_metric"": ""best_score_unique"", ""models"": {""860cd5b05944ecb82d3157f8432afabb"": {""Model"": ""WindowRegression"", ""ModelParameters"": ""{\""window_size\"": 10, \""input_dim\"": \""univariate\"", \""output_dim\"": \""1step\"", \""normalize_window\"": false, \""max_windows\"": 5000000, \""fourier_encoding_components\"": null, \""scale\"": true, \""datepart_method\"": null, \""regression_type\"": null, \""regression_model\"": {\""model\"": \""SVM\"", \""model_params\"": {\""C\"": 0.1, \""tol\"": 0.001, \""epsilon\"": 0.0, \""loss\"": \""squared_epsilon_insensitive\"", \""max_iter\"": 50}}}"", ""TransformationParameters"": ""{\""fillna\"": \""pchip\"", \""transformations\"": {\""0\"": \""Scaler\""}, \""transformation_params\"": {\""0\"": {}}}""}, ""e9ab0dee8ad32b476a4ab9bc6aed1fef"": {""Model"": ""RollingRegression"", ""ModelParameters"": ""{\""regression_model\"": {\""model\"": \""RANSAC\"", \""model_params\"": {}}, \""holiday\"": true, \""mean_rolling_periods\"": 12, \""macd_periods\"": 24, \""std_rolling_periods\"": 30, \""max_rolling_periods\"": 12, \""min_rolling_periods\"": null, \""ewm_var_alpha\"": null, \""quantile90_rolling_periods\"": null, \""quantile10_rolling_periods\"": null, \""ewm_alpha\"": 0.8, \""additional_lag_periods\"": 6, \""abs_energy\"": false, \""rolling_autocorr_periods\"": null, \""nonzero_last_n\"": null, \""add_date_part\"": null, \""polynomial_degree\"": null, \""x_transform\"": null, \""regression_type\"": null}"", ""TransformationParameters"": ""{\""fillna\"": \""ffill\"", \""transformations\"": {\""0\"": \""Scaler\"", \""1\"": \""Detrend\"", \""2\"": \""DatepartRegression\""}, \""transformation_params\"": {\""0\"": {}, \""1\"": {\""model\"": \""Linear\"", \""phi\"": 1, \""window\"": 30, \""transform_dict\"": null}, \""2\"": {\""regression_model\"": {\""model\"": \""ElasticNet\"", \""model_params\"": {\""l1_ratio\"": 0.5, \""fit_intercept\"": true, \""selection\"": \""cyclic\"", \""max_iter\"": 1000}}, \""datepart_method\"": \""common_fourier\"", \""polynomial_degree\"": null, \""transform_dict\"": null, \""holiday_countries_used\"": false, \""lags\"": null, \""forward_lags\"": null}}}""}, ""67630d1909fa60ae1f9595fc12ff2a69"": {""Model"": ""ARIMA"", ""ModelParameters"": ""{\""p\"": 4, \""d\"": 0, \""q\"": 1, \""regression_type\"": null}"", ""TransformationParameters"": ""{\""fillna\"": \""ffill\"", \""transformations\"": {\""0\"": \""Scaler\"", \""1\"": \""Detrend\"", \""2\"": \""DatepartRegression\""}, \""transformation_params\"": {\""0\"": {}, \""1\"": {\""model\"": \""Linear\"", \""phi\"": 1, \""window\"": 30, \""transform_dict\"": null}, \""2\"": {\""regression_model\"": {\""model\"": \""ElasticNet\"", \""model_params\"": {\""l1_ratio\"": 0.5, \""fit_intercept\"": true, \""selection\"": \""cyclic\"", \""max_iter\"": 1000}}, \""datepart_method\"": \""common_fourier\"", \""polynomial_degree\"": null, \""transform_dict\"": null, \""holiday_countries_used\"": false, \""lags\"": null, \""forward_lags\"": null}}}""}}, ""model_weights"": {}, ""point_method"": ""mean""}","{""fillna"": ""ffill"", ""transformations"": {""0"": ""FFTFilter"", ""1"": ""HistoricValues""}, ""transformation_params"": {""0"": {""cutoff"": 0.01, ""reverse"": false, ""on_transform"": false, ""on_inverse"": true}, ""1"": {""window"": null}}}",1,1,6.9049807433545585,0.41401526568848407,0.572077236479333,0.5592665544538874,0.41401526568848407,0.0,-14.763762431674532,0.34362178061678456,22.497611480289034,0.3846609439088041,0.40230233467201915,0.9888888888888889,0.5222222222222223,1.7222567346360949,0.9666666666666667,1.239579967707696,0.26579852215727867,1.7054772443058877,1.4284397947455019,0.010837613656779039,7.733849048614504,4.350553431479635,22.656942758676543,0.014013127834595827,6.9049807433545585,0.41401526568848407,0.572077236479333,0.5592665544538874,0.41401526568848407,0.0,0.34362178061678456,0.3846609439088041,0.40230233467201915,1.7222567346360949,0.9666666666666667,1.239579967707696,0.26579852215727867,1.7054772443058877,1.4284397947455019,0.010837613656779039,7.733849048614504,4.350553431479635,22.656942758676543,0.014013127834595827,0.9888888888888889,0.5222222222222223,5.5595,14.303520849580174,5.955366391725795,Wh,5.955366391725795,Wh
409,a1f2d3cfac840e74769da04374c65b46,Ensemble,"{""model_name"": ""BestN"", ""model_count"": 3, ""model_metric"": ""horizontal"", ""models"": {""67630d1909fa60ae1f9595fc12ff2a69"": {""Model"": ""ARIMA"", ""ModelParameters"": ""{\""p\"": 4, \""d\"": 0, \""q\"": 1, \""regression_type\"": null}"", ""TransformationParameters"": ""{\""fillna\"": \""ffill\"", \""transformations\"": {\""0\"": \""Scaler\"", \""1\"": \""Detrend\"", \""2\"": \""DatepartRegression\""}, \""transformation_params\"": {\""0\"": {}, \""1\"": {\""model\"": \""Linear\"", \""phi\"": 1, \""window\"": 30, \""transform_dict\"": null}, \""2\"": {\""regression_model\"": {\""model\"": \""ElasticNet\"", \""model_params\"": {\""l1_ratio\"": 0.5, \""fit_intercept\"": true, \""selection\"": \""cyclic\"", \""max_iter\"": 1000}}, \""datepart_method\"": \""common_fourier\"", \""polynomial_degree\"": null, \""transform_dict\"": null, \""holiday_countries_used\"": false, \""lags\"": null, \""forward_lags\"": null}}}""}, ""e9ab0dee8ad32b476a4ab9bc6aed1fef"": {""Model"": ""RollingRegression"", ""ModelParameters"": ""{\""regression_model\"": {\""model\"": \""RANSAC\"", \""model_params\"": {}}, \""holiday\"": true, \""mean_rolling_periods\"": 12, \""macd_periods\"": 24, \""std_rolling_periods\"": 30, \""max_rolling_periods\"": 12, \""min_rolling_periods\"": null, \""ewm_var_alpha\"": null, \""quantile90_rolling_periods\"": null, \""quantile10_rolling_periods\"": null, \""ewm_alpha\"": 0.8, \""additional_lag_periods\"": 6, \""abs_energy\"": false, \""rolling_autocorr_periods\"": null, \""nonzero_last_n\"": null, \""add_date_part\"": null, \""polynomial_degree\"": null, \""x_transform\"": null, \""regression_type\"": null}"", ""TransformationParameters"": ""{\""fillna\"": \""ffill\"", \""transformations\"": {\""0\"": \""Scaler\"", \""1\"": \""Detrend\"", \""2\"": \""DatepartRegression\""}, \""transformation_params\"": {\""0\"": {}, \""1\"": {\""model\"": \""Linear\"", \""phi\"": 1, \""window\"": 30, \""transform_dict\"": null}, \""2\"": {\""regression_model\"": {\""model\"": \""ElasticNet\"", \""model_params\"": {\""l1_ratio\"": 0.5, \""fit_intercept\"": true, \""selection\"": \""cyclic\"", \""max_iter\"": 1000}}, \""datepart_method\"": \""common_fourier\"", \""polynomial_degree\"": null, \""transform_dict\"": null, \""holiday_countries_used\"": false, \""lags\"": null, \""forward_lags\"": null}}}""}, ""860cd5b05944ecb82d3157f8432afabb"": {""Model"": ""WindowRegression"", ""ModelParameters"": ""{\""window_size\"": 10, \""input_dim\"": \""univariate\"", \""output_dim\"": \""1step\"", \""normalize_window\"": false, \""max_windows\"": 5000000, \""fourier_encoding_components\"": null, \""scale\"": true, \""datepart_method\"": null, \""regression_type\"": null, \""regression_model\"": {\""model\"": \""SVM\"", \""model_params\"": {\""C\"": 0.1, \""tol\"": 0.001, \""epsilon\"": 0.0, \""loss\"": \""squared_epsilon_insensitive\"", \""max_iter\"": 50}}}"", ""TransformationParameters"": ""{\""fillna\"": \""pchip\"", \""transformations\"": {\""0\"": \""Scaler\""}, \""transformation_params\"": {\""0\"": {}}}""}}, ""model_weights"": {}, ""point_method"": ""mean""}","{""fillna"": ""ffill"", ""transformations"": {""0"": ""FFTFilter"", ""1"": ""HistoricValues""}, ""transformation_params"": {""0"": {""cutoff"": 0.01, ""reverse"": false, ""on_transform"": false, ""on_inverse"": true}, ""1"": {""window"": null}}}",1,1,6.9049807433545585,0.41401526568848407,0.572077236479333,0.5592665544538874,0.41401526568848407,0.0,-14.763762431674532,0.34362178061678456,22.497611480289034,0.3846609439088041,0.40230233467201915,0.9888888888888889,0.5222222222222223,1.7222567346360949,0.9666666666666667,1.239579967707696,0.26579852215727867,1.7054772443058877,1.4284397947455019,0.010837613656779039,7.733849048614504,4.350553431479635,22.656942758676543,0.014013127834595827,6.9049807433545585,0.41401526568848407,0.572077236479333,0.5592665544538874,0.41401526568848407,0.0,0.34362178061678456,0.3846609439088041,0.40230233467201915,1.7222567346360949,0.9666666666666667,1.239579967707696,0.26579852215727867,1.7054772443058877,1.4284397947455019,0.010837613656779039,7.733849048614504,4.350553431479635,22.656942758676543,0.014013127834595827,0.9888888888888889,0.5222222222222223,5.0489,14.303429690641961,5.955366391725795,Wh,5.955366391725795,Wh
410,83e108ae018d3fa56465853aa0bc2ce3,Ensemble,"{""model_name"": ""BestN"", ""model_count"": 3, ""model_metric"": ""best_score_unique"", ""models"": {""860cd5b05944ecb82d3157f8432afabb"": {""Model"": ""WindowRegression"", ""ModelParameters"": ""{\""window_size\"": 10, \""input_dim\"": \""univariate\"", \""output_dim\"": \""1step\"", \""normalize_window\"": false, \""max_windows\"": 5000000, \""fourier_encoding_components\"": null, \""scale\"": true, \""datepart_method\"": null, \""regression_type\"": null, \""regression_model\"": {\""model\"": \""SVM\"", \""model_params\"": {\""C\"": 0.1, \""tol\"": 0.001, \""epsilon\"": 0.0, \""loss\"": \""squared_epsilon_insensitive\"", \""max_iter\"": 50}}}"", ""TransformationParameters"": ""{\""fillna\"": \""pchip\"", \""transformations\"": {\""0\"": \""Scaler\""}, \""transformation_params\"": {\""0\"": {}}}""}, ""e9ab0dee8ad32b476a4ab9bc6aed1fef"": {""Model"": ""RollingRegression"", ""ModelParameters"": ""{\""regression_model\"": {\""model\"": \""RANSAC\"", \""model_params\"": {}}, \""holiday\"": true, \""mean_rolling_periods\"": 12, \""macd_periods\"": 24, \""std_rolling_periods\"": 30, \""max_rolling_periods\"": 12, \""min_rolling_periods\"": null, \""ewm_var_alpha\"": null, \""quantile90_rolling_periods\"": null, \""quantile10_rolling_periods\"": null, \""ewm_alpha\"": 0.8, \""additional_lag_periods\"": 6, \""abs_energy\"": false, \""rolling_autocorr_periods\"": null, \""nonzero_last_n\"": null, \""add_date_part\"": null, \""polynomial_degree\"": null, \""x_transform\"": null, \""regression_type\"": null}"", ""TransformationParameters"": ""{\""fillna\"": \""ffill\"", \""transformations\"": {\""0\"": \""Scaler\"", \""1\"": \""Detrend\"", \""2\"": \""DatepartRegression\""}, \""transformation_params\"": {\""0\"": {}, \""1\"": {\""model\"": \""Linear\"", \""phi\"": 1, \""window\"": 30, \""transform_dict\"": null}, \""2\"": {\""regression_model\"": {\""model\"": \""ElasticNet\"", \""model_params\"": {\""l1_ratio\"": 0.5, \""fit_intercept\"": true, \""selection\"": \""cyclic\"", \""max_iter\"": 1000}}, \""datepart_method\"": \""common_fourier\"", \""polynomial_degree\"": null, \""transform_dict\"": null, \""holiday_countries_used\"": false, \""lags\"": null, \""forward_lags\"": null}}}""}, ""67630d1909fa60ae1f9595fc12ff2a69"": {""Model"": ""ARIMA"", ""ModelParameters"": ""{\""p\"": 4, \""d\"": 0, \""q\"": 1, \""regression_type\"": null}"", ""TransformationParameters"": ""{\""fillna\"": \""ffill\"", \""transformations\"": {\""0\"": \""Scaler\"", \""1\"": \""Detrend\"", \""2\"": \""DatepartRegression\""}, \""transformation_params\"": {\""0\"": {}, \""1\"": {\""model\"": \""Linear\"", \""phi\"": 1, \""window\"": 30, \""transform_dict\"": null}, \""2\"": {\""regression_model\"": {\""model\"": \""ElasticNet\"", \""model_params\"": {\""l1_ratio\"": 0.5, \""fit_intercept\"": true, \""selection\"": \""cyclic\"", \""max_iter\"": 1000}}, \""datepart_method\"": \""common_fourier\"", \""polynomial_degree\"": null, \""transform_dict\"": null, \""holiday_countries_used\"": false, \""lags\"": null, \""forward_lags\"": null}}}""}}, ""model_weights"": {}, ""point_method"": ""mean""}","{""fillna"": ""fake_date"", ""transformations"": {""0"": ""FIRFilter"", ""1"": ""AlignLastValue"", ""2"": ""AlignLastValue""}, ""transformation_params"": {""0"": {""numtaps"": 32, ""cutoff_hz"": 0.1, ""window"": ""triang"", ""sampling_frequency"": 12, ""on_transform"": false, ""on_inverse"": true, ""bounds_only"": true}, ""1"": {""rows"": 1, ""lag"": 1, ""method"": ""multiplicative"", ""strength"": 1.0, ""first_value_only"": false, ""threshold"": null, ""threshold_method"": ""mean""}, ""2"": {""rows"": 1, ""lag"": 1, ""method"": ""multiplicative"", ""strength"": 1.0, ""first_value_only"": true, ""threshold"": 10, ""threshold_method"": ""max""}}}",1,1,6.952188602881593,0.415175608348384,0.5491532839320706,0.5511017819999682,0.415175608348384,0.0,-14.861862419030945,0.3499319834104805,22.50394233232361,0.38391355761556023,0.40328606228348746,0.9888888888888889,0.4777777777777778,1.8626736541258326,0.9666666666666667,1.2365300777342225,0.29461483389633725,1.8367198170170593,0.3606078419000437,0.034728965155785274,7.642079913292662,8.929460520304188,21.981556341833773,0.013846849359744333,6.952188602881593,0.415175608348384,0.5491532839320706,0.5511017819999682,0.415175608348384,0.0,0.3499319834104805,0.38391355761556023,0.40328606228348746,1.8626736541258326,0.9666666666666667,1.2365300777342225,0.29461483389633725,1.8367198170170593,0.3606078419000437,0.034728965155785274,7.642079913292662,8.929460520304188,21.981556341833773,0.013846849359744333,0.9888888888888889,0.4777777777777778,5.6682,14.292984546583817,5.972057239267762,Wh,5.972057239267762,Wh
411,cc6853e36ec18bda8a8e0287619b650c,Ensemble,"{""model_name"": ""BestN"", ""model_count"": 3, ""model_metric"": ""horizontal"", ""models"": {""67630d1909fa60ae1f9595fc12ff2a69"": {""Model"": ""ARIMA"", ""ModelParameters"": ""{\""p\"": 4, \""d\"": 0, \""q\"": 1, \""regression_type\"": null}"", ""TransformationParameters"": ""{\""fillna\"": \""ffill\"", \""transformations\"": {\""0\"": \""Scaler\"", \""1\"": \""Detrend\"", \""2\"": \""DatepartRegression\""}, \""transformation_params\"": {\""0\"": {}, \""1\"": {\""model\"": \""Linear\"", \""phi\"": 1, \""window\"": 30, \""transform_dict\"": null}, \""2\"": {\""regression_model\"": {\""model\"": \""ElasticNet\"", \""model_params\"": {\""l1_ratio\"": 0.5, \""fit_intercept\"": true, \""selection\"": \""cyclic\"", \""max_iter\"": 1000}}, \""datepart_method\"": \""common_fourier\"", \""polynomial_degree\"": null, \""transform_dict\"": null, \""holiday_countries_used\"": false, \""lags\"": null, \""forward_lags\"": null}}}""}, ""e9ab0dee8ad32b476a4ab9bc6aed1fef"": {""Model"": ""RollingRegression"", ""ModelParameters"": ""{\""regression_model\"": {\""model\"": \""RANSAC\"", \""model_params\"": {}}, \""holiday\"": true, \""mean_rolling_periods\"": 12, \""macd_periods\"": 24, \""std_rolling_periods\"": 30, \""max_rolling_periods\"": 12, \""min_rolling_periods\"": null, \""ewm_var_alpha\"": null, \""quantile90_rolling_periods\"": null, \""quantile10_rolling_periods\"": null, \""ewm_alpha\"": 0.8, \""additional_lag_periods\"": 6, \""abs_energy\"": false, \""rolling_autocorr_periods\"": null, \""nonzero_last_n\"": null, \""add_date_part\"": null, \""polynomial_degree\"": null, \""x_transform\"": null, \""regression_type\"": null}"", ""TransformationParameters"": ""{\""fillna\"": \""ffill\"", \""transformations\"": {\""0\"": \""Scaler\"", \""1\"": \""Detrend\"", \""2\"": \""DatepartRegression\""}, \""transformation_params\"": {\""0\"": {}, \""1\"": {\""model\"": \""Linear\"", \""phi\"": 1, \""window\"": 30, \""transform_dict\"": null}, \""2\"": {\""regression_model\"": {\""model\"": \""ElasticNet\"", \""model_params\"": {\""l1_ratio\"": 0.5, \""fit_intercept\"": true, \""selection\"": \""cyclic\"", \""max_iter\"": 1000}}, \""datepart_method\"": \""common_fourier\"", \""polynomial_degree\"": null, \""transform_dict\"": null, \""holiday_countries_used\"": false, \""lags\"": null, \""forward_lags\"": null}}}""}, ""860cd5b05944ecb82d3157f8432afabb"": {""Model"": ""WindowRegression"", ""ModelParameters"": ""{\""window_size\"": 10, \""input_dim\"": \""univariate\"", \""output_dim\"": \""1step\"", \""normalize_window\"": false, \""max_windows\"": 5000000, \""fourier_encoding_components\"": null, \""scale\"": true, \""datepart_method\"": null, \""regression_type\"": null, \""regression_model\"": {\""model\"": \""SVM\"", \""model_params\"": {\""C\"": 0.1, \""tol\"": 0.001, \""epsilon\"": 0.0, \""loss\"": \""squared_epsilon_insensitive\"", \""max_iter\"": 50}}}"", ""TransformationParameters"": ""{\""fillna\"": \""pchip\"", \""transformations\"": {\""0\"": \""Scaler\""}, \""transformation_params\"": {\""0\"": {}}}""}}, ""model_weights"": {}, ""point_method"": ""mean""}","{""fillna"": ""fake_date"", ""transformations"": {""0"": ""FIRFilter"", ""1"": ""AlignLastValue"", ""2"": ""AlignLastValue""}, ""transformation_params"": {""0"": {""numtaps"": 32, ""cutoff_hz"": 0.1, ""window"": ""triang"", ""sampling_frequency"": 12, ""on_transform"": false, ""on_inverse"": true, ""bounds_only"": true}, ""1"": {""rows"": 1, ""lag"": 1, ""method"": ""multiplicative"", ""strength"": 1.0, ""first_value_only"": false, ""threshold"": null, ""threshold_method"": ""mean""}, ""2"": {""rows"": 1, ""lag"": 1, ""method"": ""multiplicative"", ""strength"": 1.0, ""first_value_only"": true, ""threshold"": 10, ""threshold_method"": ""max""}}}",1,1,6.952188602881595,0.415175608348384,0.5491532839320709,0.5511017819999682,0.415175608348384,0.0,-14.861862419030953,0.3499319834104806,22.503942332323618,0.38391355761556034,0.40328606228348746,0.9888888888888889,0.4777777777777778,1.8626736541258344,0.9666666666666667,1.2365300777342225,0.2946148338963373,1.8367198170170598,0.3606078419000439,0.034728965155785274,7.642079913292666,8.929460520304188,21.981556341833773,0.013846849359744342,6.952188602881595,0.415175608348384,0.5491532839320709,0.5511017819999682,0.415175608348384,0.0,0.3499319834104806,0.38391355761556034,0.40328606228348746,1.8626736541258344,0.9666666666666667,1.2365300777342225,0.2946148338963373,1.8367198170170598,0.3606078419000439,0.034728965155785274,7.642079913292666,8.929460520304188,21.981556341833773,0.013846849359744342,0.9888888888888889,0.4777777777777778,5.1524,14.292892459274125,5.972057239267762,Wh,5.972057239267762,Wh
412,4614c39d19fe94b27b55bc54a7ae379e,Ensemble,"{""model_name"": ""BestN"", ""model_count"": 3, ""model_metric"": ""best_score_unique"", ""models"": {""860cd5b05944ecb82d3157f8432afabb"": {""Model"": ""WindowRegression"", ""ModelParameters"": ""{\""window_size\"": 10, \""input_dim\"": \""univariate\"", \""output_dim\"": \""1step\"", \""normalize_window\"": false, \""max_windows\"": 5000000, \""fourier_encoding_components\"": null, \""scale\"": true, \""datepart_method\"": null, \""regression_type\"": null, \""regression_model\"": {\""model\"": \""SVM\"", \""model_params\"": {\""C\"": 0.1, \""tol\"": 0.001, \""epsilon\"": 0.0, \""loss\"": \""squared_epsilon_insensitive\"", \""max_iter\"": 50}}}"", ""TransformationParameters"": ""{\""fillna\"": \""pchip\"", \""transformations\"": {\""0\"": \""Scaler\""}, \""transformation_params\"": {\""0\"": {}}}""}, ""e9ab0dee8ad32b476a4ab9bc6aed1fef"": {""Model"": ""RollingRegression"", ""ModelParameters"": ""{\""regression_model\"": {\""model\"": \""RANSAC\"", \""model_params\"": {}}, \""holiday\"": true, \""mean_rolling_periods\"": 12, \""macd_periods\"": 24, \""std_rolling_periods\"": 30, \""max_rolling_periods\"": 12, \""min_rolling_periods\"": null, \""ewm_var_alpha\"": null, \""quantile90_rolling_periods\"": null, \""quantile10_rolling_periods\"": null, \""ewm_alpha\"": 0.8, \""additional_lag_periods\"": 6, \""abs_energy\"": false, \""rolling_autocorr_periods\"": null, \""nonzero_last_n\"": null, \""add_date_part\"": null, \""polynomial_degree\"": null, \""x_transform\"": null, \""regression_type\"": null}"", ""TransformationParameters"": ""{\""fillna\"": \""ffill\"", \""transformations\"": {\""0\"": \""Scaler\"", \""1\"": \""Detrend\"", \""2\"": \""DatepartRegression\""}, \""transformation_params\"": {\""0\"": {}, \""1\"": {\""model\"": \""Linear\"", \""phi\"": 1, \""window\"": 30, \""transform_dict\"": null}, \""2\"": {\""regression_model\"": {\""model\"": \""ElasticNet\"", \""model_params\"": {\""l1_ratio\"": 0.5, \""fit_intercept\"": true, \""selection\"": \""cyclic\"", \""max_iter\"": 1000}}, \""datepart_method\"": \""common_fourier\"", \""polynomial_degree\"": null, \""transform_dict\"": null, \""holiday_countries_used\"": false, \""lags\"": null, \""forward_lags\"": null}}}""}, ""67630d1909fa60ae1f9595fc12ff2a69"": {""Model"": ""ARIMA"", ""ModelParameters"": ""{\""p\"": 4, \""d\"": 0, \""q\"": 1, \""regression_type\"": null}"", ""TransformationParameters"": ""{\""fillna\"": \""ffill\"", \""transformations\"": {\""0\"": \""Scaler\"", \""1\"": \""Detrend\"", \""2\"": \""DatepartRegression\""}, \""transformation_params\"": {\""0\"": {}, \""1\"": {\""model\"": \""Linear\"", \""phi\"": 1, \""window\"": 30, \""transform_dict\"": null}, \""2\"": {\""regression_model\"": {\""model\"": \""ElasticNet\"", \""model_params\"": {\""l1_ratio\"": 0.5, \""fit_intercept\"": true, \""selection\"": \""cyclic\"", \""max_iter\"": 1000}}, \""datepart_method\"": \""common_fourier\"", \""polynomial_degree\"": null, \""transform_dict\"": null, \""holiday_countries_used\"": false, \""lags\"": null, \""forward_lags\"": null}}}""}}, ""model_weights"": {}, ""point_method"": ""mean""}","{""fillna"": ""fake_date"", ""transformations"": {""0"": ""AlignLastValue"", ""1"": ""AlignLastValue""}, ""transformation_params"": {""0"": {""rows"": 1, ""lag"": 1, ""method"": ""multiplicative"", ""strength"": 1.0, ""first_value_only"": false, ""threshold"": null, ""threshold_method"": ""mean""}, ""1"": {""rows"": 1, ""lag"": 1, ""method"": ""multiplicative"", ""strength"": 1.0, ""first_value_only"": true, ""threshold"": 10, ""threshold_method"": ""max""}}}",1,1,6.952188602881593,0.415175608348384,0.5491532839320706,0.5511017819999682,0.415175608348384,0.0,-14.861862419030945,0.3499319834104805,22.50394233232361,0.38391355761556023,0.4025779024798078,0.9888888888888889,0.4777777777777778,1.8626736541258326,0.9666666666666667,1.2365300777342225,0.29461483389633725,1.8367198170170593,0.3606078419000437,0.034728965155785274,7.642079913292662,8.929460520304188,21.981556341833773,0.013846849359744333,6.952188602881593,0.415175608348384,0.5491532839320706,0.5511017819999682,0.415175608348384,0.0,0.3499319834104805,0.38391355761556023,0.4025779024798078,1.8626736541258326,0.9666666666666667,1.2365300777342225,0.29461483389633725,1.8367198170170593,0.3606078419000437,0.034728965155785274,7.642079913292662,8.929460520304188,21.981556341833773,0.013846849359744333,0.9888888888888889,0.4777777777777778,5.4979,14.284447665943263,5.972057239267762,Wh,5.972057239267762,Wh
413,ac9f31c77eb749315851319d5b661db2,Ensemble,"{""model_name"": ""BestN"", ""model_count"": 3, ""model_metric"": ""horizontal"", ""models"": {""67630d1909fa60ae1f9595fc12ff2a69"": {""Model"": ""ARIMA"", ""ModelParameters"": ""{\""p\"": 4, \""d\"": 0, \""q\"": 1, \""regression_type\"": null}"", ""TransformationParameters"": ""{\""fillna\"": \""ffill\"", \""transformations\"": {\""0\"": \""Scaler\"", \""1\"": \""Detrend\"", \""2\"": \""DatepartRegression\""}, \""transformation_params\"": {\""0\"": {}, \""1\"": {\""model\"": \""Linear\"", \""phi\"": 1, \""window\"": 30, \""transform_dict\"": null}, \""2\"": {\""regression_model\"": {\""model\"": \""ElasticNet\"", \""model_params\"": {\""l1_ratio\"": 0.5, \""fit_intercept\"": true, \""selection\"": \""cyclic\"", \""max_iter\"": 1000}}, \""datepart_method\"": \""common_fourier\"", \""polynomial_degree\"": null, \""transform_dict\"": null, \""holiday_countries_used\"": false, \""lags\"": null, \""forward_lags\"": null}}}""}, ""e9ab0dee8ad32b476a4ab9bc6aed1fef"": {""Model"": ""RollingRegression"", ""ModelParameters"": ""{\""regression_model\"": {\""model\"": \""RANSAC\"", \""model_params\"": {}}, \""holiday\"": true, \""mean_rolling_periods\"": 12, \""macd_periods\"": 24, \""std_rolling_periods\"": 30, \""max_rolling_periods\"": 12, \""min_rolling_periods\"": null, \""ewm_var_alpha\"": null, \""quantile90_rolling_periods\"": null, \""quantile10_rolling_periods\"": null, \""ewm_alpha\"": 0.8, \""additional_lag_periods\"": 6, \""abs_energy\"": false, \""rolling_autocorr_periods\"": null, \""nonzero_last_n\"": null, \""add_date_part\"": null, \""polynomial_degree\"": null, \""x_transform\"": null, \""regression_type\"": null}"", ""TransformationParameters"": ""{\""fillna\"": \""ffill\"", \""transformations\"": {\""0\"": \""Scaler\"", \""1\"": \""Detrend\"", \""2\"": \""DatepartRegression\""}, \""transformation_params\"": {\""0\"": {}, \""1\"": {\""model\"": \""Linear\"", \""phi\"": 1, \""window\"": 30, \""transform_dict\"": null}, \""2\"": {\""regression_model\"": {\""model\"": \""ElasticNet\"", \""model_params\"": {\""l1_ratio\"": 0.5, \""fit_intercept\"": true, \""selection\"": \""cyclic\"", \""max_iter\"": 1000}}, \""datepart_method\"": \""common_fourier\"", \""polynomial_degree\"": null, \""transform_dict\"": null, \""holiday_countries_used\"": false, \""lags\"": null, \""forward_lags\"": null}}}""}, ""860cd5b05944ecb82d3157f8432afabb"": {""Model"": ""WindowRegression"", ""ModelParameters"": ""{\""window_size\"": 10, \""input_dim\"": \""univariate\"", \""output_dim\"": \""1step\"", \""normalize_window\"": false, \""max_windows\"": 5000000, \""fourier_encoding_components\"": null, \""scale\"": true, \""datepart_method\"": null, \""regression_type\"": null, \""regression_model\"": {\""model\"": \""SVM\"", \""model_params\"": {\""C\"": 0.1, \""tol\"": 0.001, \""epsilon\"": 0.0, \""loss\"": \""squared_epsilon_insensitive\"", \""max_iter\"": 50}}}"", ""TransformationParameters"": ""{\""fillna\"": \""pchip\"", \""transformations\"": {\""0\"": \""Scaler\""}, \""transformation_params\"": {\""0\"": {}}}""}}, ""model_weights"": {}, ""point_method"": ""mean""}","{""fillna"": ""fake_date"", ""transformations"": {""0"": ""AlignLastValue"", ""1"": ""AlignLastValue""}, ""transformation_params"": {""0"": {""rows"": 1, ""lag"": 1, ""method"": ""multiplicative"", ""strength"": 1.0, ""first_value_only"": false, ""threshold"": null, ""threshold_method"": ""mean""}, ""1"": {""rows"": 1, ""lag"": 1, ""method"": ""multiplicative"", ""strength"": 1.0, ""first_value_only"": true, ""threshold"": 10, ""threshold_method"": ""max""}}}",1,1,6.952188602881595,0.415175608348384,0.5491532839320709,0.5511017819999682,0.415175608348384,0.0,-14.861862419030953,0.3499319834104806,22.503942332323618,0.38391355761556034,0.4025779024798078,0.9888888888888889,0.4777777777777778,1.8626736541258344,0.9666666666666667,1.2365300777342225,0.2946148338963373,1.8367198170170598,0.3606078419000439,0.034728965155785274,7.642079913292666,8.929460520304188,21.981556341833773,0.013846849359744342,6.952188602881595,0.415175608348384,0.5491532839320709,0.5511017819999682,0.415175608348384,0.0,0.3499319834104806,0.38391355761556034,0.4025779024798078,1.8626736541258344,0.9666666666666667,1.2365300777342225,0.2946148338963373,1.8367198170170598,0.3606078419000439,0.034728965155785274,7.642079913292666,8.929460520304188,21.981556341833773,0.013846849359744342,0.9888888888888889,0.4777777777777778,4.9479,14.284349472805745,5.972057239267762,Wh,5.972057239267762,Wh
414,b7b9655ae51da3d94f19dc4252e91856,Ensemble,"{""model_name"": ""BestN"", ""model_count"": 3, ""model_metric"": ""best_score_unique"", ""models"": {""860cd5b05944ecb82d3157f8432afabb"": {""Model"": ""WindowRegression"", ""ModelParameters"": ""{\""window_size\"": 10, \""input_dim\"": \""univariate\"", \""output_dim\"": \""1step\"", \""normalize_window\"": false, \""max_windows\"": 5000000, \""fourier_encoding_components\"": null, \""scale\"": true, \""datepart_method\"": null, \""regression_type\"": null, \""regression_model\"": {\""model\"": \""SVM\"", \""model_params\"": {\""C\"": 0.1, \""tol\"": 0.001, \""epsilon\"": 0.0, \""loss\"": \""squared_epsilon_insensitive\"", \""max_iter\"": 50}}}"", ""TransformationParameters"": ""{\""fillna\"": \""pchip\"", \""transformations\"": {\""0\"": \""Scaler\""}, \""transformation_params\"": {\""0\"": {}}}""}, ""e9ab0dee8ad32b476a4ab9bc6aed1fef"": {""Model"": ""RollingRegression"", ""ModelParameters"": ""{\""regression_model\"": {\""model\"": \""RANSAC\"", \""model_params\"": {}}, \""holiday\"": true, \""mean_rolling_periods\"": 12, \""macd_periods\"": 24, \""std_rolling_periods\"": 30, \""max_rolling_periods\"": 12, \""min_rolling_periods\"": null, \""ewm_var_alpha\"": null, \""quantile90_rolling_periods\"": null, \""quantile10_rolling_periods\"": null, \""ewm_alpha\"": 0.8, \""additional_lag_periods\"": 6, \""abs_energy\"": false, \""rolling_autocorr_periods\"": null, \""nonzero_last_n\"": null, \""add_date_part\"": null, \""polynomial_degree\"": null, \""x_transform\"": null, \""regression_type\"": null}"", ""TransformationParameters"": ""{\""fillna\"": \""ffill\"", \""transformations\"": {\""0\"": \""Scaler\"", \""1\"": \""Detrend\"", \""2\"": \""DatepartRegression\""}, \""transformation_params\"": {\""0\"": {}, \""1\"": {\""model\"": \""Linear\"", \""phi\"": 1, \""window\"": 30, \""transform_dict\"": null}, \""2\"": {\""regression_model\"": {\""model\"": \""ElasticNet\"", \""model_params\"": {\""l1_ratio\"": 0.5, \""fit_intercept\"": true, \""selection\"": \""cyclic\"", \""max_iter\"": 1000}}, \""datepart_method\"": \""common_fourier\"", \""polynomial_degree\"": null, \""transform_dict\"": null, \""holiday_countries_used\"": false, \""lags\"": null, \""forward_lags\"": null}}}""}, ""67630d1909fa60ae1f9595fc12ff2a69"": {""Model"": ""ARIMA"", ""ModelParameters"": ""{\""p\"": 4, \""d\"": 0, \""q\"": 1, \""regression_type\"": null}"", ""TransformationParameters"": ""{\""fillna\"": \""ffill\"", \""transformations\"": {\""0\"": \""Scaler\"", \""1\"": \""Detrend\"", \""2\"": \""DatepartRegression\""}, \""transformation_params\"": {\""0\"": {}, \""1\"": {\""model\"": \""Linear\"", \""phi\"": 1, \""window\"": 30, \""transform_dict\"": null}, \""2\"": {\""regression_model\"": {\""model\"": \""ElasticNet\"", \""model_params\"": {\""l1_ratio\"": 0.5, \""fit_intercept\"": true, \""selection\"": \""cyclic\"", \""max_iter\"": 1000}}, \""datepart_method\"": \""common_fourier\"", \""polynomial_degree\"": null, \""transform_dict\"": null, \""holiday_countries_used\"": false, \""lags\"": null, \""forward_lags\"": null}}}""}}, ""model_weights"": {}, ""point_method"": ""mean""}","{""fillna"": ""zero"", ""transformations"": {""0"": ""AnomalyRemoval"", ""1"": ""EWMAFilter"", ""2"": ""AlignLastValue""}, ""transformation_params"": {""0"": {""method"": ""med_diff"", ""method_params"": {""distribution"": ""norm"", ""alpha"": 0.05}, ""fillna"": ""rolling_mean_24"", ""transform_dict"": {""fillna"": null, ""transformations"": {""0"": ""EWMAFilter""}, ""transformation_params"": {""0"": {""span"": 7}}}, ""isolated_only"": false, ""on_inverse"": false}, ""1"": {""span"": 7}, ""2"": {""rows"": 1, ""lag"": 1, ""method"": ""multiplicative"", ""strength"": 1.0, ""first_value_only"": false, ""threshold"": 1, ""threshold_method"": ""max""}}}",1,1,6.944651576894821,0.4145365608391493,0.5451412629083245,0.5515788301225794,0.4145365608391493,0.0,-16.412677481667366,0.3539000494825284,20.895612993856073,0.37934321559419437,0.4000028468656317,0.9888888888888889,0.4777777777777778,1.8286583560446195,0.9666666666666667,1.2353548958258551,0.29860813244685763,1.8583837109415708,0.4019136536933138,0.028933886019156668,4.4829355121887104,6.926117235013593,21.949255786884713,0.008122727507566718,6.944651576894821,0.4145365608391493,0.5451412629083245,0.5515788301225794,0.4145365608391493,0.0,0.3539000494825284,0.37934321559419437,0.4000028468656317,1.8286583560446195,0.9666666666666667,1.2353548958258551,0.29860813244685763,1.8583837109415708,0.4019136536933138,0.028933886019156668,4.4829355121887104,6.926117235013593,21.949255786884713,0.008122727507566718,0.9888888888888889,0.4777777777777778,5.61,14.220203691775126,5.962864916243432,Wh,5.962864916243432,Wh
415,d4f2b5e072a894484e00e4292b34dab1,Ensemble,"{""model_name"": ""BestN"", ""model_count"": 3, ""model_metric"": ""horizontal"", ""models"": {""67630d1909fa60ae1f9595fc12ff2a69"": {""Model"": ""ARIMA"", ""ModelParameters"": ""{\""p\"": 4, \""d\"": 0, \""q\"": 1, \""regression_type\"": null}"", ""TransformationParameters"": ""{\""fillna\"": \""ffill\"", \""transformations\"": {\""0\"": \""Scaler\"", \""1\"": \""Detrend\"", \""2\"": \""DatepartRegression\""}, \""transformation_params\"": {\""0\"": {}, \""1\"": {\""model\"": \""Linear\"", \""phi\"": 1, \""window\"": 30, \""transform_dict\"": null}, \""2\"": {\""regression_model\"": {\""model\"": \""ElasticNet\"", \""model_params\"": {\""l1_ratio\"": 0.5, \""fit_intercept\"": true, \""selection\"": \""cyclic\"", \""max_iter\"": 1000}}, \""datepart_method\"": \""common_fourier\"", \""polynomial_degree\"": null, \""transform_dict\"": null, \""holiday_countries_used\"": false, \""lags\"": null, \""forward_lags\"": null}}}""}, ""e9ab0dee8ad32b476a4ab9bc6aed1fef"": {""Model"": ""RollingRegression"", ""ModelParameters"": ""{\""regression_model\"": {\""model\"": \""RANSAC\"", \""model_params\"": {}}, \""holiday\"": true, \""mean_rolling_periods\"": 12, \""macd_periods\"": 24, \""std_rolling_periods\"": 30, \""max_rolling_periods\"": 12, \""min_rolling_periods\"": null, \""ewm_var_alpha\"": null, \""quantile90_rolling_periods\"": null, \""quantile10_rolling_periods\"": null, \""ewm_alpha\"": 0.8, \""additional_lag_periods\"": 6, \""abs_energy\"": false, \""rolling_autocorr_periods\"": null, \""nonzero_last_n\"": null, \""add_date_part\"": null, \""polynomial_degree\"": null, \""x_transform\"": null, \""regression_type\"": null}"", ""TransformationParameters"": ""{\""fillna\"": \""ffill\"", \""transformations\"": {\""0\"": \""Scaler\"", \""1\"": \""Detrend\"", \""2\"": \""DatepartRegression\""}, \""transformation_params\"": {\""0\"": {}, \""1\"": {\""model\"": \""Linear\"", \""phi\"": 1, \""window\"": 30, \""transform_dict\"": null}, \""2\"": {\""regression_model\"": {\""model\"": \""ElasticNet\"", \""model_params\"": {\""l1_ratio\"": 0.5, \""fit_intercept\"": true, \""selection\"": \""cyclic\"", \""max_iter\"": 1000}}, \""datepart_method\"": \""common_fourier\"", \""polynomial_degree\"": null, \""transform_dict\"": null, \""holiday_countries_used\"": false, \""lags\"": null, \""forward_lags\"": null}}}""}, ""860cd5b05944ecb82d3157f8432afabb"": {""Model"": ""WindowRegression"", ""ModelParameters"": ""{\""window_size\"": 10, \""input_dim\"": \""univariate\"", \""output_dim\"": \""1step\"", \""normalize_window\"": false, \""max_windows\"": 5000000, \""fourier_encoding_components\"": null, \""scale\"": true, \""datepart_method\"": null, \""regression_type\"": null, \""regression_model\"": {\""model\"": \""SVM\"", \""model_params\"": {\""C\"": 0.1, \""tol\"": 0.001, \""epsilon\"": 0.0, \""loss\"": \""squared_epsilon_insensitive\"", \""max_iter\"": 50}}}"", ""TransformationParameters"": ""{\""fillna\"": \""pchip\"", \""transformations\"": {\""0\"": \""Scaler\""}, \""transformation_params\"": {\""0\"": {}}}""}}, ""model_weights"": {}, ""point_method"": ""mean""}","{""fillna"": ""zero"", ""transformations"": {""0"": ""AnomalyRemoval"", ""1"": ""EWMAFilter"", ""2"": ""AlignLastValue""}, ""transformation_params"": {""0"": {""method"": ""med_diff"", ""method_params"": {""distribution"": ""norm"", ""alpha"": 0.05}, ""fillna"": ""rolling_mean_24"", ""transform_dict"": {""fillna"": null, ""transformations"": {""0"": ""EWMAFilter""}, ""transformation_params"": {""0"": {""span"": 7}}}, ""isolated_only"": false, ""on_inverse"": false}, ""1"": {""span"": 7}, ""2"": {""rows"": 1, ""lag"": 1, ""method"": ""multiplicative"", ""strength"": 1.0, ""first_value_only"": false, ""threshold"": 1, ""threshold_method"": ""max""}}}",1,1,6.944651576894823,0.4145365608391493,0.5451412629083247,0.5515788301225794,0.4145365608391493,0.0,-16.412677481667362,0.3539000494825285,20.895612993856076,0.3793432155941945,0.4000028468656317,0.9888888888888889,0.4777777777777778,1.8286583560446212,0.9666666666666667,1.2353548958258551,0.2986081324468575,1.8583837109415706,0.40191365369331394,0.028933886019156668,4.482935512188714,6.926117235013671,21.949255786884713,0.008122727507566724,6.944651576894823,0.4145365608391493,0.5451412629083247,0.5515788301225794,0.4145365608391493,0.0,0.3539000494825285,0.3793432155941945,0.4000028468656317,1.8286583560446212,0.9666666666666667,1.2353548958258551,0.2986081324468575,1.8583837109415706,0.40191365369331394,0.028933886019156668,4.482935512188714,6.926117235013671,21.949255786884713,0.008122727507566724,0.9888888888888889,0.4777777777777778,5.0997,14.220112586396807,5.962864916243432,Wh,5.962864916243432,Wh
416,1516cddecb8646f1d6f27af315a49b72,Ensemble,"{""model_name"": ""BestN"", ""model_count"": 3, ""model_metric"": ""bestn_horizontal"", ""models"": {""860cd5b05944ecb82d3157f8432afabb"": {""Model"": ""WindowRegression"", ""ModelParameters"": ""{\""window_size\"": 10, \""input_dim\"": \""univariate\"", \""output_dim\"": \""1step\"", \""normalize_window\"": false, \""max_windows\"": 5000000, \""fourier_encoding_components\"": null, \""scale\"": true, \""datepart_method\"": null, \""regression_type\"": null, \""regression_model\"": {\""model\"": \""SVM\"", \""model_params\"": {\""C\"": 0.1, \""tol\"": 0.001, \""epsilon\"": 0.0, \""loss\"": \""squared_epsilon_insensitive\"", \""max_iter\"": 50}}}"", ""TransformationParameters"": ""{\""fillna\"": \""pchip\"", \""transformations\"": {\""0\"": \""Scaler\""}, \""transformation_params\"": {\""0\"": {}}}""}, ""e9ab0dee8ad32b476a4ab9bc6aed1fef"": {""Model"": ""RollingRegression"", ""ModelParameters"": ""{\""regression_model\"": {\""model\"": \""RANSAC\"", \""model_params\"": {}}, \""holiday\"": true, \""mean_rolling_periods\"": 12, \""macd_periods\"": 24, \""std_rolling_periods\"": 30, \""max_rolling_periods\"": 12, \""min_rolling_periods\"": null, \""ewm_var_alpha\"": null, \""quantile90_rolling_periods\"": null, \""quantile10_rolling_periods\"": null, \""ewm_alpha\"": 0.8, \""additional_lag_periods\"": 6, \""abs_energy\"": false, \""rolling_autocorr_periods\"": null, \""nonzero_last_n\"": null, \""add_date_part\"": null, \""polynomial_degree\"": null, \""x_transform\"": null, \""regression_type\"": null}"", ""TransformationParameters"": ""{\""fillna\"": \""ffill\"", \""transformations\"": {\""0\"": \""Scaler\"", \""1\"": \""Detrend\"", \""2\"": \""DatepartRegression\""}, \""transformation_params\"": {\""0\"": {}, \""1\"": {\""model\"": \""Linear\"", \""phi\"": 1, \""window\"": 30, \""transform_dict\"": null}, \""2\"": {\""regression_model\"": {\""model\"": \""ElasticNet\"", \""model_params\"": {\""l1_ratio\"": 0.5, \""fit_intercept\"": true, \""selection\"": \""cyclic\"", \""max_iter\"": 1000}}, \""datepart_method\"": \""common_fourier\"", \""polynomial_degree\"": null, \""transform_dict\"": null, \""holiday_countries_used\"": false, \""lags\"": null, \""forward_lags\"": null}}}""}, ""67630d1909fa60ae1f9595fc12ff2a69"": {""Model"": ""ARIMA"", ""ModelParameters"": ""{\""p\"": 4, \""d\"": 0, \""q\"": 1, \""regression_type\"": null}"", ""TransformationParameters"": ""{\""fillna\"": \""ffill\"", \""transformations\"": {\""0\"": \""Scaler\"", \""1\"": \""Detrend\"", \""2\"": \""DatepartRegression\""}, \""transformation_params\"": {\""0\"": {}, \""1\"": {\""model\"": \""Linear\"", \""phi\"": 1, \""window\"": 30, \""transform_dict\"": null}, \""2\"": {\""regression_model\"": {\""model\"": \""ElasticNet\"", \""model_params\"": {\""l1_ratio\"": 0.5, \""fit_intercept\"": true, \""selection\"": \""cyclic\"", \""max_iter\"": 1000}}, \""datepart_method\"": \""common_fourier\"", \""polynomial_degree\"": null, \""transform_dict\"": null, \""holiday_countries_used\"": false, \""lags\"": null, \""forward_lags\"": null}}}""}}, ""model_weights"": {""860cd5b05944ecb82d3157f8432afabb"": 4.0, ""e9ab0dee8ad32b476a4ab9bc6aed1fef"": 3.0, ""67630d1909fa60ae1f9595fc12ff2a69"": 2.0}, ""point_method"": ""mean""}","{""fillna"": ""ffill"", ""transformations"": {""0"": ""FFTFilter"", ""1"": ""HistoricValues""}, ""transformation_params"": {""0"": {""cutoff"": 0.01, ""reverse"": false, ""on_transform"": false, ""on_inverse"": true}, ""1"": {""window"": null}}}",1,1,6.901713222910617,0.41381395893332384,0.5722730555393599,0.5592493894283513,0.41381395893332384,0.0,-14.696468459235277,0.34324375809979224,22.546787844763877,0.38460610640379955,0.3829039559388915,0.9888888888888889,0.5222222222222223,1.723550849490696,0.9666666666666667,1.2394601375704262,0.26542390996252574,1.7048092510678234,1.426279056577445,0.01082322967107002,7.8503193855286,4.380865466703573,22.6583502907705,0.014224162949175424,6.901713222910617,0.41381395893332384,0.5722730555393599,0.5592493894283513,0.41381395893332384,0.0,0.34324375809979224,0.38460610640379955,0.3829039559388915,1.723550849490696,0.9666666666666667,1.2394601375704262,0.26542390996252574,1.7048092510678234,1.426279056577445,0.01082322967107002,7.8503193855286,4.380865466703573,22.6583502907705,0.014224162949175424,0.9888888888888889,0.5222222222222223,5.3533,14.067899717591622,5.952470712306546,Wh,5.952470712306546,Wh
417,e7ecbb0ce21439b352ef7effe89b1dce,Ensemble,"{""model_name"": ""BestN"", ""model_count"": 3, ""model_metric"": ""bestn_horizontal"", ""models"": {""860cd5b05944ecb82d3157f8432afabb"": {""Model"": ""WindowRegression"", ""ModelParameters"": ""{\""window_size\"": 10, \""input_dim\"": \""univariate\"", \""output_dim\"": \""1step\"", \""normalize_window\"": false, \""max_windows\"": 5000000, \""fourier_encoding_components\"": null, \""scale\"": true, \""datepart_method\"": null, \""regression_type\"": null, \""regression_model\"": {\""model\"": \""SVM\"", \""model_params\"": {\""C\"": 0.1, \""tol\"": 0.001, \""epsilon\"": 0.0, \""loss\"": \""squared_epsilon_insensitive\"", \""max_iter\"": 50}}}"", ""TransformationParameters"": ""{\""fillna\"": \""pchip\"", \""transformations\"": {\""0\"": \""Scaler\""}, \""transformation_params\"": {\""0\"": {}}}""}, ""e9ab0dee8ad32b476a4ab9bc6aed1fef"": {""Model"": ""RollingRegression"", ""ModelParameters"": ""{\""regression_model\"": {\""model\"": \""RANSAC\"", \""model_params\"": {}}, \""holiday\"": true, \""mean_rolling_periods\"": 12, \""macd_periods\"": 24, \""std_rolling_periods\"": 30, \""max_rolling_periods\"": 12, \""min_rolling_periods\"": null, \""ewm_var_alpha\"": null, \""quantile90_rolling_periods\"": null, \""quantile10_rolling_periods\"": null, \""ewm_alpha\"": 0.8, \""additional_lag_periods\"": 6, \""abs_energy\"": false, \""rolling_autocorr_periods\"": null, \""nonzero_last_n\"": null, \""add_date_part\"": null, \""polynomial_degree\"": null, \""x_transform\"": null, \""regression_type\"": null}"", ""TransformationParameters"": ""{\""fillna\"": \""ffill\"", \""transformations\"": {\""0\"": \""Scaler\"", \""1\"": \""Detrend\"", \""2\"": \""DatepartRegression\""}, \""transformation_params\"": {\""0\"": {}, \""1\"": {\""model\"": \""Linear\"", \""phi\"": 1, \""window\"": 30, \""transform_dict\"": null}, \""2\"": {\""regression_model\"": {\""model\"": \""ElasticNet\"", \""model_params\"": {\""l1_ratio\"": 0.5, \""fit_intercept\"": true, \""selection\"": \""cyclic\"", \""max_iter\"": 1000}}, \""datepart_method\"": \""common_fourier\"", \""polynomial_degree\"": null, \""transform_dict\"": null, \""holiday_countries_used\"": false, \""lags\"": null, \""forward_lags\"": null}}}""}, ""67630d1909fa60ae1f9595fc12ff2a69"": {""Model"": ""ARIMA"", ""ModelParameters"": ""{\""p\"": 4, \""d\"": 0, \""q\"": 1, \""regression_type\"": null}"", ""TransformationParameters"": ""{\""fillna\"": \""ffill\"", \""transformations\"": {\""0\"": \""Scaler\"", \""1\"": \""Detrend\"", \""2\"": \""DatepartRegression\""}, \""transformation_params\"": {\""0\"": {}, \""1\"": {\""model\"": \""Linear\"", \""phi\"": 1, \""window\"": 30, \""transform_dict\"": null}, \""2\"": {\""regression_model\"": {\""model\"": \""ElasticNet\"", \""model_params\"": {\""l1_ratio\"": 0.5, \""fit_intercept\"": true, \""selection\"": \""cyclic\"", \""max_iter\"": 1000}}, \""datepart_method\"": \""common_fourier\"", \""polynomial_degree\"": null, \""transform_dict\"": null, \""holiday_countries_used\"": false, \""lags\"": null, \""forward_lags\"": null}}}""}}, ""model_weights"": {""860cd5b05944ecb82d3157f8432afabb"": 4.0, ""e9ab0dee8ad32b476a4ab9bc6aed1fef"": 3.0, ""67630d1909fa60ae1f9595fc12ff2a69"": 2.0}, ""point_method"": ""mean""}","{""fillna"": ""fake_date"", ""transformations"": {""0"": ""AlignLastValue"", ""1"": ""AlignLastValue""}, ""transformation_params"": {""0"": {""rows"": 4, ""lag"": 28, ""method"": ""additive"", ""strength"": 0.2, ""first_value_only"": false, ""threshold"": 1, ""threshold_method"": ""max""}, ""1"": {""rows"": 1, ""lag"": 1, ""method"": ""additive"", ""strength"": 1.0, ""first_value_only"": false, ""threshold"": 1, ""threshold_method"": ""mean""}}}",1,1,6.903215653217742,0.4126453212244868,0.5475105998618364,0.5519669749506176,0.4126453212244868,0.0,-13.942605243034297,0.3451722946750838,23.195473667169516,0.3846145154282896,0.38351882880184085,0.9888888888888889,0.5,1.8590963458533416,0.9666666666666667,1.2346819858923448,0.28869450050517004,1.799730401678328,0.37799490316192547,0.03310529959625055,9.252868424135215,9.336492031892972,21.77843740871488,0.016765471791478852,6.903215653217742,0.4126453212244868,0.5475105998618364,0.5519669749506176,0.4126453212244868,0.0,0.3451722946750838,0.3846145154282896,0.38351882880184085,1.8590963458533416,0.9666666666666667,1.2346819858923448,0.28869450050517004,1.799730401678328,0.37799490316192547,0.03310529959625055,9.252868424135215,9.336492031892972,21.77843740871488,0.016765471791478852,0.9888888888888889,0.5,5.2826,14.001798019147754,5.935660545358384,Wh,5.935660545358384,Wh
418,f87a68659a21f30a36985675ac384c6e,WindowRegression,"{""window_size"": 5, ""input_dim"": ""univariate"", ""output_dim"": ""1step"", ""normalize_window"": false, ""max_windows"": 5000000, ""fourier_encoding_components"": null, ""scale"": true, ""datepart_method"": null, ""regression_type"": null, ""regression_model"": {""model"": ""RANSAC"", ""model_params"": {}}}","{""fillna"": ""ffill"", ""transformations"": {""0"": ""Scaler"", ""1"": ""Detrend"", ""2"": ""MinMaxScaler""}, ""transformation_params"": {""0"": {}, ""1"": {""model"": ""Linear"", ""phi"": 1, ""window"": 30, ""transform_dict"": null}, ""2"": {}}}",0,1,7.858176815869068,0.4686731511475759,0.5940315808978521,0.5634021686167197,0.4686731511475759,0.0,-26.04401957899546,0.42336029536421066,16.136564024286365,0.4000013926000233,0.2873720456471715,0.8777777777777778,0.4777777777777778,1.8150144073223453,0.9666666666666667,1.2637696843531239,0.36276143407165573,2.1928274160202217,0.9672558471372197,0.017937474604317313,9.9074555547091,2.825698684968693,21.43618565392875,0.017951532326401808,7.858176815869068,0.4686731511475759,0.5940315808978521,0.5634021686167197,0.4686731511475759,0.0,0.42336029536421066,0.4000013926000233,0.2873720456471715,1.8150144073223453,0.9666666666666667,1.2637696843531239,0.36276143407165573,2.1928274160202217,0.9672558471372197,0.017937474604317313,9.9074555547091,2.825698684968693,21.43618565392875,0.017951532326401808,0.8777777777777778,0.4777777777777778,0.4007,13.981793223958249,6.741587966344722,Wh,6.741587966344722,Wh
419,cf907466f7f0136bae8a93fc94d59933,WindowRegression,"{""window_size"": 5, ""input_dim"": ""univariate"", ""output_dim"": ""1step"", ""normalize_window"": false, ""max_windows"": 5000000, ""fourier_encoding_components"": null, ""scale"": true, ""datepart_method"": null, ""regression_type"": null, ""regression_model"": {""model"": ""RANSAC"", ""model_params"": {}}}","{""fillna"": ""ffill"", ""transformations"": {""0"": ""Scaler"", ""1"": ""Detrend"", ""2"": ""DatepartRegression""}, ""transformation_params"": {""0"": {}, ""1"": {""model"": ""Linear"", ""phi"": 1, ""window"": 30, ""transform_dict"": null}, ""2"": {""regression_model"": {""model"": ""ElasticNet"", ""model_params"": {""l1_ratio"": 0.5, ""fit_intercept"": true, ""selection"": ""cyclic"", ""max_iter"": 1000}}, ""datepart_method"": ""common_fourier"", ""polynomial_degree"": null, ""transform_dict"": null, ""holiday_countries_used"": false, ""lags"": null, ""forward_lags"": null}}}",0,1,7.85817757002299,0.46867319405721436,0.5940316210480294,0.5634021782024703,0.46867319405721436,0.0,-26.04402939678807,0.42336035592529514,16.136558068361225,0.40000140365929865,0.2873720691600944,0.8777777777777778,0.4777777777777778,1.815014218083637,0.9666666666666667,1.2637697089549296,0.36276147547954546,2.19282770204886,0.967256524037159,0.017937487286773437,9.907471328426842,2.8256995569098313,21.43618475145099,0.01795156090714107,7.85817757002299,0.46867319405721436,0.5940316210480294,0.5634021782024703,0.46867319405721436,0.0,0.42336035592529514,0.40000140365929865,0.2873720691600944,1.815014218083637,0.9666666666666667,1.2637697089549296,0.36276147547954546,2.19282770204886,0.967256524037159,0.017937487286773437,9.907471328426842,2.8256995569098313,21.43618475145099,0.01795156090714107,0.8777777777777778,0.4777777777777778,0.3641,13.981787903661228,6.741588583574664,Wh,6.741588583574664,Wh
420,603ec8587a08cfcb484f5e19a0fd6bbe,Ensemble,"{""model_name"": ""BestN"", ""model_count"": 3, ""model_metric"": ""bestn_horizontal"", ""models"": {""860cd5b05944ecb82d3157f8432afabb"": {""Model"": ""WindowRegression"", ""ModelParameters"": ""{\""window_size\"": 10, \""input_dim\"": \""univariate\"", \""output_dim\"": \""1step\"", \""normalize_window\"": false, \""max_windows\"": 5000000, \""fourier_encoding_components\"": null, \""scale\"": true, \""datepart_method\"": null, \""regression_type\"": null, \""regression_model\"": {\""model\"": \""SVM\"", \""model_params\"": {\""C\"": 0.1, \""tol\"": 0.001, \""epsilon\"": 0.0, \""loss\"": \""squared_epsilon_insensitive\"", \""max_iter\"": 50}}}"", ""TransformationParameters"": ""{\""fillna\"": \""pchip\"", \""transformations\"": {\""0\"": \""Scaler\""}, \""transformation_params\"": {\""0\"": {}}}""}, ""e9ab0dee8ad32b476a4ab9bc6aed1fef"": {""Model"": ""RollingRegression"", ""ModelParameters"": ""{\""regression_model\"": {\""model\"": \""RANSAC\"", \""model_params\"": {}}, \""holiday\"": true, \""mean_rolling_periods\"": 12, \""macd_periods\"": 24, \""std_rolling_periods\"": 30, \""max_rolling_periods\"": 12, \""min_rolling_periods\"": null, \""ewm_var_alpha\"": null, \""quantile90_rolling_periods\"": null, \""quantile10_rolling_periods\"": null, \""ewm_alpha\"": 0.8, \""additional_lag_periods\"": 6, \""abs_energy\"": false, \""rolling_autocorr_periods\"": null, \""nonzero_last_n\"": null, \""add_date_part\"": null, \""polynomial_degree\"": null, \""x_transform\"": null, \""regression_type\"": null}"", ""TransformationParameters"": ""{\""fillna\"": \""ffill\"", \""transformations\"": {\""0\"": \""Scaler\"", \""1\"": \""Detrend\"", \""2\"": \""DatepartRegression\""}, \""transformation_params\"": {\""0\"": {}, \""1\"": {\""model\"": \""Linear\"", \""phi\"": 1, \""window\"": 30, \""transform_dict\"": null}, \""2\"": {\""regression_model\"": {\""model\"": \""ElasticNet\"", \""model_params\"": {\""l1_ratio\"": 0.5, \""fit_intercept\"": true, \""selection\"": \""cyclic\"", \""max_iter\"": 1000}}, \""datepart_method\"": \""common_fourier\"", \""polynomial_degree\"": null, \""transform_dict\"": null, \""holiday_countries_used\"": false, \""lags\"": null, \""forward_lags\"": null}}}""}, ""67630d1909fa60ae1f9595fc12ff2a69"": {""Model"": ""ARIMA"", ""ModelParameters"": ""{\""p\"": 4, \""d\"": 0, \""q\"": 1, \""regression_type\"": null}"", ""TransformationParameters"": ""{\""fillna\"": \""ffill\"", \""transformations\"": {\""0\"": \""Scaler\"", \""1\"": \""Detrend\"", \""2\"": \""DatepartRegression\""}, \""transformation_params\"": {\""0\"": {}, \""1\"": {\""model\"": \""Linear\"", \""phi\"": 1, \""window\"": 30, \""transform_dict\"": null}, \""2\"": {\""regression_model\"": {\""model\"": \""ElasticNet\"", \""model_params\"": {\""l1_ratio\"": 0.5, \""fit_intercept\"": true, \""selection\"": \""cyclic\"", \""max_iter\"": 1000}}, \""datepart_method\"": \""common_fourier\"", \""polynomial_degree\"": null, \""transform_dict\"": null, \""holiday_countries_used\"": false, \""lags\"": null, \""forward_lags\"": null}}}""}}, ""model_weights"": {""860cd5b05944ecb82d3157f8432afabb"": 4.0, ""e9ab0dee8ad32b476a4ab9bc6aed1fef"": 3.0, ""67630d1909fa60ae1f9595fc12ff2a69"": 2.0}, ""point_method"": ""mean""}",{},1,1,6.873222785715917,0.41067880886521535,0.5455508151835576,0.5521129757023003,0.41067880886521535,0.0,-14.34944371732514,0.3448087909867937,22.61164908054425,0.38147200184087654,0.3833728280501581,0.9888888888888889,0.5,1.8480889785098293,0.9666666666666667,1.233688099046885,0.28823777605778195,1.8000749617188914,0.37874086877211144,0.03298564152764391,8.26220536321911,8.744750985322723,21.765881344070156,0.01497046803250112,6.873222785715917,0.41067880886521535,0.5455508151835576,0.5521129757023003,0.41067880886521535,0.0,0.3448087909867937,0.38147200184087654,0.3833728280501581,1.8480889785098293,0.9666666666666667,1.233688099046885,0.28823777605778195,1.8000749617188914,0.37874086877211144,0.03298564152764391,8.26220536321911,8.744750985322723,21.765881344070156,0.01497046803250112,0.9888888888888889,0.5,5.2525,13.957714771533357,5.907373420259642,Wh,5.907373420259642,Wh
421,9b1eb7e308455d22b33e4f03179fba59,Ensemble,"{""model_name"": ""BestN"", ""model_count"": 3, ""model_metric"": ""bestn_horizontal"", ""models"": {""860cd5b05944ecb82d3157f8432afabb"": {""Model"": ""WindowRegression"", ""ModelParameters"": ""{\""window_size\"": 10, \""input_dim\"": \""univariate\"", \""output_dim\"": \""1step\"", \""normalize_window\"": false, \""max_windows\"": 5000000, \""fourier_encoding_components\"": null, \""scale\"": true, \""datepart_method\"": null, \""regression_type\"": null, \""regression_model\"": {\""model\"": \""SVM\"", \""model_params\"": {\""C\"": 0.1, \""tol\"": 0.001, \""epsilon\"": 0.0, \""loss\"": \""squared_epsilon_insensitive\"", \""max_iter\"": 50}}}"", ""TransformationParameters"": ""{\""fillna\"": \""pchip\"", \""transformations\"": {\""0\"": \""Scaler\""}, \""transformation_params\"": {\""0\"": {}}}""}, ""e9ab0dee8ad32b476a4ab9bc6aed1fef"": {""Model"": ""RollingRegression"", ""ModelParameters"": ""{\""regression_model\"": {\""model\"": \""RANSAC\"", \""model_params\"": {}}, \""holiday\"": true, \""mean_rolling_periods\"": 12, \""macd_periods\"": 24, \""std_rolling_periods\"": 30, \""max_rolling_periods\"": 12, \""min_rolling_periods\"": null, \""ewm_var_alpha\"": null, \""quantile90_rolling_periods\"": null, \""quantile10_rolling_periods\"": null, \""ewm_alpha\"": 0.8, \""additional_lag_periods\"": 6, \""abs_energy\"": false, \""rolling_autocorr_periods\"": null, \""nonzero_last_n\"": null, \""add_date_part\"": null, \""polynomial_degree\"": null, \""x_transform\"": null, \""regression_type\"": null}"", ""TransformationParameters"": ""{\""fillna\"": \""ffill\"", \""transformations\"": {\""0\"": \""Scaler\"", \""1\"": \""Detrend\"", \""2\"": \""DatepartRegression\""}, \""transformation_params\"": {\""0\"": {}, \""1\"": {\""model\"": \""Linear\"", \""phi\"": 1, \""window\"": 30, \""transform_dict\"": null}, \""2\"": {\""regression_model\"": {\""model\"": \""ElasticNet\"", \""model_params\"": {\""l1_ratio\"": 0.5, \""fit_intercept\"": true, \""selection\"": \""cyclic\"", \""max_iter\"": 1000}}, \""datepart_method\"": \""common_fourier\"", \""polynomial_degree\"": null, \""transform_dict\"": null, \""holiday_countries_used\"": false, \""lags\"": null, \""forward_lags\"": null}}}""}, ""67630d1909fa60ae1f9595fc12ff2a69"": {""Model"": ""ARIMA"", ""ModelParameters"": ""{\""p\"": 4, \""d\"": 0, \""q\"": 1, \""regression_type\"": null}"", ""TransformationParameters"": ""{\""fillna\"": \""ffill\"", \""transformations\"": {\""0\"": \""Scaler\"", \""1\"": \""Detrend\"", \""2\"": \""DatepartRegression\""}, \""transformation_params\"": {\""0\"": {}, \""1\"": {\""model\"": \""Linear\"", \""phi\"": 1, \""window\"": 30, \""transform_dict\"": null}, \""2\"": {\""regression_model\"": {\""model\"": \""ElasticNet\"", \""model_params\"": {\""l1_ratio\"": 0.5, \""fit_intercept\"": true, \""selection\"": \""cyclic\"", \""max_iter\"": 1000}}, \""datepart_method\"": \""common_fourier\"", \""polynomial_degree\"": null, \""transform_dict\"": null, \""holiday_countries_used\"": false, \""lags\"": null, \""forward_lags\"": null}}}""}}, ""model_weights"": {""860cd5b05944ecb82d3157f8432afabb"": 4.0, ""e9ab0dee8ad32b476a4ab9bc6aed1fef"": 3.0, ""67630d1909fa60ae1f9595fc12ff2a69"": 2.0}, ""point_method"": ""mean""}","{""fillna"": ""fake_date"", ""transformations"": {""0"": ""FIRFilter"", ""1"": ""AlignLastValue"", ""2"": ""AlignLastValue""}, ""transformation_params"": {""0"": {""numtaps"": 32, ""cutoff_hz"": 0.1, ""window"": ""triang"", ""sampling_frequency"": 12, ""on_transform"": false, ""on_inverse"": true, ""bounds_only"": true}, ""1"": {""rows"": 1, ""lag"": 1, ""method"": ""multiplicative"", ""strength"": 1.0, ""first_value_only"": false, ""threshold"": null, ""threshold_method"": ""mean""}, ""2"": {""rows"": 1, ""lag"": 1, ""method"": ""multiplicative"", ""strength"": 1.0, ""first_value_only"": true, ""threshold"": 10, ""threshold_method"": ""max""}}}",1,1,6.850453423076712,0.4090587545013332,0.545325816007586,0.5521129757023003,0.4090587545013332,0.0,-14.203638824575744,0.3431887366229115,22.61164908054425,0.37996371688740344,0.3842352858728873,0.9888888888888889,0.5,1.8480889785098293,0.9666666666666667,1.2335693428614116,0.28631929062686884,1.7984549073550091,0.3550077000991452,0.03772967018368252,8.408010255968506,8.895598560000304,21.76402300658086,0.015234655061257889,6.850453423076712,0.4090587545013332,0.545325816007586,0.5521129757023003,0.4090587545013332,0.0,0.3431887366229115,0.37996371688740344,0.3842352858728873,1.8480889785098293,0.9666666666666667,1.2335693428614116,0.28631929062686884,1.7984549073550091,0.3550077000991452,0.03772967018368252,8.408010255968506,8.895598560000304,21.76402300658086,0.015234655061257889,0.9888888888888889,0.5,5.4577,13.94291997676995,5.884069889904577,Wh,5.884069889904577,Wh
422,54f081e42d994894230ab6cce140c409,Ensemble,"{""model_name"": ""BestN"", ""model_count"": 3, ""model_metric"": ""bestn_horizontal"", ""models"": {""860cd5b05944ecb82d3157f8432afabb"": {""Model"": ""WindowRegression"", ""ModelParameters"": ""{\""window_size\"": 10, \""input_dim\"": \""univariate\"", \""output_dim\"": \""1step\"", \""normalize_window\"": false, \""max_windows\"": 5000000, \""fourier_encoding_components\"": null, \""scale\"": true, \""datepart_method\"": null, \""regression_type\"": null, \""regression_model\"": {\""model\"": \""SVM\"", \""model_params\"": {\""C\"": 0.1, \""tol\"": 0.001, \""epsilon\"": 0.0, \""loss\"": \""squared_epsilon_insensitive\"", \""max_iter\"": 50}}}"", ""TransformationParameters"": ""{\""fillna\"": \""pchip\"", \""transformations\"": {\""0\"": \""Scaler\""}, \""transformation_params\"": {\""0\"": {}}}""}, ""e9ab0dee8ad32b476a4ab9bc6aed1fef"": {""Model"": ""RollingRegression"", ""ModelParameters"": ""{\""regression_model\"": {\""model\"": \""RANSAC\"", \""model_params\"": {}}, \""holiday\"": true, \""mean_rolling_periods\"": 12, \""macd_periods\"": 24, \""std_rolling_periods\"": 30, \""max_rolling_periods\"": 12, \""min_rolling_periods\"": null, \""ewm_var_alpha\"": null, \""quantile90_rolling_periods\"": null, \""quantile10_rolling_periods\"": null, \""ewm_alpha\"": 0.8, \""additional_lag_periods\"": 6, \""abs_energy\"": false, \""rolling_autocorr_periods\"": null, \""nonzero_last_n\"": null, \""add_date_part\"": null, \""polynomial_degree\"": null, \""x_transform\"": null, \""regression_type\"": null}"", ""TransformationParameters"": ""{\""fillna\"": \""ffill\"", \""transformations\"": {\""0\"": \""Scaler\"", \""1\"": \""Detrend\"", \""2\"": \""DatepartRegression\""}, \""transformation_params\"": {\""0\"": {}, \""1\"": {\""model\"": \""Linear\"", \""phi\"": 1, \""window\"": 30, \""transform_dict\"": null}, \""2\"": {\""regression_model\"": {\""model\"": \""ElasticNet\"", \""model_params\"": {\""l1_ratio\"": 0.5, \""fit_intercept\"": true, \""selection\"": \""cyclic\"", \""max_iter\"": 1000}}, \""datepart_method\"": \""common_fourier\"", \""polynomial_degree\"": null, \""transform_dict\"": null, \""holiday_countries_used\"": false, \""lags\"": null, \""forward_lags\"": null}}}""}, ""67630d1909fa60ae1f9595fc12ff2a69"": {""Model"": ""ARIMA"", ""ModelParameters"": ""{\""p\"": 4, \""d\"": 0, \""q\"": 1, \""regression_type\"": null}"", ""TransformationParameters"": ""{\""fillna\"": \""ffill\"", \""transformations\"": {\""0\"": \""Scaler\"", \""1\"": \""Detrend\"", \""2\"": \""DatepartRegression\""}, \""transformation_params\"": {\""0\"": {}, \""1\"": {\""model\"": \""Linear\"", \""phi\"": 1, \""window\"": 30, \""transform_dict\"": null}, \""2\"": {\""regression_model\"": {\""model\"": \""ElasticNet\"", \""model_params\"": {\""l1_ratio\"": 0.5, \""fit_intercept\"": true, \""selection\"": \""cyclic\"", \""max_iter\"": 1000}}, \""datepart_method\"": \""common_fourier\"", \""polynomial_degree\"": null, \""transform_dict\"": null, \""holiday_countries_used\"": false, \""lags\"": null, \""forward_lags\"": null}}}""}}, ""model_weights"": {""860cd5b05944ecb82d3157f8432afabb"": 4.0, ""e9ab0dee8ad32b476a4ab9bc6aed1fef"": 3.0, ""67630d1909fa60ae1f9595fc12ff2a69"": 2.0}, ""point_method"": ""mean""}","{""fillna"": ""fake_date"", ""transformations"": {""0"": ""AlignLastValue"", ""1"": ""AlignLastValue""}, ""transformation_params"": {""0"": {""rows"": 1, ""lag"": 1, ""method"": ""multiplicative"", ""strength"": 1.0, ""first_value_only"": false, ""threshold"": null, ""threshold_method"": ""mean""}, ""1"": {""rows"": 1, ""lag"": 1, ""method"": ""multiplicative"", ""strength"": 1.0, ""first_value_only"": true, ""threshold"": 10, ""threshold_method"": ""max""}}}",1,1,6.850453423076712,0.4090587545013332,0.545325816007586,0.5521129757023003,0.4090587545013332,0.0,-14.203638824575744,0.3431887366229115,22.61164908054425,0.37996371688740344,0.38345875746168734,0.9888888888888889,0.5,1.8480889785098293,0.9666666666666667,1.2335693428614116,0.28631929062686884,1.7984549073550091,0.3550077000991452,0.03772967018368252,8.408010255968506,8.895598560000304,21.76402300658086,0.015234655061257889,6.850453423076712,0.4090587545013332,0.545325816007586,0.5521129757023003,0.4090587545013332,0.0,0.3431887366229115,0.37996371688740344,0.38345875746168734,1.8480889785098293,0.9666666666666667,1.2335693428614116,0.28631929062686884,1.7984549073550091,0.3550077000991452,0.03772967018368252,8.408010255968506,8.895598560000304,21.76402300658086,0.015234655061257889,0.9888888888888889,0.5,5.2624,13.933557383210669,5.884069889904577,Wh,5.884069889904577,Wh
423,c2633c9255a7b36c17050058efb830d7,Ensemble,"{""model_name"": ""BestN"", ""model_count"": 3, ""model_metric"": ""bestn_horizontal"", ""models"": {""860cd5b05944ecb82d3157f8432afabb"": {""Model"": ""WindowRegression"", ""ModelParameters"": ""{\""window_size\"": 10, \""input_dim\"": \""univariate\"", \""output_dim\"": \""1step\"", \""normalize_window\"": false, \""max_windows\"": 5000000, \""fourier_encoding_components\"": null, \""scale\"": true, \""datepart_method\"": null, \""regression_type\"": null, \""regression_model\"": {\""model\"": \""SVM\"", \""model_params\"": {\""C\"": 0.1, \""tol\"": 0.001, \""epsilon\"": 0.0, \""loss\"": \""squared_epsilon_insensitive\"", \""max_iter\"": 50}}}"", ""TransformationParameters"": ""{\""fillna\"": \""pchip\"", \""transformations\"": {\""0\"": \""Scaler\""}, \""transformation_params\"": {\""0\"": {}}}""}, ""e9ab0dee8ad32b476a4ab9bc6aed1fef"": {""Model"": ""RollingRegression"", ""ModelParameters"": ""{\""regression_model\"": {\""model\"": \""RANSAC\"", \""model_params\"": {}}, \""holiday\"": true, \""mean_rolling_periods\"": 12, \""macd_periods\"": 24, \""std_rolling_periods\"": 30, \""max_rolling_periods\"": 12, \""min_rolling_periods\"": null, \""ewm_var_alpha\"": null, \""quantile90_rolling_periods\"": null, \""quantile10_rolling_periods\"": null, \""ewm_alpha\"": 0.8, \""additional_lag_periods\"": 6, \""abs_energy\"": false, \""rolling_autocorr_periods\"": null, \""nonzero_last_n\"": null, \""add_date_part\"": null, \""polynomial_degree\"": null, \""x_transform\"": null, \""regression_type\"": null}"", ""TransformationParameters"": ""{\""fillna\"": \""ffill\"", \""transformations\"": {\""0\"": \""Scaler\"", \""1\"": \""Detrend\"", \""2\"": \""DatepartRegression\""}, \""transformation_params\"": {\""0\"": {}, \""1\"": {\""model\"": \""Linear\"", \""phi\"": 1, \""window\"": 30, \""transform_dict\"": null}, \""2\"": {\""regression_model\"": {\""model\"": \""ElasticNet\"", \""model_params\"": {\""l1_ratio\"": 0.5, \""fit_intercept\"": true, \""selection\"": \""cyclic\"", \""max_iter\"": 1000}}, \""datepart_method\"": \""common_fourier\"", \""polynomial_degree\"": null, \""transform_dict\"": null, \""holiday_countries_used\"": false, \""lags\"": null, \""forward_lags\"": null}}}""}, ""67630d1909fa60ae1f9595fc12ff2a69"": {""Model"": ""ARIMA"", ""ModelParameters"": ""{\""p\"": 4, \""d\"": 0, \""q\"": 1, \""regression_type\"": null}"", ""TransformationParameters"": ""{\""fillna\"": \""ffill\"", \""transformations\"": {\""0\"": \""Scaler\"", \""1\"": \""Detrend\"", \""2\"": \""DatepartRegression\""}, \""transformation_params\"": {\""0\"": {}, \""1\"": {\""model\"": \""Linear\"", \""phi\"": 1, \""window\"": 30, \""transform_dict\"": null}, \""2\"": {\""regression_model\"": {\""model\"": \""ElasticNet\"", \""model_params\"": {\""l1_ratio\"": 0.5, \""fit_intercept\"": true, \""selection\"": \""cyclic\"", \""max_iter\"": 1000}}, \""datepart_method\"": \""common_fourier\"", \""polynomial_degree\"": null, \""transform_dict\"": null, \""holiday_countries_used\"": false, \""lags\"": null, \""forward_lags\"": null}}}""}}, ""model_weights"": {""860cd5b05944ecb82d3157f8432afabb"": 4.0, ""e9ab0dee8ad32b476a4ab9bc6aed1fef"": 3.0, ""67630d1909fa60ae1f9595fc12ff2a69"": 2.0}, ""point_method"": ""mean""}","{""fillna"": ""zero"", ""transformations"": {""0"": ""AnomalyRemoval"", ""1"": ""EWMAFilter"", ""2"": ""AlignLastValue""}, ""transformation_params"": {""0"": {""method"": ""med_diff"", ""method_params"": {""distribution"": ""norm"", ""alpha"": 0.05}, ""fillna"": ""rolling_mean_24"", ""transform_dict"": {""fillna"": null, ""transformations"": {""0"": ""EWMAFilter""}, ""transformation_params"": {""0"": {""span"": 7}}}, ""isolated_only"": false, ""on_inverse"": false}, ""1"": {""span"": 7}, ""2"": {""rows"": 1, ""lag"": 1, ""method"": ""multiplicative"", ""strength"": 1.0, ""first_value_only"": false, ""threshold"": 1, ""threshold_method"": ""max""}}}",1,1,6.848625763679788,0.408671264085194,0.5389424491136282,0.5528455003942118,0.408671264085194,0.0,-16.586184632331623,0.3498396893888801,20.194229135335846,0.37360087129109326,0.3796920719921853,0.9888888888888889,0.5,1.7953793680525196,0.9666666666666667,1.2325514947946679,0.2930538055932664,1.830293056719037,0.39283756344558973,0.03206636827123004,3.6080445030042236,5.902859001627928,21.715062128178733,0.006537493625191278,6.848625763679788,0.408671264085194,0.5389424491136282,0.5528455003942118,0.408671264085194,0.0,0.3498396893888801,0.37360087129109326,0.3796920719921853,1.7953793680525196,0.9666666666666667,1.2325514947946679,0.2930538055932664,1.830293056719037,0.39283756344558973,0.03206636827123004,3.6080445030042236,5.902859001627928,21.715062128178733,0.006537493625191278,0.9888888888888889,0.5,5.407,13.846960631747907,5.878496067892111,Wh,5.878496067892111,Wh
424,b56ba147e1633d9995afee23f1bd58c7,WindowRegression,"{""window_size"": 20, ""input_dim"": ""univariate"", ""output_dim"": ""1step"", ""normalize_window"": false, ""max_windows"": 5000000, ""fourier_encoding_components"": null, ""scale"": false, ""datepart_method"": null, ""regression_type"": null, ""regression_model"": {""model"": ""xgboost"", ""model_params"": {""booster"": ""gbtree"", ""objective"": ""reg:squarederror"", ""max_depth"": 6, ""eta"": 0.003, ""min_child_weight"": 0.5, ""subsample"": 1, ""colsample_bylevel"": 0.9, ""reg_alpha"": 0, ""reg_lambda"": 1, ""n_estimators"": 7, ""multi_strategy"": ""multi_output_tree"", ""tree_method"": ""hist""}}}","{""fillna"": ""ffill"", ""transformations"": {""0"": ""Scaler"", ""1"": ""Detrend"", ""2"": ""MinMaxScaler""}, ""transformation_params"": {""0"": {}, ""1"": {""model"": ""Linear"", ""phi"": 1, ""window"": 30, ""transform_dict"": null}, ""2"": {}}}",0,1,7.72903401055051,0.46505941634027326,0.5862620471100335,0.5494905309468264,0.46505941634027326,0.0,-15.481154970549198,0.3895109789856602,26.3741925000754,0.43137952478099,0.27620915959085257,0.9777777777777777,0.5333333333333333,2.038161582176456,0.9666666666666667,1.259124872104167,0.34628008784439074,1.9745158925773445,0.5727134470870211,0.007892657616667489,10.8930375295262,12.175352191673106,22.558206129183123,0.019737329555927465,7.72903401055051,0.46505941634027326,0.5862620471100335,0.5494905309468264,0.46505941634027326,0.0,0.3895109789856602,0.43137952478099,0.27620915959085257,2.038161582176456,0.9666666666666667,1.259124872104167,0.34628008784439074,1.9745158925773445,0.5727134470870211,0.007892657616667489,10.8930375295262,12.175352191673106,22.558206129183123,0.019737329555927465,0.9777777777777777,0.5333333333333333,0.1903,13.746872312323374,6.6896065139597924,Wh,6.6896065139597924,Wh
425,4b49ac63c4822ecf6b200bee2658fb82,WindowRegression,"{""window_size"": 10, ""input_dim"": ""univariate"", ""output_dim"": ""1step"", ""normalize_window"": false, ""max_windows"": 5000000, ""fourier_encoding_components"": null, ""scale"": true, ""datepart_method"": null, ""regression_type"": null, ""regression_model"": {""model"": ""SVM"", ""model_params"": {""C"": 0.1, ""tol"": 0.001, ""epsilon"": 0.0, ""loss"": ""squared_epsilon_insensitive"", ""max_iter"": 50}}}","{""fillna"": ""ffill_mean_biased"", ""transformations"": {""0"": ""Scaler"", ""1"": ""Detrend"", ""2"": ""Scaler""}, ""transformation_params"": {""0"": {}, ""1"": {""model"": ""Linear"", ""phi"": 1, ""window"": 30, ""transform_dict"": null}, ""2"": {}}}",0,1,7.700960247988807,0.46284498401048785,0.5869948615606924,0.5647008066945266,0.46284498401048785,0.0,-16.781940434969812,0.39211867701546005,24.874108125974097,0.42374852544453134,0.2781960323430232,0.9555555555555556,0.5,1.9789086719445041,0.9666666666666667,1.2601112673392978,0.34585779467308914,1.988350664230763,0.5025524240171858,0.04542549883671847,8.092167691004281,10.315538848155668,19.99097007080121,0.014662373108167117,7.700960247988807,0.46284498401048785,0.5869948615606924,0.5647008066945266,0.46284498401048785,0.0,0.39211867701546005,0.42374852544453134,0.2781960323430232,1.9789086719445041,0.9666666666666667,1.2601112673392978,0.34585779467308914,1.988350664230763,0.5025524240171858,0.04542549883671847,8.092167691004281,10.315538848155668,19.99097007080121,0.014662373108167117,0.9555555555555556,0.5,0.2946,13.734580608768113,6.657753205720965,Wh,6.657753205720965,Wh
426,7d046fbef1e1594270dc26a3315f53d9,WindowRegression,"{""window_size"": 10, ""input_dim"": ""univariate"", ""output_dim"": ""1step"", ""normalize_window"": false, ""max_windows"": 5000000, ""fourier_encoding_components"": null, ""scale"": true, ""datepart_method"": null, ""regression_type"": null, ""regression_model"": {""model"": ""SVM"", ""model_params"": {""C"": 0.1, ""tol"": 0.001, ""epsilon"": 0.0, ""loss"": ""squared_epsilon_insensitive"", ""max_iter"": 50}}}","{""fillna"": ""ffill"", ""transformations"": {""0"": ""Scaler"", ""1"": ""Detrend""}, ""transformation_params"": {""0"": {}, ""1"": {""model"": ""Linear"", ""phi"": 1, ""window"": 30, ""transform_dict"": null}}}",0,1,7.700960247988807,0.46284498401048785,0.5869948615606924,0.5647008066945266,0.46284498401048785,0.0,-16.781940434969812,0.39211867701546005,24.874108125974097,0.42374852544453134,0.2781960323430232,0.9555555555555556,0.5,1.9789086719445041,0.9666666666666667,1.2601112673392978,0.34585779467308914,1.988350664230763,0.5025524240171858,0.04542549883671847,8.092167691004281,10.315538848155668,19.99097007080121,0.014662373108167117,7.700960247988807,0.46284498401048785,0.5869948615606924,0.5647008066945266,0.46284498401048785,0.0,0.39211867701546005,0.42374852544453134,0.2781960323430232,1.9789086719445041,0.9666666666666667,1.2601112673392978,0.34585779467308914,1.988350664230763,0.5025524240171858,0.04542549883671847,8.092167691004281,10.315538848155668,19.99097007080121,0.014662373108167117,0.9555555555555556,0.5,0.2639,13.734575127805709,6.657753205720965,Wh,6.657753205720965,Wh
427,dd0dc67cfabc0157eda0138f60d7b8b5,WindowRegression,"{""window_size"": 10, ""input_dim"": ""univariate"", ""output_dim"": ""1step"", ""normalize_window"": false, ""max_windows"": 5000000, ""fourier_encoding_components"": null, ""scale"": true, ""datepart_method"": null, ""regression_type"": null, ""regression_model"": {""model"": ""Ridge"", ""model_params"": {""alpha"": 1e-05}}}","{""fillna"": ""akima"", ""transformations"": {""0"": ""Scaler"", ""1"": ""Detrend"", ""2"": ""DatepartRegression""}, ""transformation_params"": {""0"": {}, ""1"": {""model"": ""Linear"", ""phi"": 1, ""window"": 30, ""transform_dict"": null}, ""2"": {""regression_model"": {""model"": ""ElasticNet"", ""model_params"": {""l1_ratio"": 0.5, ""fit_intercept"": true, ""selection"": ""cyclic"", ""max_iter"": 1000}}, ""datepart_method"": ""common_fourier"", ""polynomial_degree"": null, ""transform_dict"": null, ""holiday_countries_used"": false, ""lags"": null, ""forward_lags"": null}}}",0,1,7.682478642119045,0.4614724609064003,0.5860114085103416,0.5654559052989344,0.4614724609064003,0.0,-17.13647894737734,0.39218021484509286,24.396042534198692,0.42118156545633606,0.2784273055412397,0.9444444444444444,0.5,1.9650138379151034,0.9666666666666667,1.2596743972809066,0.34509490792874653,1.9937880327857949,0.501229825342467,0.04846670771065045,7.259563586821352,9.819550736961709,19.80912394278746,0.013153759780678561,7.682478642119045,0.4614724609064003,0.5860114085103416,0.5654559052989344,0.4614724609064003,0.0,0.39218021484509286,0.42118156545633606,0.2784273055412397,1.9650138379151034,0.9666666666666667,1.2596743972809066,0.34509490792874653,1.9937880327857949,0.501229825342467,0.04846670771065045,7.259563586821352,9.819550736961709,19.80912394278746,0.013153759780678561,0.9444444444444444,0.5,2.4954,13.711134856555379,6.638010267130627,Wh,6.638010267130627,Wh
428,32e863a817a5b1eea76f5fade53f5641,WindowRegression,"{""window_size"": 10, ""input_dim"": ""univariate"", ""output_dim"": ""1step"", ""normalize_window"": false, ""max_windows"": 5000000, ""fourier_encoding_components"": null, ""scale"": true, ""datepart_method"": null, ""regression_type"": null, ""regression_model"": {""model"": ""Ridge"", ""model_params"": {""alpha"": 1e-05}}}","{""fillna"": ""cubic"", ""transformations"": {""0"": ""MinMaxScaler"", ""1"": ""Detrend"", ""2"": ""DatepartRegression""}, ""transformation_params"": {""0"": {}, ""1"": {""model"": ""Linear"", ""phi"": 1, ""window"": 30, ""transform_dict"": null}, ""2"": {""regression_model"": {""model"": ""ElasticNet"", ""model_params"": {""l1_ratio"": 0.5, ""fit_intercept"": true, ""selection"": ""cyclic"", ""max_iter"": 1000}}, ""datepart_method"": ""common_fourier"", ""polynomial_degree"": null, ""transform_dict"": null, ""holiday_countries_used"": false, ""lags"": null, ""forward_lags"": null}}}",0,1,7.68247865919717,0.4614724620661671,0.5860114077351631,0.5654559043627992,0.4614724620661671,0.0,-17.136479095251403,0.39218021622556815,24.396042490703636,0.42118156660102923,0.2784273052052313,0.9444444444444444,0.5,1.965013857183858,0.9666666666666667,1.2596743971095716,0.3450949095451204,1.9937880371522747,0.5012298765134406,0.04846669732729238,7.259563395452228,9.81955064980843,19.80912437050004,0.013153759433932719,7.68247865919717,0.4614724620661671,0.5860114077351631,0.5654559043627992,0.4614724620661671,0.0,0.39218021622556815,0.42118156660102923,0.2784273052052313,1.965013857183858,0.9666666666666667,1.2596743971095716,0.3450949095451204,1.9937880371522747,0.5012298765134406,0.04846669732729238,7.259563395452228,9.81955064980843,19.80912437050004,0.013153759433932719,0.9444444444444444,0.5,0.2657,13.71073679267907,6.638010283813192,Wh,6.638010283813192,Wh
